test/esri_led_60/data_tma.esri
nrows             510
ncols             462
xllcorner      398000.00
yllcorner     7846000.00
cellsize          500.00
NODATA_value    -9999
[rows 297 to 329 of 510, columns 375 to 449 of 462]
15.86 17.13 18.41 19.52 20.56 21.55 22.49 23.38 24.32 25.29 26.29 27.21 28.01 28.74 29.39 29.95 30.47 30.87 31.07 31.14 31.12 31.10 31.05 30.81 30.36 29.76 28.98 28.14 27.22 26.18 25.01 23.85 22.84 21.98 21.16 20.52 20.04 19.65 19.38 19.22 19.06 18.95 18.90 18.81 18.78 18.82 18.94 19.16 19.41 19.52 19.50 19.42 19.28 19.07 18.80 18.50 18.11 17.56 16.84 15.95 14.91 13.71 12.29 10.69 8.98 7.05 5.07 2.97 0.74 -1.52 -3.85 -6.31 -8.82 -11.39 -13.90
17.86 19.20 20.46 21.72 22.90 24.00 25.09 26.16 27.19 28.20 29.20 30.14 30.97 31.70 32.30 32.82 33.30 33.63 33.78 33.73 33.61 33.52 33.35 33.00 32.44 31.74 30.90 29.95 28.87 27.68 26.41 25.20 24.21 23.28 22.38 21.65 21.06 20.63 20.39 20.19 20.03 19.88 19.69 19.57 19.48 19.49 19.64 19.77 19.89 19.99 19.90 19.75 19.49 19.17 18.83 18.44 17.93 17.26 16.49 15.57 14.48 13.23 11.84 10.23 8.39 6.45 4.44 2.30 0.08 -2.17 -4.50 -6.91 -9.42 -11.91 -14.39
20.16 21.59 23.01 24.38 25.62 26.82 28.05 29.22 30.33 31.41 32.38 33.21 33.97 34.67 35.28 35.77 36.14 36.38 36.46 36.38 36.23 36.05 35.79 35.34 34.70 33.86 32.86 31.77 30.60 29.33 28.04 26.82 25.73 24.66 23.67 22.87 22.27 21.78 21.42 21.26 21.14 20.92 20.73 20.53 20.35 20.33 20.38 20.46 20.55 20.49 20.30 20.05 19.70 19.33 18.89 18.43 17.86 17.14 16.28 15.34 14.26 13.00 11.50 9.83 8.07 6.15 4.06 1.84 -0.38 -2.58 -4.91 -7.34 -9.81 -12.25 -14.74
22.61 24.22 25.79 27.16 28.47 29.83 31.12 32.36 33.61 34.69 35.56 36.28 36.97 37.67 38.29 38.75 39.09 39.22 39.14 39.08 38.93 38.67 38.25 37.68 36.95 36.02 34.91 33.70 32.40 31.05 29.78 28.71 27.55 26.24 25.11 24.22 23.50 22.95 22.63 22.45 22.27 22.00 21.73 21.49 21.35 21.22 21.16 21.15 21.13 20.95 20.71 20.41 20.02 19.56 19.06 18.48 17.82 17.06 16.22 15.24 14.12 12.85 11.36 9.69 7.95 6.03 3.91 1.72 -0.52 -2.78 -5.12 -7.55 -10.03 -12.52 -14.88
25.18 26.92 28.53 30.00 31.53 33.08 34.48 35.70 36.85 37.89 38.71 39.43 40.07 40.70 41.21 41.56 41.83 41.93 41.94 41.82 41.60 41.30 40.81 40.14 39.24 38.21 37.01 35.61 34.13 32.74 31.40 30.26 29.06 27.79 26.67 25.69 24.90 24.35 23.95 23.72 23.49 23.20 22.91 22.64 22.40 22.20 22.04 21.88 21.64 21.47 21.23 20.86 20.39 19.82 19.14 18.45 17.71 16.88 16.01 15.07 13.98 12.72 11.28 9.65 7.88 5.95 3.92 1.75 -0.53 -2.77 -5.09 -7.53 -9.92 -12.35 -14.77
27.99 29.86 31.49 33.17 34.92 36.52 37.97 39.12 40.15 41.08 41.83 42.58 43.18 43.60 43.86 44.11 44.33 44.46 44.52 44.36 44.10 43.73 43.26 42.54 41.51 40.33 38.96 37.40 35.84 34.38 32.96 31.64 30.36 29.19 28.16 27.20 26.43 25.88 25.49 25.19 24.90 24.58 24.24 23.92 23.62 23.33 23.06 22.84 22.64 22.37 21.89 21.30 20.64 19.97 19.23 18.45 17.62 16.80 15.94 15.05 13.99 12.74 11.36 9.77 7.97 6.02 4.04 1.86 -0.32 -2.61 -4.97 -7.29 -9.60 -12.14 -14.51
30.75 32.81 34.85 36.78 38.40 39.96 41.37 42.58 43.39 44.13 44.78 45.33 45.68 45.93 46.19 46.51 46.78 46.95 46.93 46.74 46.42 46.00 45.46 44.66 43.59 42.33 40.88 39.27 37.61 36.06 34.60 33.21 31.92 30.80 29.83 28.95 28.26 27.72 27.27 26.90 26.55 26.18 25.75 25.34 24.93 24.53 24.16 23.86 23.54 23.08 22.55 21.98 21.24 20.37 19.47 18.56 17.67 16.82 16.02 15.17 14.15 12.98 11.65 9.99 8.11 6.20 4.21 2.06 -0.11 -2.46 -4.80 -7.15 -9.51 -11.83 -14.29
33.55 35.82 38.01 40.02 41.69 43.16 44.32 45.33 46.32 46.98 47.40 47.66 47.87 48.19 48.57 48.83 49.01 49.10 49.02 48.79 48.46 48.02 47.41 46.58 45.44 44.14 42.70 41.11 39.49 37.89 36.35 34.94 33.70 32.63 31.67 30.88 30.24 29.68 29.14 28.68 28.24 27.78 27.30 26.85 26.33 25.83 25.40 24.97 24.53 23.99 23.38 22.71 21.87 20.97 19.98 18.97 18.01 17.20 16.44 15.57 14.54 13.35 11.98 10.23 8.37 6.49 4.47 2.32 0.13 -2.13 -4.49 -6.94 -9.38 -11.87 -14.19
36.44 38.83 41.07 43.05 44.81 46.29 47.44 48.45 49.21 49.61 49.92 50.22 50.50 50.78 50.93 50.98 51.01 50.97 50.81 50.48 50.07 49.55 48.89 48.06 46.96 45.74 44.37 42.87 41.33 39.69 38.13 36.73 35.48 34.43 33.58 32.85 32.25 31.60 30.98 30.40 29.85 29.36 28.90 28.41 27.82 27.24 26.73 26.10 25.54 25.03 24.31 23.45 22.49 21.49 20.53 19.54 18.60 17.78 17.00 16.18 15.13 13.82 12.36 10.67 8.88 6.96 4.86 2.69 0.51 -1.69 -4.02 -6.46 -8.87 -11.27 -13.59
39.32 41.92 44.27 46.36 48.20 49.61 50.69 51.56 52.05 52.36 52.74 53.05 53.21 53.22 53.19 53.09 52.88 52.63 52.29 51.78 51.27 50.69 50.03 49.23 48.27 47.15 45.81 44.37 42.92 41.43 39.94 38.59 37.36 36.33 35.59 34.90 34.27 33.59 32.88 32.16 31.49 30.95 30.44 29.86 29.27 28.66 28.02 27.33 26.64 25.91 25.12 24.25 23.26 22.24 21.30 20.42 19.54 18.67 17.77 16.93 15.91 14.52 12.99 11.33 9.61 7.61 5.51 3.32 1.20 -1.02 -3.40 -5.79 -8.20 -10.63 -12.91
42.34 45.13 47.58 49.82 51.68 52.99 53.96 54.61 55.08 55.62 55.89 56.00 55.94 55.78 55.49 55.09 54.63 54.10 53.48 52.84 52.20 51.54 50.93 50.27 49.47 48.42 47.16 45.82 44.44 43.04 41.77 40.59 39.47 38.53 37.73 36.96 36.23 35.44 34.64 33.87 33.15 32.52 31.93 31.30 30.64 30.01 29.29 28.52 27.73 26.95 26.11 25.24 24.32 23.39 22.52 21.64 20.84 19.98 19.01 18.01 16.89 15.51 14.03 12.29 10.47 8.49 6.46 4.23 1.90 -0.38 -2.67 -4.94 -7.33 -9.72 -12.06
45.24 48.19 50.71 52.93 54.89 56.35 57.38 58.16 58.75 59.06 59.12 59.01 58.72 58.32 57.70 56.98 56.21 55.32 54.44 53.65 52.93 52.32 51.80 51.24 50.50 49.58 48.46 47.25 45.98 44.83 43.74 42.67 41.66 40.70 39.82 38.96 38.07 37.18 36.37 35.61 34.84 34.10 33.40 32.71 32.01 31.40 30.66 29.88 29.17 28.30 27.39 26.52 25.64 24.77 23.88 23.06 22.24 21.44 20.56 19.41 18.10 16.68 15.16 13.45 11.59 9.61 7.56 5.38 3.17 0.82 -1.51 -3.86 -6.22 -8.61 -10.98
47.76 50.91 53.70 56.14 58.25 59.91 61.12 61.97 62.47 62.61 62.43 62.04 61.47 60.69 59.67 58.61 57.50 56.33 55.29 54.39 53.62 53.04 52.51 51.90 51.23 50.50 49.64 48.70 47.70 46.71 45.74 44.76 43.78 42.92 42.00 41.02 40.02 39.00 38.12 37.29 36.45 35.64 34.84 34.07 33.52 32.79 32.06 31.27 30.49 29.70 28.78 27.95 27.16 26.34 25.43 24.60 23.76 22.89 21.90 20.73 19.44 18.03 16.51 14.88 13.05 11.09 8.95 6.69 4.36 2.04 -0.25 -2.62 -5.00 -7.41 -9.86
50.56 54.13 57.34 60.02 62.23 63.93 65.11 65.84 66.17 66.13 65.73 65.04 64.13 62.95 61.54 60.08 58.66 57.28 56.09 55.11 54.29 53.64 53.07 52.49 51.93 51.37 50.76 50.12 49.38 48.59 47.75 46.85 45.97 45.15 44.14 43.10 42.08 41.01 40.06 39.06 38.07 37.15 36.24 35.41 34.70 34.05 33.35 32.58 31.80 30.99 30.19 29.36 28.58 27.78 26.96 26.09 25.18 24.18 23.16 22.08 20.89 19.64 18.28 16.72 14.92 12.88 10.61 8.26 5.93 3.62 1.15 -1.24 -3.63 -6.03 -8.44
53.82 57.72 61.16 64.10 66.40 68.00 69.11 69.83 70.04 69.76 69.12 68.15 66.83 65.26 63.44 61.66 59.89 58.31 56.96 55.82 54.87 54.09 53.51 53.07 52.74 52.37 52.03 51.61 51.05 50.33 49.60 48.75 47.94 47.00 46.02 45.02 43.97 42.90 41.90 40.79 39.69 38.62 37.63 36.75 35.97 35.30 34.58 33.83 33.05 32.23 31.45 30.69 29.88 29.08 28.30 27.39 26.38 25.38 24.36 23.37 22.46 21.44 20.21 18.72 16.86 14.79 12.49 10.08 7.64 5.09 2.70 0.32 -2.13 -4.62 -7.06
57.20 61.30 64.99 68.13 70.52 72.17 73.33 73.99 73.98 73.48 72.56 71.27 69.57 67.64 65.53 63.31 61.21 59.37 57.77 56.47 55.40 54.61 54.14 53.90 53.74 53.61 53.42 53.09 52.59 51.97 51.26 50.53 49.68 48.69 47.75 46.80 45.76 44.68 43.54 42.34 41.13 39.98 38.95 38.06 37.27 36.51 35.78 35.07 34.24 33.41 32.66 31.89 31.08 30.31 29.46 28.48 27.49 26.55 25.66 24.83 24.11 23.31 22.22 20.77 18.92 16.91 14.51 12.03 9.61 6.99 4.52 2.02 -0.56 -3.09 -5.54
60.44 64.74 68.60 71.89 74.62 76.45 77.58 78.06 77.83 77.00 75.70 74.03 71.90 69.52 67.11 64.69 62.40 60.31 58.57 57.12 56.04 55.38 55.09 55.03 55.08 55.00 54.84 54.63 54.30 53.78 53.09 52.33 51.46 50.50 49.53 48.54 47.50 46.40 45.19 43.88 42.52 41.28 40.20 39.33 38.50 37.76 37.06 36.26 35.41 34.66 33.82 32.94 32.18 31.42 30.52 29.69 28.74 27.83 27.06 26.44 25.88 25.25 24.28 22.96 21.12 18.93 16.60 14.04 11.57 8.90 6.28 3.61 1.00 -1.55 -4.07
63.59 68.12 72.17 75.55 78.26 80.29 81.49 81.88 81.44 80.29 78.67 76.61 74.20 71.49 68.69 65.97 63.44 61.18 59.24 57.74 56.80 56.33 56.22 56.24 56.24 56.24 56.22 56.14 55.86 55.39 54.81 54.08 53.22 52.26 51.27 50.26 49.19 48.03 46.77 45.40 43.93 42.64 41.49 40.56 39.80 39.19 38.32 37.44 36.66 35.87 35.11 34.32 33.59 32.79 31.87 31.15 30.25 29.40 28.70 28.16 27.72 27.15 26.28 25.03 23.29 21.07 18.54 15.85 13.27 10.62 7.83 5.14 2.53 0.01 -2.52
66.78 71.40 75.54 79.04 81.79 83.80 85.01 85.28 84.67 83.39 81.53 79.13 76.37 73.43 70.36 67.36 64.61 62.24 60.22 58.76 57.95 57.57 57.43 57.35 57.38 57.52 57.61 57.58 57.41 57.09 56.56 55.87 54.98 54.04 53.10 52.09 50.88 49.59 48.26 46.78 45.45 44.17 42.94 41.98 41.09 40.20 39.47 38.78 38.08 37.31 36.64 36.01 35.34 34.66 33.78 32.93 32.13 31.33 30.64 30.09 29.66 29.11 28.22 26.84 25.03 22.73 20.07 17.41 14.74 12.07 9.31 6.60 4.00 1.43 -1.17
69.72 74.30 78.41 81.96 84.86 86.87 87.94 88.08 87.48 86.18 83.98 81.23 78.11 74.88 71.62 68.62 65.80 63.44 61.53 60.26 59.54 59.08 58.85 58.81 58.93 59.11 59.21 59.18 59.01 58.63 58.21 57.55 56.67 55.80 54.88 53.79 52.49 51.13 49.77 48.30 47.00 45.72 44.43 43.36 42.38 41.54 40.84 40.18 39.51 38.89 38.34 37.84 37.39 36.86 36.14 35.40 34.65 33.88 33.11 32.47 31.84 31.11 30.02 28.49 26.63 24.39 21.70 18.92 16.14 13.44 10.66 7.96 5.37 2.81 0.16
72.17 76.60 80.64 84.15 87.11 89.13 90.13 90.21 89.51 87.98 85.68 82.72 79.35 75.91 72.66 69.63 66.97 64.80 63.18 62.09 61.29 60.76 60.51 60.54 60.68 60.83 60.92 60.89 60.70 60.37 59.82 59.13 58.35 57.53 56.56 55.38 54.05 52.64 51.22 49.81 48.47 47.14 45.86 44.73 43.75 43.02 42.33 41.66 41.05 40.59 40.24 40.04 39.80 39.51 38.94 38.32 37.67 36.86 35.96 35.06 34.12 33.16 31.86 30.21 28.29 26.02 23.36 20.59 17.77 14.97 12.12 9.42 6.74 4.16 1.44
73.79 78.23 82.26 85.74 88.66 90.51 91.46 91.52 90.65 89.14 86.57 83.48 80.13 76.83 73.64 70.66 68.32 66.41 64.99 63.92 63.07 62.54 62.27 62.22 62.32 62.50 62.63 62.60 62.36 61.94 61.36 60.72 59.98 59.12 58.06 56.89 55.58 54.15 52.66 51.20 49.85 48.57 47.44 46.46 45.56 44.76 43.94 43.26 42.74 42.47 42.40 42.43 42.43 42.34 41.96 41.41 40.74 39.77 38.63 37.67 36.68 35.38 33.81 32.13 30.08 27.81 25.24 22.49 19.61 16.61 13.69 10.99 8.28 5.56 2.78
74.35 78.88 82.86 86.33 89.14 90.88 91.73 91.62 90.62 88.82 86.26 83.31 80.17 77.16 74.36 71.77 69.53 67.73 66.45 65.48 64.72 64.29 64.13 64.11 64.20 64.34 64.39 64.26 63.89 63.45 62.94 62.29 61.51 60.60 59.49 58.31 57.02 55.71 54.26 52.79 51.43 50.19 49.29 48.50 47.61 46.74 45.73 45.01 44.51 44.39 44.42 44.69 44.86 44.89 44.66 44.17 43.38 42.37 41.27 40.17 38.88 37.53 36.00 34.31 32.35 30.07 27.50 24.76 21.77 18.67 15.67 12.81 9.95 7.04 4.10
73.87 78.27 82.25 85.74 88.45 90.06 90.78 90.61 89.56 87.71 85.16 82.35 79.50 76.71 74.16 71.91 69.93 68.35 67.28 66.60 66.20 66.05 66.08 66.19 66.24 66.23 66.14 65.89 65.51 65.09 64.50 63.72 62.81 61.88 60.84 59.76 58.51 57.23 55.78 54.38 53.14 52.03 51.25 50.56 49.78 48.88 47.90 47.10 46.62 46.52 46.69 46.98 47.17 47.25 47.03 46.50 45.64 44.55 43.33 42.13 40.93 39.59 38.26 36.77 34.93 32.70 30.16 27.21 23.98 20.74 17.60 14.56 11.53 8.57 5.59
72.60 76.84 80.74 84.12 86.63 88.10 88.64 88.30 87.18 85.50 83.17 80.64 78.10 75.72 73.57 71.51 69.84 68.67 67.90 67.53 67.49 67.68 67.91 68.06 68.12 68.01 67.80 67.46 67.14 66.54 65.58 64.80 63.88 62.99 62.05 61.04 59.88 58.70 57.42 56.24 55.19 54.24 53.51 52.78 51.95 50.98 49.99 49.29 48.92 48.86 48.99 49.26 49.47 49.44 49.14 48.54 47.49 46.18 44.86 43.63 42.40 41.24 40.21 39.04 37.48 35.40 32.57 29.37 25.93 22.47 19.13 16.08 12.98 10.10 7.14
70.55 74.69 78.45 81.56 83.79 85.13 85.44 85.00 83.91 82.37 80.44 78.21 76.06 74.10 72.23 70.84 69.81 69.25 68.99 68.89 69.03 69.27 69.53 69.65 69.58 69.57 69.38 68.96 68.49 67.78 66.91 65.91 64.90 63.98 63.02 62.07 61.13 60.17 59.22 58.27 57.34 56.52 55.76 54.90 53.91 52.92 52.11 51.49 51.15 51.08 51.26 51.46 51.49 51.40 50.94 50.02 48.78 47.32 45.82 44.40 43.26 42.34 41.61 40.74 39.37 37.36 34.40 31.04 27.50 24.00 20.59 17.44 14.38 11.52 8.74
67.77 71.76 75.32 78.22 80.44 81.44 81.47 80.92 79.78 78.39 76.75 75.07 73.49 72.09 71.04 70.24 69.82 69.67 69.81 70.02 70.35 70.76 71.05 71.24 71.35 71.22 70.93 70.38 69.65 68.84 67.93 66.93 65.95 65.09 64.27 63.43 62.54 61.69 60.80 59.91 59.15 58.37 57.56 56.68 55.85 55.10 54.28 53.66 53.23 53.07 53.06 53.10 53.09 52.91 52.30 51.36 49.81 48.13 46.43 44.97 43.74 42.90 42.27 41.53 40.28 38.28 35.32 31.92 28.38 24.86 21.54 18.49 15.56 12.75 10.12
64.80 68.42 71.61 74.11 75.80 76.63 76.61 76.02 74.97 73.86 72.63 71.51 70.57 69.82 69.20 69.02 69.14 69.39 69.80 70.37 71.21 71.81 72.23 72.53 72.57 72.44 72.13 71.51 70.71 69.89 68.96 68.04 67.21 66.44 65.64 64.80 63.95 63.02 62.08 61.21 60.43 59.64 59.01 58.22 57.53 56.88 56.24 55.64 55.17 54.95 54.78 54.56 54.34 53.86 53.02 51.76 50.23 48.55 46.75 45.11 43.87 43.02 42.36 41.62 40.32 38.28 35.29 31.93 28.48 25.09 21.93 19.00 16.30 13.66 11.12
61.31 64.72 67.62 69.76 70.99 71.36 71.14 70.60 69.79 68.99 68.32 67.79 67.44 67.21 67.35 67.77 68.15 68.82 69.67 70.58 71.44 72.27 72.98 73.36 73.52 73.42 73.06 72.47 71.87 71.08 70.28 69.49 68.73 67.93 67.02 66.15 65.01 63.94 63.05 62.27 61.59 60.90 60.33 59.63 59.01 58.39 57.89 57.40 56.98 56.61 56.29 55.89 55.31 54.54 53.53 52.20 50.60 48.80 46.91 45.18 43.81 42.75 41.87 40.93 39.48 37.26 34.35 31.09 27.88 24.81 21.90 19.21 16.63 14.14 11.78
57.85 60.75 63.12 64.86 65.78 65.88 65.57 65.10 64.57 64.17 63.95 63.97 64.15 64.49 65.12 65.91 67.03 68.21 69.49 70.91 72.01 72.95 73.83 74.33 74.59 74.51 74.13 73.65 73.15 72.54 71.70 70.84 69.93 68.92 67.85 66.75 65.69 64.75 63.96 63.26 62.64 62.10 61.61 61.05 60.53 60.06 59.60 59.12 58.62 58.10 57.54 56.80 55.98 55.02 53.85 52.48 50.78 48.85 46.91 44.98 43.38 41.97 40.70 39.31 37.75 35.53 32.81 29.88 26.95 24.14 21.42 19.03 16.65 14.45 12.35
54.14 56.40 58.05 59.27 59.88 60.02 59.79 59.53 59.37 59.52 59.73 60.31 61.01 61.92 63.07 64.43 65.80 67.38 69.03 70.73 72.36 73.70 74.55 75.22 75.43 75.30 74.89 74.37 73.69 72.90 72.18 71.39 70.45 69.45 68.37 67.31 66.44 65.64 64.96 64.37 63.85 63.40 63.00 62.63 62.28 61.85 61.28 60.64 59.94 59.15 58.31 57.39 56.32 55.06 53.73 52.24 50.49 48.41 46.41 44.29 42.52 40.72 38.97 37.19 35.48 33.26 30.91 28.57 26.02 23.40 21.05 18.88 16.81 14.74 12.80
49.62 51.31 52.47 53.38 53.64 53.97 53.86 54.02 54.36 54.99 55.78 56.90 58.12 59.55 61.11 62.78 64.59 66.50 68.44 70.27 71.98 73.39 74.52 75.28 75.51 75.39 75.00 74.42 73.73 73.01 72.32 71.65 70.89 70.00 69.03 68.14 67.35 66.64 66.03 65.51 65.11 64.79 64.50 64.16 63.75 63.26 62.60 61.82 60.95 59.99 58.88 57.51 56.11 54.52 52.88 51.42 49.50 47.22 45.07 42.84 40.73 38.78 36.84 35.03 33.19 31.14 29.10 27.16 25.02 22.80 20.72 18.74 16.83 15.01 13.21
44.07 45.35 46.25 46.95 47.39 47.74 48.19 48.89 49.75 50.79 52.12 53.78 55.58 57.49 59.44 61.35 63.48 65.65 67.72 69.70 71.50 72.92 74.03 74.73 75.01 75.04 74.92 74.60 74.10 73.58 73.00 72.39 71.66 70.80 69.93 69.09 68.25 67.49 66.89 66.42 66.13 65.92 65.82 65.49 65.07 64.54 63.78 62.76 61.67 60.40 59.00 57.25 55.39 53.69 51.89 50.05 47.87 45.46 43.10 40.77 38.55 36.50 34.56 32.76 31.04 29.37 27.73 25.99 24.21 22.34 20.44 18.58 16.73 14.94 13.24
