test/esri_led_60/data_tma.esri
nrows             510
ncols             462
xllcorner      398000.00
yllcorner     7846000.00
cellsize          500.00
NODATA_value    -9999
[rows 66 to 98 of 510, columns 150 to 224 of 462]
-83.58 -85.47 -87.09 -88.48 -89.73 -90.89 -91.92 -92.77 -93.43 -93.83 -93.94 -93.72 -93.24 -92.57 -91.73 -90.70 -89.37 -87.72 -85.84 -83.60 -80.79 -77.32 -73.27 -68.61 -63.29 -57.28 -50.60 -43.39 -35.90 -28.28 -20.54 -12.67 -4.86 2.45 8.79 13.98 17.96 20.79 22.59 23.65 24.31 24.63 24.48 23.98 23.53 23.30 23.16 23.16 23.41 24.02 24.95 26.12 27.48 29.02 30.75 32.69 34.86 37.27 39.91 42.76 45.81 49.04 52.43 55.96 59.55 63.10 66.55 69.90 73.15 76.30 79.36 82.28 85.01 87.52 89.76
-83.04 -85.07 -86.81 -88.32 -89.71 -91.05 -92.26 -93.28 -94.06 -94.54 -94.65 -94.46 -94.06 -93.53 -92.88 -92.05 -90.92 -89.44 -87.64 -85.43 -82.63 -79.18 -75.15 -70.56 -65.38 -59.52 -52.98 -45.89 -38.53 -31.09 -23.54 -15.93 -8.63 -2.11 3.46 8.20 12.07 14.93 16.91 18.30 19.29 19.88 19.99 19.70 19.37 19.29 19.42 19.63 20.04 20.75 21.78 23.04 24.51 26.18 28.11 30.30 32.75 35.45 38.34 41.45 44.75 48.22 51.85 55.62 59.44 63.23 66.90 70.44 73.86 77.17 80.35 83.35 86.14 88.66 90.89
-82.05 -84.25 -86.20 -87.93 -89.53 -91.01 -92.31 -93.41 -94.28 -94.84 -95.06 -94.98 -94.69 -94.29 -93.83 -93.20 -92.20 -90.77 -88.95 -86.74 -84.02 -80.68 -76.74 -72.21 -67.11 -61.40 -55.03 -48.12 -40.96 -33.77 -26.49 -19.22 -12.41 -6.46 -1.37 3.00 6.61 9.43 11.50 13.00 14.04 14.74 15.04 15.01 14.94 15.09 15.39 15.79 16.38 17.27 18.42 19.74 21.24 23.00 25.09 27.54 30.34 33.37 36.56 39.91 43.44 47.16 51.02 55.00 59.02 62.98 66.85 70.58 74.18 77.63 80.90 83.96 86.78 89.31 91.53
-80.82 -83.18 -85.32 -87.20 -88.91 -90.49 -91.95 -93.22 -94.24 -94.96 -95.32 -95.33 -95.14 -94.84 -94.45 -93.89 -93.00 -91.65 -89.90 -87.77 -85.16 -81.94 -78.07 -73.59 -68.54 -62.98 -56.88 -50.20 -43.23 -36.31 -29.45 -22.64 -16.27 -10.73 -6.02 -1.93 1.52 4.32 6.44 7.89 8.80 9.49 9.95 10.14 10.26 10.55 11.13 11.81 12.62 13.64 14.85 16.25 17.81 19.66 21.93 24.66 27.81 31.16 34.64 38.25 42.00 45.93 49.98 54.12 58.30 62.42 66.45 70.34 74.08 77.65 81.01 84.08 86.88 89.36 91.49
-79.37 -81.90 -84.21 -86.26 -88.12 -89.83 -91.38 -92.76 -93.90 -94.76 -95.26 -95.45 -95.40 -95.21 -94.92 -94.42 -93.61 -92.36 -90.69 -88.66 -86.15 -82.99 -79.18 -74.81 -69.94 -64.62 -58.69 -52.15 -45.31 -38.62 -32.17 -25.94 -20.13 -14.99 -10.56 -6.69 -3.27 -0.40 1.76 3.15 3.96 4.57 5.08 5.48 5.86 6.38 7.11 7.93 8.87 10.00 11.31 12.81 14.47 16.43 18.88 21.83 25.26 28.90 32.63 36.44 40.38 44.51 48.73 53.02 57.31 61.54 65.67 69.66 73.48 77.11 80.48 83.56 86.32 88.75 90.80
-77.76 -80.44 -82.89 -85.05 -86.98 -88.78 -90.46 -91.98 -93.27 -94.30 -95.00 -95.37 -95.46 -95.36 -95.14 -94.73 -94.03 -92.89 -91.28 -89.25 -86.73 -83.64 -79.96 -75.75 -71.04 -65.88 -60.15 -53.84 -47.24 -40.80 -34.73 -29.05 -23.78 -19.02 -14.73 -10.88 -7.51 -4.69 -2.57 -1.25 -0.56 0.00 0.60 1.17 1.69 2.30 3.17 4.17 5.27 6.54 7.98 9.62 11.39 13.49 16.07 19.19 22.74 26.57 30.51 34.52 38.66 42.93 47.27 51.64 56.00 60.29 64.51 68.58 72.46 76.07 79.41 82.45 85.19 87.58 89.55
-75.84 -78.66 -81.23 -83.51 -85.58 -87.50 -89.32 -90.98 -92.44 -93.64 -94.52 -95.03 -95.27 -95.32 -95.21 -94.90 -94.25 -93.15 -91.57 -89.55 -87.06 -84.05 -80.49 -76.40 -71.83 -66.84 -61.37 -55.37 -49.05 -42.88 -37.18 -31.95 -27.11 -22.65 -18.54 -14.81 -11.48 -8.71 -6.62 -5.31 -4.61 -4.04 -3.40 -2.73 -2.10 -1.38 -0.38 0.78 2.01 3.37 4.93 6.66 8.47 10.52 13.06 16.23 20.02 24.12 28.29 32.48 36.74 41.11 45.51 49.95 54.41 58.82 63.07 67.09 70.90 74.48 77.80 80.83 83.52 85.80 87.63
-73.65 -76.54 -79.23 -81.67 -83.90 -85.99 -87.94 -89.72 -91.29 -92.61 -93.64 -94.36 -94.81 -95.02 -95.01 -94.75 -94.13 -93.06 -91.51 -89.52 -87.09 -84.17 -80.74 -76.79 -72.38 -67.58 -62.39 -56.71 -50.66 -44.70 -39.23 -34.34 -29.83 -25.63 -21.72 -18.16 -14.98 -12.30 -10.20 -8.84 -8.12 -7.60 -6.94 -6.17 -5.40 -4.54 -3.51 -2.37 -1.11 0.32 1.98 3.75 5.58 7.67 10.27 13.54 17.44 21.69 26.01 30.31 34.62 39.03 43.49 47.98 52.43 56.78 61.01 65.07 68.91 72.50 75.79 78.74 81.30 83.43 85.09
-71.19 -74.15 -76.95 -79.54 -81.94 -84.18 -86.26 -88.16 -89.82 -91.26 -92.45 -93.38 -94.04 -94.41 -94.50 -94.27 -93.68 -92.68 -91.21 -89.28 -86.90 -84.05 -80.71 -76.90 -72.66 -68.06 -63.13 -57.75 -51.99 -46.27 -41.04 -36.31 -31.95 -27.94 -24.24 -20.89 -17.92 -15.41 -13.42 -12.09 -11.33 -10.75 -10.03 -9.20 -8.43 -7.68 -6.71 -5.52 -4.17 -2.64 -0.91 0.92 2.84 5.01 7.68 11.01 14.92 19.21 23.61 27.98 32.36 36.80 41.28 45.76 50.21 54.56 58.78 62.82 66.63 70.17 73.38 76.25 78.71 80.66 82.10
-68.46 -71.51 -74.42 -77.18 -79.75 -82.15 -84.37 -86.39 -88.16 -89.71 -91.05 -92.16 -92.99 -93.50 -93.67 -93.52 -93.03 -92.15 -90.78 -88.91 -86.53 -83.67 -80.38 -76.69 -72.61 -68.20 -63.59 -58.55 -53.07 -47.52 -42.35 -37.79 -33.66 -29.86 -26.39 -23.28 -20.59 -18.36 -16.56 -15.23 -14.31 -13.52 -12.61 -11.71 -10.97 -10.33 -9.52 -8.43 -7.10 -5.57 -3.84 -1.94 0.08 2.33 5.02 8.32 12.25 16.56 20.96 25.33 29.72 34.20 38.74 43.25 47.69 52.04 56.22 60.20 63.99 67.55 70.80 73.62 75.87 77.54 78.66
-65.60 -68.73 -71.75 -74.64 -77.38 -79.95 -82.32 -84.46 -86.36 -88.05 -89.53 -90.77 -91.71 -92.32 -92.59 -92.55 -92.18 -91.37 -90.04 -88.16 -85.78 -82.95 -79.77 -76.26 -72.46 -68.38 -64.00 -59.14 -53.89 -48.60 -43.67 -39.30 -35.36 -31.74 -28.47 -25.60 -23.22 -21.26 -19.61 -18.22 -17.03 -15.88 -14.70 -13.67 -12.99 -12.57 -12.09 -11.24 -10.03 -8.56 -6.83 -4.86 -2.70 -0.29 2.53 5.86 9.69 13.83 18.11 22.41 26.79 31.30 35.88 40.39 44.79 49.07 53.19 57.16 60.96 64.56 67.81 70.53 72.59 74.03 74.92
-62.64 -65.81 -68.88 -71.87 -74.74 -77.48 -80.01 -82.28 -84.33 -86.15 -87.77 -89.12 -90.17 -90.91 -91.29 -91.33 -91.01 -90.25 -88.99 -87.19 -84.85 -82.07 -78.98 -75.63 -71.97 -68.01 -63.80 -59.32 -54.53 -49.66 -45.06 -40.94 -37.21 -33.79 -30.72 -28.08 -25.92 -24.10 -22.46 -20.89 -19.37 -17.87 -16.44 -15.31 -14.77 -14.71 -14.64 -14.05 -12.94 -11.48 -9.72 -7.64 -5.34 -2.79 0.10 3.39 7.08 11.04 15.13 19.31 23.64 28.13 32.69 37.17 41.53 45.77 49.87 53.82 57.60 61.14 64.29 66.91 68.87 70.15 70.85
-59.56 -62.73 -65.84 -68.91 -71.90 -74.76 -77.40 -79.79 -81.96 -83.92 -85.67 -87.17 -88.38 -89.28 -89.82 -89.96 -89.68 -88.93 -87.70 -85.94 -83.68 -81.00 -78.01 -74.78 -71.29 -67.52 -63.57 -59.45 -55.11 -50.67 -46.45 -42.64 -39.20 -36.05 -33.23 -30.79 -28.71 -26.85 -25.08 -23.34 -21.55 -19.77 -18.14 -16.90 -16.47 -16.72 -17.04 -16.68 -15.67 -14.22 -12.42 -10.31 -7.95 -5.31 -2.35 0.93 4.46 8.16 12.02 16.03 20.24 24.65 29.15 33.59 37.92 42.15 46.26 50.22 53.95 57.41 60.47 62.96 64.76 65.86 66.37
-56.42 -59.60 -62.74 -65.83 -68.86 -71.75 -74.48 -77.04 -79.38 -81.48 -83.34 -84.97 -86.37 -87.43 -88.08 -88.28 -88.02 -87.30 -86.12 -84.45 -82.29 -79.70 -76.79 -73.70 -70.39 -66.86 -63.15 -59.30 -55.33 -51.36 -47.62 -44.25 -41.16 -38.34 -35.83 -33.59 -31.55 -29.58 -27.67 -25.81 -23.90 -21.93 -20.14 -18.84 -18.42 -18.75 -19.23 -19.12 -18.27 -16.93 -15.19 -13.11 -10.69 -8.01 -5.06 -1.88 1.49 5.02 8.71 12.58 16.65 20.92 25.32 29.71 34.04 38.29 42.44 46.39 50.05 53.36 56.21 58.49 60.12 61.09 61.49
-53.24 -56.39 -59.52 -62.63 -65.72 -68.73 -71.59 -74.24 -76.66 -78.88 -80.90 -82.69 -84.21 -85.37 -86.11 -86.37 -86.15 -85.45 -84.28 -82.67 -80.58 -78.07 -75.28 -72.32 -69.15 -65.72 -62.16 -58.70 -55.26 -51.85 -48.58 -45.59 -42.89 -40.46 -38.28 -36.26 -34.26 -32.20 -30.17 -28.22 -26.26 -24.25 -22.38 -21.00 -20.48 -20.80 -21.40 -21.54 -20.89 -19.63 -17.94 -15.88 -13.45 -10.77 -7.90 -4.84 -1.63 1.75 5.25 8.93 12.82 16.94 21.25 25.55 29.80 34.04 38.23 42.17 45.68 48.75 51.35 53.42 54.94 55.85 56.19
-49.89 -53.04 -56.23 -59.41 -62.55 -65.57 -68.45 -71.15 -73.69 -76.08 -78.28 -80.22 -81.85 -83.12 -83.94 -84.27 -84.08 -83.39 -82.24 -80.69 -78.70 -76.29 -73.57 -70.71 -67.71 -64.55 -61.34 -58.27 -55.26 -52.27 -49.37 -46.67 -44.22 -42.07 -40.15 -38.31 -36.42 -34.36 -32.35 -30.44 -28.57 -26.61 -24.71 -23.29 -22.70 -22.99 -23.68 -23.96 -23.40 -22.15 -20.46 -18.40 -16.00 -13.41 -10.67 -7.81 -4.81 -1.69 1.64 5.19 8.95 12.90 17.02 21.21 25.39 29.56 33.62 37.39 40.73 43.61 46.03 47.96 49.34 50.18 50.53
-46.58 -49.76 -52.98 -56.19 -59.30 -62.29 -65.13 -67.86 -70.51 -73.05 -75.42 -77.51 -79.27 -80.64 -81.57 -82.00 -81.87 -81.20 -80.09 -78.59 -76.68 -74.33 -71.69 -68.96 -66.21 -63.40 -60.59 -57.80 -55.04 -52.29 -49.61 -47.14 -44.92 -43.00 -41.27 -39.58 -37.83 -35.86 -33.93 -32.11 -30.37 -28.60 -26.90 -25.65 -25.08 -25.33 -25.96 -26.27 -25.78 -24.54 -22.80 -20.70 -18.36 -15.96 -13.55 -11.06 -8.36 -5.39 -2.15 1.32 4.97 8.78 12.76 16.78 20.77 24.72 28.56 32.11 35.24 37.91 40.13 41.90 43.24 44.14 44.63
-43.23 -46.41 -49.71 -52.94 -56.02 -58.95 -61.76 -64.56 -67.32 -69.98 -72.46 -74.64 -76.47 -77.92 -78.93 -79.42 -79.35 -78.76 -77.71 -76.28 -74.45 -72.22 -69.72 -67.16 -64.64 -62.08 -59.47 -56.90 -54.40 -51.92 -49.49 -47.20 -45.11 -43.29 -41.63 -40.01 -38.32 -36.48 -34.69 -33.04 -31.56 -30.14 -28.86 -27.93 -27.48 -27.72 -28.29 -28.60 -28.14 -26.90 -25.13 -23.02 -20.81 -18.68 -16.61 -14.45 -12.02 -9.23 -6.11 -2.72 0.84 4.51 8.28 12.09 15.88 19.59 23.13 26.38 29.27 31.77 33.86 35.55 36.91 37.93 38.61
-40.28 -43.43 -46.63 -49.80 -52.88 -55.83 -58.68 -61.51 -64.29 -66.96 -69.44 -71.63 -73.46 -74.94 -76.01 -76.59 -76.62 -76.10 -75.13 -73.77 -72.08 -70.02 -67.68 -65.27 -62.94 -60.60 -58.21 -55.81 -53.47 -51.16 -48.90 -46.77 -44.74 -42.91 -41.25 -39.65 -38.05 -36.42 -34.90 -33.55 -32.42 -31.44 -30.64 -30.13 -29.95 -30.20 -30.68 -30.87 -30.41 -29.25 -27.57 -25.60 -23.56 -21.66 -19.87 -18.01 -15.86 -13.23 -10.20 -6.90 -3.46 0.04 3.59 7.18 10.74 14.17 17.40 20.42 23.17 25.59 27.62 29.25 30.60 31.73 32.63
-37.45 -40.53 -43.71 -46.87 -49.93 -52.89 -55.76 -58.54 -61.23 -63.82 -66.23 -68.39 -70.28 -71.84 -73.00 -73.66 -73.76 -73.29 -72.34 -71.03 -69.46 -67.57 -65.42 -63.20 -61.07 -58.91 -56.65 -54.36 -52.17 -50.01 -47.86 -45.76 -43.75 -41.92 -40.29 -38.80 -37.38 -36.04 -34.82 -33.80 -33.00 -32.45 -32.11 -31.98 -32.03 -32.30 -32.71 -32.83 -32.38 -31.33 -29.84 -28.15 -26.41 -24.79 -23.23 -21.57 -19.59 -17.16 -14.31 -11.20 -7.96 -4.69 -1.37 2.00 5.34 8.57 11.63 14.52 17.15 19.48 21.45 23.06 24.50 25.84 26.98
-34.92 -37.97 -41.06 -44.12 -47.10 -49.98 -52.74 -55.47 -58.16 -60.76 -63.18 -65.35 -67.18 -68.70 -69.84 -70.51 -70.64 -70.23 -69.35 -68.10 -66.63 -64.91 -62.99 -61.00 -59.07 -57.08 -54.97 -52.75 -50.55 -48.39 -46.23 -44.14 -42.16 -40.42 -38.92 -37.62 -36.46 -35.42 -34.52 -33.80 -33.32 -33.10 -33.10 -33.23 -33.42 -33.68 -34.01 -34.06 -33.65 -32.78 -31.66 -30.49 -29.26 -27.99 -26.65 -25.12 -23.27 -21.04 -18.44 -15.58 -12.61 -9.61 -6.51 -3.30 -0.06 3.08 5.99 8.69 11.20 13.53 15.59 17.39 19.06 20.65 22.02
-32.63 -35.61 -38.58 -41.48 -44.32 -47.12 -49.89 -52.56 -55.12 -57.57 -59.87 -61.97 -63.82 -65.36 -66.53 -67.26 -67.46 -67.11 -66.24 -65.00 -63.55 -61.97 -60.30 -58.58 -56.84 -54.98 -52.91 -50.68 -48.45 -46.30 -44.19 -42.13 -40.23 -38.59 -37.28 -36.24 -35.40 -34.61 -33.92 -33.46 -33.26 -33.30 -33.49 -33.75 -34.01 -34.22 -34.44 -34.40 -33.93 -33.18 -32.55 -32.16 -31.77 -31.05 -29.98 -28.57 -26.81 -24.78 -22.47 -19.94 -17.27 -14.53 -11.63 -8.57 -5.46 -2.46 0.34 2.94 5.43 7.85 10.14 12.28 14.30 16.19 17.77
-30.47 -33.37 -36.16 -38.84 -41.50 -44.13 -46.73 -49.29 -51.82 -54.26 -56.55 -58.63 -60.42 -61.93 -63.13 -63.93 -64.21 -63.87 -62.97 -61.73 -60.35 -58.93 -57.45 -55.91 -54.32 -52.57 -50.54 -48.29 -46.06 -43.97 -41.92 -39.90 -38.04 -36.49 -35.31 -34.43 -33.75 -33.15 -32.69 -32.53 -32.63 -32.89 -33.24 -33.60 -33.91 -34.08 -34.08 -33.77 -33.08 -32.39 -32.31 -32.86 -33.57 -33.67 -33.03 -31.80 -30.17 -28.33 -26.34 -24.18 -21.90 -19.49 -16.86 -14.03 -11.12 -8.27 -5.55 -2.90 -0.18 2.59 5.29 7.80 10.11 12.23 14.04
-28.20 -31.00 -33.64 -36.16 -38.65 -41.16 -43.68 -46.20 -48.66 -51.00 -53.17 -55.14 -56.87 -58.37 -59.56 -60.33 -60.58 -60.28 -59.46 -58.28 -56.93 -55.59 -54.25 -52.86 -51.40 -49.78 -47.83 -45.64 -43.41 -41.37 -39.37 -37.39 -35.57 -34.06 -32.95 -32.11 -31.47 -31.02 -30.88 -31.10 -31.57 -32.11 -32.64 -33.14 -33.54 -33.71 -33.45 -32.73 -31.79 -31.15 -31.54 -32.98 -34.84 -35.91 -35.59 -34.49 -33.14 -31.64 -29.96 -28.21 -26.39 -24.42 -22.18 -19.71 -17.14 -14.52 -11.78 -8.79 -5.49 -2.17 0.94 3.75 6.30 8.69 10.78
-25.90 -28.66 -31.16 -33.49 -35.80 -38.18 -40.62 -43.02 -45.35 -47.58 -49.67 -51.61 -53.32 -54.75 -55.88 -56.61 -56.87 -56.62 -55.82 -54.63 -53.25 -51.92 -50.67 -49.41 -48.06 -46.54 -44.68 -42.57 -40.44 -38.49 -36.58 -34.68 -32.91 -31.44 -30.33 -29.51 -28.97 -28.71 -28.87 -29.46 -30.30 -31.15 -31.93 -32.73 -33.43 -33.79 -33.45 -32.40 -31.22 -30.50 -31.28 -33.71 -36.66 -38.22 -37.99 -37.04 -35.88 -34.54 -33.03 -31.66 -30.39 -29.02 -27.36 -25.36 -23.15 -20.68 -17.83 -14.42 -10.50 -6.55 -2.97 0.21 3.04 5.63 7.93
-23.46 -26.13 -28.52 -30.71 -32.84 -35.03 -37.31 -39.58 -41.82 -43.98 -46.03 -47.93 -49.60 -50.96 -52.03 -52.73 -53.01 -52.80 -52.04 -50.86 -49.49 -48.16 -46.93 -45.70 -44.39 -42.93 -41.21 -39.28 -37.31 -35.47 -33.66 -31.81 -30.03 -28.59 -27.57 -26.88 -26.49 -26.44 -26.94 -27.91 -29.14 -30.37 -31.56 -32.87 -34.07 -34.88 -34.86 -33.75 -32.41 -31.59 -32.43 -35.15 -38.42 -40.44 -40.38 -39.37 -38.01 -36.51 -35.04 -34.09 -33.54 -33.01 -32.02 -30.50 -28.65 -26.39 -23.51 -19.72 -15.13 -10.54 -6.50 -3.01 0.04 2.82 5.32
-20.94 -23.51 -25.77 -27.78 -29.72 -31.74 -33.86 -36.04 -38.21 -40.30 -42.26 -44.06 -45.65 -46.98 -48.03 -48.75 -49.08 -48.92 -48.16 -47.00 -45.65 -44.33 -43.08 -41.78 -40.47 -39.08 -37.54 -35.81 -33.95 -32.14 -30.38 -28.64 -27.02 -25.75 -24.88 -24.39 -24.27 -24.55 -25.42 -26.81 -28.52 -30.28 -31.96 -33.87 -35.75 -37.30 -38.04 -37.29 -35.88 -34.82 -35.34 -37.75 -40.68 -42.61 -42.48 -41.15 -39.28 -37.34 -35.97 -35.61 -35.95 -36.36 -36.01 -34.99 -33.43 -31.23 -28.19 -24.14 -19.21 -14.21 -9.74 -5.91 -2.62 0.33 2.99
-18.35 -20.78 -22.91 -24.81 -26.65 -28.56 -30.57 -32.62 -34.67 -36.67 -38.55 -40.26 -41.75 -43.00 -43.98 -44.64 -44.90 -44.71 -44.04 -42.93 -41.57 -40.16 -38.84 -37.58 -36.33 -35.03 -33.59 -31.94 -30.21 -28.55 -27.02 -25.49 -24.04 -22.98 -22.44 -22.32 -22.59 -23.25 -24.61 -26.50 -28.75 -31.10 -33.34 -35.94 -38.53 -40.81 -42.33 -42.11 -40.92 -39.99 -40.36 -42.01 -43.79 -44.71 -44.22 -42.57 -40.31 -38.12 -36.99 -37.21 -38.37 -39.59 -39.86 -39.14 -37.61 -35.28 -32.07 -27.86 -22.81 -17.58 -12.79 -8.69 -5.15 -2.05 0.77
-15.74 -18.04 -20.10 -21.93 -23.65 -25.42 -27.29 -29.25 -31.22 -33.12 -34.88 -36.46 -37.85 -39.01 -39.91 -40.50 -40.72 -40.52 -39.86 -38.74 -37.33 -35.87 -34.54 -33.33 -32.14 -30.92 -29.61 -28.12 -26.52 -24.95 -23.58 -22.31 -21.21 -20.59 -20.50 -20.89 -21.71 -22.96 -24.84 -27.25 -30.06 -33.02 -35.91 -39.08 -42.25 -45.04 -46.90 -47.31 -46.86 -46.29 -46.29 -46.84 -47.30 -47.13 -46.06 -44.17 -41.92 -39.94 -39.23 -39.91 -41.61 -43.30 -43.92 -43.25 -41.57 -39.01 -35.59 -31.30 -26.24 -20.97 -16.03 -11.74 -7.99 -4.60 -1.50
-13.17 -15.34 -17.29 -19.03 -20.67 -22.32 -24.07 -25.92 -27.78 -29.59 -31.25 -32.73 -34.01 -35.06 -35.87 -36.38 -36.52 -36.27 -35.59 -34.46 -33.06 -31.61 -30.30 -29.08 -27.93 -26.81 -25.64 -24.25 -22.73 -21.32 -20.23 -19.39 -18.81 -18.73 -19.21 -20.19 -21.65 -23.55 -26.00 -28.98 -32.37 -35.95 -39.47 -43.06 -46.56 -49.60 -51.77 -52.78 -52.82 -52.47 -52.18 -51.93 -51.29 -50.07 -48.49 -46.70 -44.94 -43.59 -43.48 -44.55 -46.38 -48.00 -48.53 -47.65 -45.64 -42.75 -39.09 -34.75 -29.76 -24.47 -19.35 -14.78 -10.72 -7.06 -3.74
-10.79 -12.80 -14.62 -16.25 -17.78 -19.31 -20.92 -22.65 -24.41 -26.10 -27.64 -28.99 -30.17 -31.12 -31.83 -32.22 -32.24 -31.88 -31.21 -30.13 -28.75 -27.25 -25.89 -24.75 -23.71 -22.68 -21.60 -20.35 -19.05 -17.91 -17.16 -16.80 -16.80 -17.32 -18.39 -19.99 -22.12 -24.72 -27.82 -31.37 -35.31 -39.40 -43.39 -47.22 -50.88 -54.12 -56.59 -58.04 -58.50 -58.26 -57.66 -56.80 -55.42 -53.72 -52.08 -50.78 -49.96 -49.75 -50.32 -51.39 -52.77 -53.76 -53.68 -52.25 -49.82 -46.64 -42.84 -38.43 -33.32 -27.87 -22.54 -17.72 -13.43 -9.54 -5.94
-8.53 -10.35 -12.04 -13.55 -14.96 -16.35 -17.82 -19.40 -21.01 -22.56 -23.96 -25.19 -26.27 -27.16 -27.76 -28.05 -28.01 -27.64 -26.94 -25.87 -24.51 -23.06 -21.74 -20.57 -19.51 -18.52 -17.57 -16.56 -15.55 -14.77 -14.44 -14.60 -15.17 -16.23 -17.88 -20.12 -22.95 -26.27 -30.01 -34.09 -38.46 -42.92 -47.23 -51.29 -55.18 -58.69 -61.46 -63.18 -63.80 -63.57 -62.84 -61.85 -60.31 -58.62 -57.24 -56.53 -56.60 -57.31 -58.37 -59.22 -59.79 -59.77 -58.82 -56.76 -53.88 -50.42 -46.44 -41.88 -36.64 -31.08 -25.62 -20.59 -16.02 -11.85 -8.07
-6.40 -8.03 -9.54 -10.92 -12.21 -13.49 -14.81 -16.21 -17.69 -19.16 -20.50 -21.65 -22.59 -23.27 -23.72 -23.91 -23.80 -23.39 -22.67 -21.62 -20.26 -18.77 -17.39 -16.25 -15.29 -14.44 -13.68 -12.98 -12.30 -11.81 -11.79 -12.37 -13.50 -15.19 -17.46 -20.32 -23.82 -27.88 -32.27 -36.84 -41.61 -46.44 -51.09 -55.39 -59.49 -63.26 -66.33 -68.32 -69.09 -69.00 -68.46 -67.74 -66.55 -65.17 -64.11 -63.78 -64.33 -65.44 -66.53 -66.97 -66.68 -65.58 -63.58 -60.77 -57.40 -53.65 -49.48 -44.79 -39.49 -33.86 -28.35 -23.22 -18.55 -14.30 -10.49
