test/esri_led_60/data_tma.esri
nrows             510
ncols             462
xllcorner      398000.00
yllcorner     7846000.00
cellsize          500.00
NODATA_value    -9999
[rows 33 to 65 of 510, columns 375 to 449 of 462]
-9.32 -11.92 -14.23 -16.21 -17.81 -19.00 -19.75 -20.08 -20.07 -19.76 -19.06 -17.96 -16.49 -14.64 -12.45 -9.94 -7.13 -4.06 -0.74 2.81 6.56 10.50 14.59 18.75 22.89 26.98 30.98 34.88 38.66 42.31 45.79 49.00 51.84 54.29 56.32 57.93 59.11 59.87 60.25 60.27 59.94 59.30 58.42 57.37 56.18 54.90 53.59 52.29 51.08 50.00 49.08 48.34 47.80 47.47 47.35 47.42 47.72 48.28 49.12 50.21 51.49 52.98 54.69 56.58 58.64 60.90 63.35 66.01 68.94 72.20 75.79 79.65 83.73 87.97 92.31
-7.52 -10.20 -12.59 -14.62 -16.22 -17.38 -18.11 -18.43 -18.41 -18.07 -17.33 -16.21 -14.72 -12.87 -10.68 -8.17 -5.36 -2.30 1.03 4.60 8.39 12.37 16.47 20.61 24.78 28.90 32.97 36.95 40.82 44.56 48.11 51.40 54.33 56.85 58.97 60.66 61.94 62.80 63.26 63.36 63.12 62.58 61.81 60.86 59.78 58.60 57.37 56.14 54.98 53.94 53.05 52.35 51.84 51.56 51.50 51.67 52.06 52.68 53.55 54.63 55.90 57.38 59.07 60.84 62.76 64.87 67.17 69.67 72.43 75.53 78.99 82.79 86.83 91.03 95.35
-5.88 -8.58 -10.96 -12.95 -14.53 -15.70 -16.47 -16.83 -16.80 -16.42 -15.66 -14.53 -13.04 -11.18 -8.98 -6.48 -3.68 -0.61 2.72 6.31 10.11 14.09 18.18 22.33 26.52 30.69 34.84 38.92 42.89 46.70 50.31 53.64 56.63 59.21 61.40 63.18 64.54 65.48 66.01 66.19 66.04 65.60 64.93 64.08 63.12 62.03 60.88 59.72 58.60 57.59 56.73 56.06 55.60 55.35 55.36 55.60 56.06 56.74 57.64 58.71 59.95 61.38 62.98 64.64 66.44 68.44 70.63 73.02 75.65 78.61 81.94 85.62 89.58 93.72 98.00
-4.25 -6.92 -9.27 -11.26 -12.85 -14.06 -14.89 -15.33 -15.32 -14.89 -14.11 -12.96 -11.44 -9.57 -7.39 -4.90 -2.11 0.96 4.28 7.85 11.64 15.60 19.68 23.86 28.11 32.36 36.59 40.76 44.81 48.68 52.33 55.70 58.73 61.38 63.62 65.45 66.87 67.87 68.47 68.71 68.65 68.30 67.72 66.98 66.11 65.13 64.05 62.94 61.87 60.91 60.09 59.46 59.03 58.82 58.88 59.16 59.65 60.36 61.28 62.36 63.58 64.94 66.40 67.97 69.70 71.62 73.75 76.08 78.65 81.50 84.68 88.20 92.00 96.00 100.16
-2.64 -5.27 -7.60 -9.61 -11.26 -12.53 -13.40 -13.87 -13.91 -13.49 -12.68 -11.51 -9.98 -8.12 -5.94 -3.45 -0.67 2.38 5.68 9.23 13.00 16.94 21.05 25.28 29.59 33.91 38.21 42.43 46.53 50.43 54.11 57.52 60.61 63.30 65.58 67.44 68.91 69.95 70.59 70.92 70.94 70.68 70.18 69.52 68.75 67.84 66.83 65.79 64.78 63.88 63.11 62.52 62.13 61.96 62.04 62.33 62.82 63.53 64.45 65.53 66.73 68.04 69.42 70.92 72.58 74.43 76.49 78.77 81.29 84.06 87.12 90.47 94.06 97.84 101.82
-1.23 -3.87 -6.24 -8.27 -9.95 -11.25 -12.16 -12.63 -12.65 -12.22 -11.39 -10.18 -8.65 -6.79 -4.61 -2.12 0.65 3.67 6.94 10.48 14.22 18.16 22.27 26.54 30.90 35.28 39.62 43.88 48.01 51.95 55.65 59.11 62.24 64.96 67.26 69.16 70.65 71.73 72.42 72.82 72.94 72.77 72.35 71.76 71.05 70.19 69.24 68.27 67.33 66.49 65.76 65.19 64.82 64.68 64.77 65.06 65.55 66.26 67.16 68.23 69.42 70.68 72.02 73.47 75.06 76.84 78.80 80.99 83.42 86.14 89.13 92.36 95.78 99.35 103.13
-0.02 -2.69 -5.07 -7.14 -8.82 -10.13 -11.02 -11.48 -11.48 -11.02 -10.16 -8.93 -7.38 -5.53 -3.35 -0.88 1.87 4.88 8.12 11.62 15.34 19.26 23.36 27.64 32.03 36.43 40.79 45.08 49.25 53.22 56.94 60.41 63.56 66.31 68.63 70.55 72.09 73.23 73.99 74.44 74.62 74.53 74.18 73.65 72.98 72.19 71.31 70.41 69.54 68.75 68.06 67.50 67.14 66.98 67.07 67.38 67.88 68.58 69.46 70.51 71.67 72.90 74.21 75.60 77.14 78.85 80.71 82.78 85.12 87.77 90.69 93.82 97.12 100.55 104.14
1.03 -1.57 -3.87 -5.91 -7.60 -8.93 -9.82 -10.27 -10.29 -9.87 -8.99 -7.75 -6.19 -4.33 -2.17 0.28 3.00 5.99 9.21 12.66 16.35 20.26 24.35 28.60 32.96 37.36 41.72 46.02 50.21 54.20 57.93 61.39 64.54 67.31 69.66 71.62 73.20 74.41 75.24 75.74 75.98 75.94 75.64 75.15 74.54 73.82 73.02 72.20 71.39 70.64 69.98 69.46 69.11 68.95 69.03 69.34 69.85 70.55 71.40 72.40 73.51 74.72 75.99 77.32 78.81 80.44 82.21 84.21 86.50 89.07 91.86 94.82 97.95 101.28 104.74
1.96 -0.46 -2.63 -4.61 -6.35 -7.71 -8.61 -9.08 -9.16 -8.81 -7.94 -6.69 -5.12 -3.25 -1.11 1.32 4.02 6.97 10.15 13.57 17.23 21.10 25.16 29.37 33.69 38.06 42.40 46.68 50.86 54.84 58.56 61.99 65.11 67.89 70.29 72.31 73.95 75.21 76.11 76.68 76.98 77.00 76.74 76.28 75.70 75.04 74.33 73.62 72.89 72.16 71.52 71.03 70.70 70.53 70.60 70.91 71.45 72.17 72.99 73.92 74.98 76.14 77.35 78.62 80.03 81.58 83.28 85.21 87.44 89.93 92.58 95.35 98.30 101.48 104.84
2.76 0.38 -1.78 -3.72 -5.37 -6.68 -7.59 -8.09 -8.21 -7.88 -7.03 -5.76 -4.19 -2.33 -0.20 2.21 4.89 7.82 10.97 14.34 17.96 21.78 25.78 29.93 34.21 38.55 42.85 47.06 51.16 55.10 58.81 62.23 65.31 68.08 70.54 72.63 74.31 75.60 76.57 77.25 77.62 77.71 77.52 77.08 76.53 75.93 75.32 74.70 74.04 73.34 72.71 72.23 71.90 71.74 71.80 72.12 72.66 73.37 74.18 75.06 76.05 77.15 78.31 79.53 80.86 82.31 83.93 85.77 87.89 90.25 92.78 95.43 98.24 101.25 104.47
3.33 1.00 -1.08 -2.95 -4.60 -5.93 -6.86 -7.38 -7.48 -7.13 -6.27 -4.98 -3.40 -1.55 0.57 2.97 5.65 8.56 11.68 15.00 18.55 22.32 26.24 30.32 34.55 38.83 43.07 47.19 51.19 55.05 58.74 62.17 65.26 67.99 70.45 72.57 74.27 75.61 76.66 77.44 77.90 78.03 77.92 77.61 77.17 76.64 76.06 75.46 74.81 74.15 73.54 73.06 72.74 72.59 72.66 72.96 73.47 74.14 74.91 75.77 76.71 77.74 78.84 80.01 81.27 82.64 84.19 85.94 87.93 90.14 92.54 95.07 97.77 100.66 103.72
3.73 1.41 -0.67 -2.53 -4.13 -5.43 -6.38 -6.90 -6.97 -6.57 -5.67 -4.35 -2.75 -0.88 1.24 3.63 6.29 9.20 12.29 15.54 19.02 22.71 26.57 30.58 34.73 38.93 43.08 47.11 51.01 54.78 58.40 61.80 64.89 67.67 70.09 72.18 73.94 75.37 76.49 77.32 77.82 78.00 77.95 77.77 77.47 77.03 76.49 75.88 75.24 74.59 74.00 73.53 73.22 73.10 73.18 73.46 73.92 74.53 75.24 76.04 76.94 77.90 78.92 80.02 81.22 82.55 84.04 85.72 87.60 89.67 91.91 94.33 96.92 99.67 102.60
3.97 1.72 -0.28 -2.07 -3.68 -5.03 -6.00 -6.51 -6.56 -6.14 -5.20 -3.82 -2.18 -0.29 1.83 4.20 6.82 9.69 12.74 15.93 19.32 22.92 26.70 30.65 34.72 38.82 42.87 46.81 50.62 54.31 57.84 61.16 64.22 66.99 69.45 71.58 73.40 74.91 76.10 76.96 77.49 77.71 77.69 77.57 77.37 76.99 76.48 75.91 75.29 74.67 74.11 73.65 73.35 73.24 73.33 73.58 73.99 74.53 75.18 75.92 76.73 77.60 78.55 79.58 80.73 82.01 83.45 85.06 86.86 88.82 90.94 93.24 95.71 98.33 101.14
4.16 1.96 -0.01 -1.78 -3.39 -4.72 -5.62 -6.05 -6.04 -5.62 -4.74 -3.37 -1.70 0.22 2.33 4.66 7.21 9.99 12.96 16.11 19.42 22.92 26.63 30.52 34.51 38.48 42.41 46.26 50.00 53.62 57.09 60.35 63.36 66.11 68.57 70.74 72.62 74.21 75.46 76.37 76.92 77.17 77.18 77.05 76.85 76.51 76.07 75.56 74.99 74.42 73.87 73.42 73.13 73.03 73.10 73.32 73.68 74.15 74.73 75.39 76.10 76.89 77.75 78.72 79.82 81.06 82.45 83.99 85.70 87.57 89.59 91.78 94.13 96.63 99.29
4.23 1.99 -0.06 -1.87 -3.38 -4.53 -5.25 -5.55 -5.49 -5.11 -4.32 -3.01 -1.32 0.60 2.70 4.98 7.46 10.13 13.00 16.09 19.37 22.79 26.40 30.18 34.03 37.86 41.68 45.47 49.18 52.75 56.14 59.35 62.32 65.03 67.48 69.67 71.61 73.24 74.53 75.46 76.04 76.32 76.37 76.25 76.02 75.71 75.34 74.88 74.38 73.85 73.34 72.92 72.65 72.54 72.57 72.73 73.01 73.40 73.88 74.44 75.06 75.77 76.58 77.50 78.54 79.72 81.04 82.51 84.13 85.91 87.83 89.91 92.14 94.52 97.06
4.09 1.80 -0.27 -2.06 -3.46 -4.44 -5.02 -5.25 -5.18 -4.79 -4.02 -2.74 -1.06 0.81 2.88 5.15 7.60 10.21 13.00 16.01 19.22 22.56 26.04 29.67 33.36 37.06 40.78 44.51 48.17 51.67 54.98 58.13 61.06 63.75 66.19 68.39 70.33 71.96 73.26 74.21 74.83 75.14 75.23 75.14 74.94 74.65 74.31 73.90 73.44 72.97 72.52 72.15 71.89 71.75 71.71 71.80 72.00 72.29 72.66 73.11 73.66 74.31 75.06 75.92 76.90 78.02 79.27 80.66 82.19 83.86 85.68 87.65 89.78 92.06 94.51
3.80 1.54 -0.50 -2.24 -3.56 -4.41 -4.89 -5.06 -4.94 -4.55 -3.80 -2.55 -0.86 0.98 2.99 5.22 7.62 10.18 12.91 15.85 18.96 22.19 25.55 29.04 32.61 36.19 39.79 43.39 46.92 50.32 53.58 56.67 59.57 62.24 64.69 66.88 68.80 70.42 71.71 72.67 73.31 73.65 73.76 73.70 73.52 73.27 72.95 72.58 72.18 71.78 71.40 71.07 70.81 70.64 70.55 70.57 70.68 70.88 71.15 71.51 71.98 72.56 73.24 74.03 74.94 75.97 77.14 78.44 79.87 81.44 83.16 85.05 87.09 89.29 91.65
3.42 1.25 -0.66 -2.24 -3.44 -4.24 -4.71 -4.89 -4.77 -4.38 -3.63 -2.39 -0.72 1.05 3.01 5.16 7.49 10.00 12.68 15.56 18.57 21.70 24.93 28.29 31.72 35.17 38.64 42.09 45.48 48.78 51.96 55.01 57.87 60.53 62.96 65.14 67.06 68.66 69.93 70.87 71.51 71.87 72.00 71.95 71.79 71.56 71.28 70.96 70.61 70.27 69.95 69.65 69.39 69.20 69.07 69.03 69.08 69.20 69.40 69.68 70.07 70.56 71.16 71.87 72.69 73.63 74.68 75.87 77.19 78.68 80.33 82.13 84.09 86.21 88.48
3.01 1.04 -0.69 -2.12 -3.24 -4.07 -4.58 -4.76 -4.62 -4.18 -3.40 -2.21 -0.65 1.06 2.94 5.01 7.27 9.71 12.34 15.15 18.07 21.08 24.19 27.39 30.67 33.98 37.31 40.63 43.90 47.09 50.18 53.15 55.97 58.61 61.04 63.22 65.11 66.68 67.92 68.84 69.47 69.83 69.97 69.93 69.77 69.57 69.32 69.04 68.74 68.45 68.16 67.88 67.63 67.42 67.27 67.20 67.19 67.27 67.42 67.64 67.95 68.36 68.87 69.48 70.20 71.02 71.95 73.02 74.24 75.63 77.18 78.90 80.76 82.78 84.94
2.83 0.97 -0.69 -2.11 -3.25 -4.07 -4.54 -4.67 -4.49 -4.01 -3.20 -2.05 -0.59 1.05 2.84 4.83 7.02 9.38 11.93 14.64 17.46 20.35 23.31 26.37 29.49 32.66 35.85 39.04 42.20 45.28 48.25 51.12 53.87 56.48 58.90 61.08 62.94 64.47 65.68 66.58 67.20 67.56 67.70 67.67 67.53 67.32 67.09 66.85 66.59 66.33 66.09 65.83 65.60 65.40 65.24 65.14 65.11 65.15 65.24 65.39 65.63 65.96 66.38 66.88 67.47 68.17 68.97 69.92 71.03 72.31 73.75 75.35 77.10 78.99 81.04
2.76 0.98 -0.67 -2.14 -3.32 -4.10 -4.47 -4.50 -4.22 -3.70 -2.90 -1.83 -0.47 1.08 2.78 4.68 6.76 9.03 11.46 14.04 16.74 19.51 22.34 25.24 28.22 31.23 34.27 37.32 40.35 43.31 46.18 48.96 51.63 54.17 56.54 58.66 60.49 61.98 63.17 64.08 64.70 65.05 65.20 65.17 65.03 64.84 64.64 64.44 64.21 63.98 63.76 63.54 63.32 63.13 62.98 62.87 62.82 62.82 62.88 62.99 63.16 63.41 63.72 64.08 64.53 65.08 65.76 66.59 67.58 68.74 70.05 71.52 73.13 74.90 76.83
2.82 1.02 -0.65 -2.11 -3.24 -3.92 -4.19 -4.12 -3.77 -3.23 -2.50 -1.54 -0.29 1.17 2.77 4.55 6.51 8.65 10.94 13.38 15.94 18.58 21.27 24.04 26.86 29.71 32.59 35.49 38.38 41.22 43.99 46.67 49.26 51.70 53.96 56.01 57.79 59.27 60.45 61.34 61.95 62.33 62.50 62.49 62.34 62.17 62.03 61.86 61.65 61.43 61.24 61.05 60.85 60.67 60.51 60.39 60.32 60.30 60.33 60.40 60.53 60.70 60.88 61.10 61.39 61.80 62.35 63.06 63.93 64.96 66.14 67.46 68.93 70.56 72.35
2.66 1.00 -0.54 -1.86 -2.88 -3.50 -3.71 -3.61 -3.26 -2.74 -2.09 -1.22 -0.06 1.30 2.79 4.44 6.27 8.27 10.42 12.70 15.11 17.60 20.15 22.75 25.41 28.11 30.82 33.56 36.31 39.03 41.70 44.29 46.77 49.12 51.30 53.24 54.95 56.41 57.57 58.45 59.07 59.47 59.70 59.75 59.68 59.55 59.40 59.21 58.99 58.77 58.59 58.42 58.24 58.06 57.88 57.73 57.64 57.58 57.58 57.63 57.71 57.79 57.87 57.95 58.10 58.37 58.80 59.38 60.13 61.02 62.05 63.21 64.53 66.02 67.66
2.73 1.17 -0.25 -1.44 -2.35 -2.89 -3.09 -3.04 -2.79 -2.37 -1.75 -0.91 0.17 1.42 2.80 4.34 6.03 7.90 9.91 12.04 14.29 16.61 18.99 21.42 23.92 26.44 28.99 31.59 34.20 36.80 39.35 41.83 44.21 46.46 48.53 50.40 52.06 53.48 54.65 55.53 56.16 56.60 56.88 57.01 57.00 56.90 56.73 56.52 56.29 56.06 55.86 55.69 55.50 55.31 55.11 54.93 54.80 54.70 54.65 54.65 54.67 54.68 54.68 54.67 54.70 54.85 55.15 55.60 56.21 56.95 57.83 58.83 60.00 61.32 62.81
2.86 1.42 0.16 -0.86 -1.61 -2.09 -2.33 -2.36 -2.19 -1.83 -1.29 -0.53 0.46 1.62 2.89 4.28 5.84 7.57 9.43 11.41 13.49 15.63 17.81 20.05 22.35 24.72 27.15 29.60 32.08 34.55 36.96 39.32 41.58 43.72 45.71 47.52 49.15 50.56 51.73 52.62 53.29 53.77 54.08 54.23 54.25 54.16 54.00 53.79 53.56 53.32 53.10 52.90 52.69 52.46 52.24 52.02 51.83 51.68 51.57 51.50 51.46 51.40 51.32 51.24 51.19 51.24 51.42 51.75 52.21 52.80 53.53 54.39 55.39 56.56 57.88
3.18 1.85 0.74 -0.12 -0.74 -1.17 -1.44 -1.55 -1.48 -1.22 -0.74 -0.04 0.86 1.89 3.02 4.29 5.72 7.30 9.00 10.80 12.68 14.63 16.64 18.69 20.81 23.02 25.30 27.62 29.96 32.29 34.57 36.78 38.91 40.94 42.85 44.62 46.25 47.67 48.84 49.77 50.46 50.97 51.30 51.47 51.50 51.40 51.26 51.06 50.82 50.56 50.31 50.08 49.82 49.56 49.29 49.02 48.77 48.55 48.37 48.23 48.11 47.99 47.85 47.72 47.62 47.59 47.68 47.88 48.20 48.64 49.21 49.92 50.78 51.80 52.95
3.70 2.49 1.50 0.74 0.19 -0.22 -0.52 -0.68 -0.65 -0.43 -0.00 0.58 1.34 2.25 3.26 4.39 5.66 7.09 8.62 10.23 11.92 13.68 15.52 17.39 19.33 21.39 23.55 25.73 27.93 30.11 32.24 34.31 36.30 38.22 40.06 41.79 43.40 44.81 46.00 46.94 47.66 48.18 48.52 48.70 48.74 48.66 48.52 48.32 48.08 47.81 47.53 47.25 46.96 46.65 46.33 46.00 45.69 45.40 45.14 44.91 44.70 44.50 44.29 44.11 43.96 43.90 43.91 44.00 44.18 44.47 44.90 45.47 46.19 47.06 48.05
4.42 3.28 2.32 1.59 1.06 0.68 0.40 0.24 0.25 0.44 0.80 1.26 1.86 2.62 3.49 4.49 5.64 6.92 8.30 9.74 11.24 12.82 14.49 16.21 18.01 19.91 21.91 23.96 26.01 28.04 30.03 31.96 33.83 35.64 37.40 39.08 40.64 42.02 43.19 44.14 44.86 45.38 45.73 45.93 45.99 45.93 45.79 45.59 45.35 45.06 44.76 44.46 44.14 43.78 43.41 43.02 42.63 42.26 41.91 41.57 41.25 40.94 40.65 40.40 40.22 40.12 40.09 40.11 40.17 40.32 40.60 41.02 41.59 42.33 43.17
5.18 4.07 3.15 2.46 1.97 1.61 1.34 1.19 1.18 1.31 1.57 1.89 2.32 2.94 3.72 4.63 5.66 6.80 8.02 9.29 10.62 12.04 13.54 15.11 16.77 18.54 20.39 22.28 24.18 26.08 27.93 29.74 31.50 33.21 34.88 36.47 37.97 39.30 40.44 41.37 42.08 42.61 42.97 43.18 43.25 43.19 43.06 42.89 42.66 42.37 42.05 41.73 41.38 40.97 40.53 40.07 39.62 39.17 38.71 38.26 37.81 37.37 36.97 36.65 36.44 36.32 36.26 36.20 36.15 36.16 36.30 36.57 36.98 37.54 38.19
6.10 5.00 4.09 3.41 2.94 2.60 2.33 2.14 2.07 2.13 2.28 2.47 2.77 3.28 3.99 4.82 5.72 6.70 7.74 8.85 10.04 11.29 12.63 14.05 15.56 17.18 18.88 20.63 22.41 24.20 25.95 27.65 29.31 30.92 32.48 33.98 35.39 36.66 37.75 38.64 39.35 39.88 40.26 40.48 40.57 40.53 40.41 40.26 40.06 39.79 39.47 39.12 38.71 38.23 37.73 37.21 36.69 36.15 35.58 35.00 34.41 33.83 33.31 32.91 32.64 32.50 32.40 32.29 32.15 32.03 32.03 32.14 32.39 32.75 33.22
7.02 5.99 5.13 4.48 4.00 3.64 3.29 3.02 2.86 2.84 2.93 3.04 3.26 3.69 4.33 5.04 5.78 6.58 7.46 8.42 9.45 10.56 11.74 13.01 14.37 15.83 17.40 19.03 20.70 22.39 24.05 25.66 27.22 28.74 30.21 31.61 32.92 34.10 35.14 36.00 36.69 37.23 37.62 37.87 37.98 37.98 37.90 37.78 37.57 37.31 36.99 36.59 36.12 35.59 35.02 34.43 33.83 33.21 32.56 31.86 31.13 30.41 29.76 29.25 28.92 28.71 28.57 28.40 28.16 27.94 27.80 27.77 27.88 28.11 28.47
8.05 7.15 6.37 5.72 5.15 4.63 4.20 3.89 3.69 3.57 3.54 3.63 3.83 4.20 4.73 5.30 5.88 6.51 7.23 8.04 8.92 9.87 10.91 12.03 13.25 14.58 16.00 17.51 19.08 20.66 22.23 23.76 25.25 26.69 28.07 29.36 30.57 31.66 32.61 33.42 34.09 34.63 35.03 35.29 35.44 35.51 35.50 35.37 35.17 34.91 34.58 34.15 33.64 33.06 32.43 31.78 31.11 30.42 29.68 28.88 28.04 27.18 26.40 25.78 25.34 25.05 24.82 24.57 24.26 23.93 23.66 23.53 23.54 23.69 23.98
9.29 8.52 7.79 7.13 6.52 5.96 5.45 5.02 4.71 4.52 4.45 4.46 4.55 4.76 5.15 5.58 6.03 6.54 7.12 7.78 8.50 9.29 10.17 11.15 12.24 13.42 14.72 16.11 17.56 19.04 20.53 21.98 23.40 24.76 26.05 27.27 28.35 29.32 30.19 30.95 31.59 32.11 32.52 32.81 33.01 33.10 33.09 33.01 32.87 32.62 32.25 31.80 31.27 30.67 30.00 29.30 28.56 27.79 26.98 26.10 25.17 24.20 23.31 22.57 22.01 21.59 21.24 20.89 20.49 20.08 19.72 19.49 19.41 19.46 19.65
