test/esri_led_60/data_tma.esri
nrows             510
ncols             462
xllcorner      398000.00
yllcorner     7846000.00
cellsize          500.00
NODATA_value    -9999
[rows 462 to 494 of 510, columns 300 to 374 of 462]
-39.00 -21.43 -14.44 -6.48 -17.02 -39.61 -63.09 -75.98 -87.13 -94.93 -98.07 -95.47 -93.84 -87.56 -81.69 -74.56 -80.13 -84.74 -87.07 -88.90 -91.12 -93.05 -93.43 -92.24 -91.05 -89.09 -85.25 -82.20 -86.45 -88.07 -80.48 -75.22 -66.82 -55.63 -49.09 -50.43 -58.51 -80.03 -86.61 -79.94 -65.34 -53.72 -42.48 -33.65 -28.93 -24.53 -25.23 -21.84 -15.35 -10.30 -3.86 3.23 11.89 -1.03 1.30 6.63 -1.70 -6.77 -0.54 -0.11 -16.56 -21.55 -25.90 -30.46 -30.18 -30.80 -31.66 -32.58 -34.31 -34.61 -33.64 -31.74 -32.19 -33.49 -31.31
-16.30 1.57 20.86 20.68 -6.82 -34.76 -55.82 -71.26 -83.63 -94.10 -100.97 -103.53 -104.53 -106.81 -107.17 -107.29 -100.94 -85.73 -81.70 -82.36 -84.78 -86.87 -87.63 -88.37 -86.93 -81.26 -75.99 -79.60 -85.73 -89.71 -90.14 -86.60 -83.21 -81.80 -81.36 -83.76 -90.75 -97.74 -95.84 -80.05 -62.26 -49.60 -36.37 -28.06 -23.26 -20.29 -21.37 -17.04 -10.96 -9.22 -8.30 -9.86 -9.55 -18.21 -15.62 -13.79 -14.43 -14.75 -13.04 -14.28 -20.59 -24.75 -26.85 -31.54 -33.76 -33.72 -33.79 -34.51 -33.61 -32.49 -32.09 -31.17 -31.09 -32.03 -30.29
3.26 24.65 39.25 22.34 -5.48 -26.50 -45.23 -62.35 -74.90 -84.11 -89.19 -94.11 -100.55 -103.27 -100.71 -89.35 -72.14 -76.21 -74.63 -80.13 -83.58 -85.73 -86.61 -88.57 -87.91 -86.67 -85.23 -90.73 -99.12 -91.55 -102.38 -94.23 -92.37 -94.88 -100.13 -104.17 -109.13 -107.21 -101.92 -84.15 -66.03 -50.53 -37.38 -27.39 -20.35 -18.12 -17.42 -12.12 -4.81 -5.51 -8.47 -16.59 -24.71 -28.43 -31.16 -31.38 -30.58 -31.44 -32.70 -33.77 -34.13 -32.09 -29.85 -30.39 -32.26 -32.67 -32.35 -32.41 -31.51 -30.44 -30.65 -31.10 -31.18 -30.78 -27.84
13.51 29.41 32.18 18.12 6.82 -5.54 -24.91 -42.59 -59.41 -73.55 -81.41 -87.16 -90.16 -92.80 -90.77 -94.11 -100.59 -94.76 -87.18 -87.98 -90.36 -85.80 -86.04 -86.93 -87.39 -90.86 -100.99 -100.81 -95.57 -89.20 -89.53 -88.27 -89.72 -90.05 -92.24 -98.00 -103.11 -102.13 -100.37 -87.04 -69.02 -52.65 -38.58 -26.18 -18.14 -15.39 -13.99 -6.92 -0.02 -1.44 -5.75 -12.32 -18.16 -23.84 -29.19 -31.85 -31.33 -33.42 -35.21 -37.06 -36.78 -32.45 -28.75 -27.78 -28.23 -27.72 -26.69 -28.38 -28.89 -28.03 -28.79 -30.32 -30.59 -30.04 -26.89
28.81 37.26 39.95 31.27 28.46 13.54 -1.63 -34.51 -55.78 -65.85 -75.02 -83.35 -86.91 -94.17 -98.42 -105.09 -111.14 -109.62 -102.21 -95.02 -89.44 -85.41 -85.10 -84.98 -84.67 -86.07 -86.89 -84.90 -82.48 -82.84 -84.73 -84.26 -81.12 -76.55 -73.13 -77.09 -83.15 -90.40 -95.89 -87.39 -68.38 -51.14 -36.11 -24.21 -16.77 -13.59 -10.82 -0.76 8.12 3.83 -2.08 -9.27 -16.76 -20.77 -22.28 -22.45 -20.73 -20.05 -22.27 -26.40 -26.27 -24.27 -25.45 -25.92 -24.40 -22.31 -22.17 -25.41 -26.06 -25.67 -26.40 -28.31 -29.19 -28.53 -28.00
23.37 32.12 30.16 25.70 20.40 -1.82 -24.38 -42.72 -52.81 -60.47 -68.31 -79.18 -92.53 -97.61 -102.20 -102.88 -100.72 -97.97 -96.96 -91.26 -86.31 -85.87 -85.12 -82.75 -80.94 -78.47 -74.94 -72.51 -73.66 -76.41 -78.07 -74.98 -70.12 -68.94 -67.88 -68.74 -75.17 -83.98 -90.00 -85.85 -67.05 -50.09 -34.71 -23.31 -17.46 -13.74 -8.72 4.98 17.33 8.51 0.11 -6.85 -12.84 -14.81 -14.79 -13.21 -12.51 -10.94 -13.63 -17.07 -15.30 -13.63 -19.50 -21.72 -20.13 -18.88 -19.88 -22.45 -23.57 -23.48 -24.02 -25.87 -27.48 -27.85 -27.00
25.80 16.05 3.85 -9.60 -23.80 -35.81 -45.56 -48.91 -52.44 -59.79 -67.15 -75.40 -82.79 -88.41 -91.81 -91.24 -87.39 -83.46 -81.96 -82.75 -84.53 -85.31 -82.17 -79.23 -75.78 -71.33 -65.59 -63.37 -67.05 -70.87 -73.46 -73.64 -72.72 -70.30 -66.78 -67.04 -71.48 -78.37 -83.59 -85.31 -66.20 -49.58 -33.44 -22.85 -18.45 -15.82 -8.01 6.82 16.44 10.00 1.05 -4.93 -9.64 -10.66 -9.28 -8.96 -9.23 -7.35 -7.60 -7.55 -6.63 -8.12 -14.44 -16.54 -16.03 -16.55 -18.47 -20.57 -21.35 -21.40 -21.94 -23.63 -25.50 -26.34 -25.50
0.75 -10.68 -30.54 -44.63 -51.14 -51.51 -51.29 -52.57 -57.04 -63.47 -69.02 -73.52 -74.80 -77.17 -79.14 -77.64 -76.00 -73.93 -73.07 -73.99 -75.76 -77.61 -75.17 -74.44 -70.61 -66.44 -62.92 -61.62 -63.19 -67.10 -71.26 -72.41 -73.08 -69.35 -65.49 -65.46 -66.42 -67.35 -72.43 -76.73 -61.73 -47.03 -32.65 -24.21 -19.40 -17.14 -8.93 1.11 5.41 4.83 0.60 -2.45 -5.01 -6.63 -6.93 -8.76 -10.18 -7.15 -2.89 -0.11 -0.71 -4.97 -10.09 -13.31 -14.02 -14.86 -16.51 -18.43 -19.25 -19.57 -20.18 -21.66 -23.71 -24.79 -24.49
-50.54 -47.84 -49.44 -47.76 -50.33 -51.03 -56.77 -60.60 -64.44 -67.18 -69.63 -72.65 -74.81 -75.60 -73.09 -70.43 -67.78 -65.76 -64.69 -63.15 -65.73 -66.38 -68.63 -69.24 -67.60 -65.45 -65.17 -66.64 -66.79 -68.21 -69.52 -69.91 -67.92 -64.86 -62.51 -61.32 -60.24 -59.85 -60.47 -58.55 -51.70 -41.54 -30.68 -22.51 -18.46 -16.88 -12.12 -6.24 -2.63 -1.71 -2.11 -1.45 -1.88 -3.74 -6.68 -11.15 -12.83 -7.88 1.34 4.82 2.72 -4.38 -7.82 -11.70 -13.01 -13.18 -13.80 -15.76 -17.21 -17.85 -18.43 -19.87 -22.30 -23.75 -24.04
-100.99 -102.46 -82.30 -62.06 -64.48 -67.75 -69.72 -72.78 -69.55 -67.58 -68.11 -70.77 -74.37 -75.94 -71.67 -67.11 -64.68 -62.14 -60.72 -59.37 -60.12 -59.56 -62.53 -65.00 -64.45 -64.42 -65.42 -66.99 -68.10 -67.92 -66.37 -64.34 -61.28 -58.42 -56.05 -54.65 -53.48 -51.52 -48.87 -45.70 -41.00 -34.36 -26.71 -19.22 -14.21 -13.16 -13.49 -12.26 -9.49 -6.92 -6.22 -4.43 -3.34 -4.37 -7.93 -13.51 -14.12 -9.92 1.10 5.81 3.22 -5.72 -7.86 -10.82 -11.20 -10.76 -10.61 -12.85 -15.07 -16.11 -16.85 -18.35 -20.90 -22.52 -23.65
-101.41 -96.03 -93.19 -93.18 -84.22 -80.93 -76.18 -74.52 -69.05 -65.37 -65.07 -66.72 -70.01 -71.01 -67.69 -63.49 -60.81 -58.89 -57.22 -56.74 -54.17 -53.92 -55.95 -56.84 -59.35 -60.61 -61.12 -63.64 -63.92 -61.90 -59.67 -57.72 -54.53 -50.26 -48.44 -47.64 -46.73 -43.90 -40.14 -36.65 -31.79 -26.57 -21.25 -14.70 -9.19 -9.02 -11.46 -10.18 -8.98 -10.04 -10.83 -9.44 -8.08 -7.30 -9.64 -14.41 -14.39 -11.72 -4.20 1.41 0.29 -6.69 -7.87 -8.74 -8.66 -7.93 -7.59 -9.69 -12.20 -13.98 -15.34 -16.88 -19.43 -21.58 -23.10
-76.44 -72.27 -73.10 -76.17 -75.55 -72.52 -67.72 -64.36 -61.60 -60.56 -60.05 -60.72 -62.31 -62.11 -61.07 -60.38 -59.42 -56.76 -52.48 -50.46 -48.81 -48.37 -51.54 -51.83 -54.45 -56.05 -55.66 -57.49 -57.09 -54.08 -51.83 -50.76 -48.41 -44.08 -42.44 -41.34 -40.04 -36.50 -33.39 -29.80 -24.72 -19.29 -14.86 -10.71 -6.89 -7.56 -6.22 -3.98 -5.51 -9.99 -12.38 -11.78 -11.49 -10.24 -10.13 -13.00 -13.68 -11.76 -6.19 -2.44 -2.77 -5.57 -5.97 -6.01 -5.76 -4.96 -4.61 -6.38 -9.18 -11.61 -13.59 -15.46 -17.96 -20.69 -22.39
-54.38 -55.94 -58.77 -60.41 -59.92 -57.67 -54.23 -50.47 -50.47 -52.01 -53.06 -53.66 -52.70 -51.87 -52.30 -53.94 -54.20 -52.32 -49.02 -46.93 -46.48 -43.12 -46.89 -47.46 -49.12 -50.74 -50.25 -50.03 -48.59 -46.39 -44.20 -43.87 -42.73 -39.51 -37.17 -34.78 -31.23 -26.89 -25.08 -23.21 -19.31 -16.24 -14.15 -12.82 -10.70 -6.75 -1.71 -0.67 -2.40 -5.07 -7.64 -8.75 -9.85 -10.32 -10.09 -10.64 -11.58 -11.45 -7.70 -5.15 -5.00 -4.03 -3.13 -3.11 -2.98 -2.27 -1.84 -3.24 -6.32 -9.19 -11.79 -14.18 -16.65 -19.10 -20.65
-37.15 -41.00 -44.11 -45.32 -45.63 -45.87 -46.13 -46.50 -47.07 -47.45 -48.31 -48.57 -46.86 -44.19 -43.68 -43.77 -43.15 -43.34 -44.29 -43.14 -42.72 -38.89 -41.74 -42.26 -43.05 -44.55 -43.90 -42.54 -40.52 -38.97 -37.16 -36.95 -36.26 -33.93 -31.03 -28.22 -24.49 -22.05 -20.90 -17.28 -14.82 -14.64 -16.34 -17.06 -13.12 -6.14 0.31 2.41 1.84 0.54 -0.91 -1.90 -3.22 -5.53 -7.11 -7.38 -7.47 -9.33 -8.44 -6.99 -6.68 -3.88 -1.65 -1.03 -0.70 0.13 0.77 -0.09 -3.37 -6.83 -9.93 -12.64 -15.24 -17.65 -18.48
-21.91 -25.91 -28.95 -32.15 -34.66 -37.82 -41.90 -45.93 -49.09 -49.25 -48.22 -46.47 -42.58 -41.05 -37.97 -36.25 -37.78 -38.77 -39.72 -39.28 -35.90 -34.84 -36.13 -36.33 -37.15 -37.62 -36.96 -35.46 -33.96 -32.20 -30.59 -29.92 -28.85 -26.22 -22.65 -20.04 -17.97 -15.82 -14.04 -12.84 -11.83 -12.48 -14.42 -14.76 -10.87 -5.30 1.30 5.06 5.33 4.52 4.25 4.83 5.33 4.22 1.12 -3.00 -3.35 -6.06 -7.35 -7.21 -6.15 -3.61 -0.91 0.54 1.33 2.23 3.16 2.80 -0.46 -4.21 -7.76 -10.88 -13.90 -16.22 -16.84
-9.20 -13.99 -18.38 -21.96 -26.21 -31.47 -37.22 -43.45 -48.54 -50.21 -50.07 -46.48 -42.98 -35.50 -31.55 -32.09 -32.94 -33.19 -32.80 -32.16 -29.49 -29.66 -30.74 -31.01 -31.52 -31.73 -30.99 -29.61 -28.25 -26.49 -24.48 -22.93 -21.17 -18.34 -14.57 -11.41 -8.99 -6.62 -6.72 -8.18 -8.82 -9.28 -8.52 -6.18 -4.54 -2.57 3.04 6.56 6.88 6.72 7.28 10.84 17.45 16.35 13.54 3.38 0.30 -1.77 -2.58 -2.61 -2.21 -0.63 0.98 2.21 3.12 4.05 4.92 4.68 2.21 -1.27 -5.01 -8.71 -12.21 -14.26 -15.34
0.50 -4.47 -9.55 -14.70 -20.16 -25.85 -32.11 -37.59 -42.59 -45.00 -44.12 -40.53 -36.05 -32.31 -30.53 -28.47 -27.23 -26.47 -25.31 -23.40 -23.27 -25.77 -26.75 -26.87 -27.09 -27.23 -26.27 -24.87 -23.25 -21.42 -18.64 -15.72 -13.24 -10.68 -8.04 -5.31 -3.00 0.63 -4.35 -8.36 -6.70 -5.54 -3.12 -0.20 0.50 1.45 5.42 7.41 7.39 7.00 7.94 13.10 22.00 20.06 22.39 12.31 5.69 3.98 4.06 4.04 3.86 3.92 4.06 4.36 4.66 5.25 5.92 5.63 3.91 1.27 -2.18 -6.02 -9.76 -12.72 -14.91
7.31 2.69 -2.99 -9.01 -14.72 -19.89 -24.17 -28.91 -33.58 -35.27 -34.82 -32.34 -27.72 -24.17 -22.57 -22.04 -21.26 -19.50 -18.57 -18.65 -20.55 -24.64 -25.26 -24.22 -23.11 -22.97 -21.98 -20.60 -18.49 -15.89 -11.95 -7.99 -5.47 -3.21 -1.46 -0.44 0.23 4.97 -1.25 -6.45 -4.86 -3.42 -2.17 0.02 2.50 4.36 6.44 7.43 7.92 8.04 9.47 13.93 17.67 16.37 21.16 16.73 10.94 9.74 10.49 10.41 9.04 7.46 6.56 6.25 5.97 5.96 6.16 5.71 4.50 2.68 -0.05 -3.29 -6.98 -10.65 -13.43
9.26 4.01 -1.42 -6.39 -11.85 -17.06 -22.98 -28.31 -30.13 -31.09 -30.69 -28.59 -24.48 -21.02 -17.95 -16.10 -16.53 -15.59 -16.10 -18.02 -22.11 -24.84 -25.00 -22.39 -18.75 -18.10 -17.25 -16.21 -13.60 -9.22 -4.40 -0.47 1.02 2.21 4.19 4.31 4.18 6.23 3.17 -0.84 -2.21 -2.07 -1.34 0.84 3.32 5.03 6.14 6.91 8.36 10.22 11.74 14.27 15.92 15.48 15.04 14.16 12.27 12.73 14.78 14.88 12.35 9.49 8.08 7.59 7.18 6.65 6.22 5.42 4.06 2.25 0.19 -2.29 -5.37 -8.30 -11.61
4.60 -2.05 -7.19 -10.90 -13.90 -18.34 -23.12 -26.47 -29.07 -29.83 -28.91 -26.91 -24.88 -21.61 -17.94 -14.44 -14.83 -13.92 -14.06 -15.35 -20.33 -22.20 -21.76 -19.03 -14.78 -13.16 -11.76 -10.07 -7.10 -2.68 1.96 5.01 5.60 5.84 7.85 8.87 8.24 7.95 6.44 3.21 0.06 -1.11 -0.84 1.32 3.87 4.90 6.38 8.35 11.12 12.29 12.50 14.21 15.25 14.70 13.60 12.36 11.15 12.73 16.39 18.22 15.35 11.39 9.17 8.61 8.38 7.34 6.37 5.18 3.62 1.39 -1.25 -3.84 -6.89 -9.66 -13.62
-6.32 -10.91 -14.43 -16.43 -18.47 -22.06 -24.44 -26.87 -28.05 -29.22 -28.04 -26.28 -25.93 -24.35 -23.31 -20.70 -17.89 -15.42 -14.06 -12.94 -15.21 -16.69 -15.79 -13.99 -11.36 -8.52 -6.00 -2.95 0.24 3.17 6.48 8.34 8.42 8.36 9.59 11.05 11.26 10.14 8.24 5.41 1.87 -0.12 -0.81 1.15 5.59 5.59 7.18 9.75 13.14 14.23 13.92 14.78 15.23 14.63 13.09 11.77 11.13 11.95 15.56 20.34 19.76 14.54 10.47 9.29 9.13 7.68 6.34 4.89 3.09 0.60 -2.52 -5.92 -9.68 -13.97 -18.24
-17.68 -17.13 -14.52 -14.60 -19.00 -22.39 -23.72 -25.05 -27.16 -28.35 -26.77 -26.19 -26.65 -25.69 -25.16 -24.04 -20.62 -17.56 -15.53 -12.19 -12.00 -12.90 -11.39 -9.67 -7.40 -4.21 -1.05 2.64 5.88 7.58 9.56 10.41 10.33 10.11 10.96 12.60 13.61 12.52 10.56 7.88 4.39 2.78 1.55 3.40 8.57 6.84 7.53 9.38 11.70 12.63 13.60 14.69 15.08 14.79 13.95 13.02 12.61 12.66 14.85 20.01 22.38 18.29 12.74 9.61 8.47 7.21 5.58 3.94 2.12 -0.45 -4.00 -7.93 -12.08 -16.40 -20.45
-13.73 -5.23 -2.40 -8.67 -16.70 -20.09 -22.04 -23.52 -24.17 -23.80 -23.77 -28.65 -30.79 -24.40 -25.15 -24.19 -20.87 -17.73 -15.49 -13.57 -12.87 -12.11 -9.57 -6.67 -3.52 -0.73 2.03 5.95 9.16 10.81 11.05 11.57 12.11 12.24 13.16 14.87 16.26 15.81 14.13 11.26 8.97 8.47 7.67 7.73 8.93 8.58 8.09 8.57 9.74 11.22 12.84 14.22 14.95 14.95 14.62 14.47 14.40 14.08 14.79 18.09 21.77 20.77 15.33 10.02 7.42 5.94 3.94 1.67 -0.29 -2.93 -6.63 -10.66 -14.86 -19.20 -23.43
2.92 7.88 0.22 -12.87 -18.58 -20.61 -22.70 -23.96 -23.40 -21.47 -23.04 -32.41 -33.88 -21.36 -22.97 -23.24 -20.74 -18.09 -16.44 -15.32 -14.29 -11.84 -8.39 -5.09 -1.36 1.22 3.69 7.10 9.99 11.73 11.52 12.35 13.71 14.84 16.32 18.36 19.86 20.31 19.28 16.72 15.08 15.26 14.65 12.46 10.30 9.48 8.75 8.42 9.17 10.67 12.68 14.46 15.37 15.37 14.99 15.05 15.23 15.13 15.34 16.41 19.07 20.76 17.70 10.93 5.87 3.66 1.54 -1.70 -4.31 -6.99 -10.60 -14.62 -18.77 -23.11 -27.03
14.46 -1.32 -15.61 -19.52 -21.05 -21.43 -25.17 -26.36 -24.98 -21.85 -23.08 -37.43 -28.83 -17.35 -18.18 -20.30 -20.07 -18.08 -16.89 -16.04 -13.70 -10.40 -7.07 -4.64 -1.66 1.50 4.37 6.74 8.82 10.43 11.57 13.17 15.42 17.91 20.63 23.55 25.47 26.51 26.35 23.97 22.02 22.15 21.39 17.72 13.43 10.95 9.79 9.29 9.93 11.64 13.75 15.30 15.75 15.47 15.09 14.83 14.81 15.08 15.44 15.49 15.87 17.99 18.29 11.98 4.18 0.47 -1.95 -5.75 -9.17 -11.95 -15.63 -19.65 -23.67 -27.85 -31.32
10.23 -18.64 -31.95 -32.46 -30.07 -26.13 -26.33 -24.06 -21.86 -18.68 -19.25 -29.79 -21.00 -13.91 -13.78 -16.04 -17.11 -16.25 -15.51 -14.69 -12.24 -9.29 -6.70 -4.76 -2.22 1.14 3.95 5.89 7.65 9.58 11.71 14.25 17.38 21.04 25.41 30.46 34.14 34.91 33.80 31.11 29.13 29.24 28.17 23.85 17.86 13.37 11.42 10.76 11.28 13.12 14.87 15.69 15.89 15.40 14.83 14.57 14.28 14.08 14.40 14.49 13.14 13.51 15.09 11.79 2.96 -3.10 -6.49 -10.28 -14.26 -17.77 -21.40 -25.32 -29.21 -33.17 -36.90
-11.82 -30.59 -40.49 -48.46 -48.13 -37.12 -25.64 -17.22 -13.40 -11.68 -12.23 -15.11 -13.27 -11.01 -10.42 -11.23 -12.44 -12.72 -12.31 -11.54 -10.37 -8.75 -6.87 -4.80 -2.14 0.86 3.42 5.29 7.32 9.90 12.72 15.94 19.63 23.74 29.51 37.52 44.43 43.96 39.84 36.96 36.29 36.15 34.17 31.37 22.74 16.18 13.58 12.55 12.79 14.20 15.32 16.23 17.23 17.24 16.17 15.85 14.61 13.19 12.42 12.12 10.88 9.25 8.91 7.40 0.62 -6.53 -11.48 -15.31 -19.56 -23.89 -27.73 -31.45 -35.20 -39.01 -42.67
-28.37 -42.92 -47.55 -51.88 -51.75 -39.04 -24.04 -12.88 -7.33 -5.94 -5.74 -6.41 -7.20 -7.39 -6.69 -6.89 -8.19 -8.93 -8.82 -8.41 -8.16 -7.49 -5.85 -3.60 -1.16 1.39 3.75 5.73 8.18 11.38 14.75 18.35 22.11 26.20 31.92 40.72 49.60 49.98 45.79 42.08 41.10 40.42 37.97 35.41 26.70 19.99 16.58 15.00 14.61 15.03 16.85 19.44 22.19 25.89 25.39 20.53 16.08 13.18 10.96 9.31 8.13 6.02 3.99 1.87 -2.77 -9.65 -15.92 -20.72 -25.21 -29.81 -34.12 -38.00 -41.59 -45.13 -48.49
-29.11 -50.15 -47.37 -37.95 -33.33 -28.48 -21.56 -12.20 -4.36 -4.14 -5.14 -4.48 -3.98 -4.12 -2.24 -3.46 -4.86 -5.53 -5.59 -5.66 -5.61 -5.13 -3.09 -0.64 1.04 2.91 5.19 7.31 10.15 13.74 17.77 21.49 24.99 28.90 33.70 38.90 45.01 50.27 50.38 45.96 42.37 41.08 38.73 35.05 29.30 24.11 20.46 18.40 17.79 18.90 22.49 27.06 31.40 35.85 37.55 29.61 18.82 13.62 10.50 7.71 5.20 3.34 1.49 -1.42 -5.65 -12.33 -19.71 -25.80 -30.74 -35.50 -40.47 -44.64 -47.92 -51.10 -54.37
-21.02 -40.92 -34.97 -22.92 -16.88 -17.42 -17.31 -11.09 -2.71 -3.87 -5.28 -4.05 -2.13 -1.07 1.44 -0.04 -1.05 -1.74 -2.27 -2.73 -2.56 -1.74 0.58 2.83 4.15 5.55 7.56 9.78 12.81 16.60 20.82 24.97 29.06 32.10 34.16 35.69 39.54 45.51 47.97 44.98 41.47 40.06 37.79 34.48 31.23 28.12 25.35 23.43 23.65 26.83 32.12 37.42 41.16 42.81 43.44 37.26 22.30 14.37 10.58 7.41 4.07 1.21 -0.33 -2.14 -6.80 -14.77 -23.38 -30.46 -35.98 -41.36 -46.88 -51.41 -54.18 -56.64 -59.60
-10.19 -13.22 -17.23 -14.75 -11.71 -12.14 -11.85 -8.21 -2.54 -0.68 -2.66 -2.35 0.42 1.96 2.81 3.94 3.72 2.79 1.41 0.61 0.91 2.37 4.51 6.30 7.64 8.93 10.60 12.83 16.04 19.80 23.51 28.13 33.59 35.68 34.22 34.13 35.84 38.73 41.15 41.35 40.18 38.75 36.91 34.29 32.63 31.81 30.89 30.33 32.58 37.60 42.50 45.23 47.72 46.40 41.13 34.45 23.94 15.59 10.92 7.43 3.60 -0.37 -2.64 -3.66 -7.26 -16.12 -26.02 -34.64 -40.81 -46.85 -52.63 -57.45 -60.22 -62.04 -64.12
-3.03 3.98 -3.87 -8.38 -8.90 -8.26 -6.76 -4.74 -1.30 1.21 1.04 1.75 4.06 4.61 5.26 7.87 8.46 7.39 5.87 4.80 5.10 6.65 8.33 9.41 10.58 11.99 13.90 16.66 20.36 23.97 26.73 30.53 35.56 36.94 34.30 33.74 34.17 35.08 37.04 38.73 39.02 37.98 36.59 34.62 33.87 34.70 35.81 37.09 40.80 45.88 47.92 47.70 48.89 46.11 39.81 31.77 24.41 16.59 10.92 6.80 2.53 -1.95 -5.36 -7.40 -9.40 -16.38 -27.53 -37.88 -44.90 -51.45 -57.69 -62.39 -65.44 -67.30 -68.62
-0.27 3.52 -0.21 -4.74 -5.82 -3.78 -2.24 -1.24 0.43 2.22 4.87 7.80 8.75 7.24 8.01 11.89 12.80 11.64 10.69 9.50 9.60 10.97 12.10 11.95 12.86 14.55 17.18 20.97 25.64 29.06 30.64 32.49 35.15 35.99 34.99 34.94 35.31 35.99 37.05 38.32 38.72 38.05 36.70 35.48 35.55 37.29 39.50 41.68 44.94 49.70 51.48 48.57 45.68 42.58 37.88 31.32 23.93 16.05 9.84 5.14 0.36 -4.57 -8.78 -11.73 -13.48 -17.75 -27.96 -39.83 -48.40 -55.17 -61.52 -66.08 -69.60 -71.81 -72.65
