test/esri_led_60/equivalent_source_led_60.esri
nrows             255
ncols             231
xllcorner      398000.00
yllcorner     7846000.00
cellsize         1000.00
NODATA_value    -9999
[rows 216 to 251 of 255, columns 0 to 80 of 231]
-0.60 -0.60 -0.59 -0.72 -0.85 -0.98 -1.11 -1.04 -0.97 -0.90 -0.83 -0.81 -0.79 -0.77 -0.75 -0.76 -0.77 -0.79 -0.80 -0.78 -0.77 -0.75 -0.74 -0.63 -0.52 -0.41 -0.30 -0.25 -0.20 -0.15 -0.10 -0.13 -0.16 -0.19 -0.23 -0.46 -0.68 -0.91 -1.14 -1.11 -1.09 -1.06 -1.04 -0.95 -0.86 -0.77 -0.68 -0.75 -0.81 -0.87 -0.94 -0.89 -0.85 -0.80 -0.76 -0.63 -0.51 -0.38 -0.26 -0.10 0.06 0.22 0.38 0.37 0.36 0.35 0.34 0.25 0.16 0.08 -0.01 -0.16 -0.31 -0.46 -0.61 -0.15 0.31 0.76 1.22 2.19 3.16
-0.57 -0.57 -0.57 -0.70 -0.83 -0.96 -1.05 -0.98 -0.91 -0.84 -0.69 -0.67 -0.65 -0.63 -0.61 -0.62 -0.63 -0.65 -0.76 -0.75 -0.73 -0.71 -0.70 -0.58 -0.47 -0.36 -0.25 -0.20 -0.15 -0.10 -0.36 -0.39 -0.42 -0.46 -0.45 -0.43 -0.66 -0.88 -1.11 -1.09 -1.06 -1.04 -0.93 -0.84 -0.75 -0.66 -0.67 -0.76 -0.83 -0.89 -0.96 -0.72 -0.67 -0.63 -0.58 -0.42 -0.29 -0.17 -0.04 -0.06 0.10 0.26 0.42 0.31 0.30 0.29 0.27 0.19 0.10 0.01 0.13 0.06 -0.09 -0.24 -0.39 0.07 0.53 0.98 1.37 1.82 2.79
-0.54 -0.54 -0.54 -0.67 -0.80 -0.89 -0.99 -0.92 -0.85 -0.69 -0.54 -0.53 -0.51 -0.49 -0.47 -0.48 -0.50 -0.61 -0.72 -0.71 -0.69 -0.67 -0.66 -0.54 -0.41 -0.31 -0.20 -0.15 -0.09 -0.36 -0.62 -0.65 -0.68 -0.68 -0.68 -0.65 -0.63 -0.86 -1.08 -1.06 -1.03 -0.93 -0.82 -0.73 -0.64 -0.65 -0.66 -0.75 -0.85 -0.91 -0.97 -0.74 -0.50 -0.45 -0.41 -0.24 -0.08 0.04 0.17 0.15 0.13 0.29 0.45 0.34 0.23 0.22 0.21 0.12 0.04 0.16 0.27 0.20 0.13 -0.02 -0.17 0.29 0.74 1.14 1.53 1.97 2.42
-0.52 -0.51 -0.51 -0.64 -0.74 -0.83 -0.92 -0.85 -0.70 -0.55 -0.39 -0.38 -0.37 -0.35 -0.33 -0.35 -0.46 -0.57 -0.68 -0.67 -0.65 -0.63 -0.62 -0.50 -0.37 -0.25 -0.14 -0.09 -0.35 -0.62 -0.88 -0.91 -0.91 -0.91 -0.90 -0.88 -0.85 -0.83 -1.06 -1.03 -0.92 -0.82 -0.71 -0.62 -0.63 -0.64 -0.65 -0.74 -0.84 -0.93 -0.99 -0.75 -0.52 -0.28 -0.23 -0.07 0.09 0.26 0.38 0.36 0.34 0.33 0.48 0.38 0.27 0.16 0.15 0.06 0.18 0.30 0.42 0.34 0.27 0.20 0.05 0.51 0.90 1.29 1.68 2.13 2.57
-0.49 -0.49 -0.48 -0.58 -0.67 -0.77 -0.86 -0.71 -0.55 -0.40 -0.25 -0.23 -0.22 -0.21 -0.19 -0.31 -0.42 -0.53 -0.64 -0.63 -0.61 -0.59 -0.58 -0.45 -0.33 -0.21 -0.09 -0.35 -0.61 -0.88 -1.14 -1.14 -1.13 -1.13 -1.13 -1.10 -1.08 -1.05 -1.03 -0.92 -0.81 -0.71 -0.60 -0.61 -0.62 -0.63 -0.64 -0.74 -0.83 -0.92 -1.01 -0.77 -0.53 -0.30 -0.06 0.11 0.27 0.43 0.60 0.58 0.56 0.54 0.52 0.41 0.30 0.19 0.08 0.20 0.32 0.44 0.56 0.49 0.41 0.34 0.27 0.66 1.05 1.44 1.84 2.28 2.73
-0.46 -0.46 -0.46 -0.55 -0.65 -0.74 -0.72 -0.72 -0.56 -0.41 -0.26 -0.24 -0.23 -0.22 -0.29 -0.27 -0.39 -0.50 -0.61 -0.60 -0.58 -0.56 -0.64 -0.51 -0.39 -0.27 -0.22 -0.35 -0.61 -0.87 -1.13 -1.13 -1.13 -1.13 -0.93 -0.90 -0.88 -0.85 -0.84 -1.00 -0.89 -0.78 -0.68 -0.69 -0.70 -0.71 -0.81 -0.90 -0.99 -1.08 -0.95 -0.72 -0.48 -0.24 -0.00 0.16 0.32 0.49 0.49 0.53 0.51 0.49 0.47 0.36 0.25 0.14 0.04 0.15 0.27 0.39 0.50 0.43 0.36 0.29 0.17 0.10 0.49 0.89 1.28 1.38 1.83
-0.44 -0.44 -0.43 -0.53 -0.62 -0.60 -0.58 -0.58 -0.57 -0.42 -0.27 -0.25 -0.24 -0.32 -0.40 -0.37 -0.35 -0.47 -0.58 -0.56 -0.55 -0.62 -0.69 -0.57 -0.45 -0.40 -0.35 -0.48 -0.60 -0.86 -1.12 -1.12 -1.12 -0.92 -0.73 -0.70 -0.68 -0.66 -0.65 -0.81 -0.97 -0.86 -0.75 -0.76 -0.78 -0.87 -0.97 -1.06 -1.15 -1.02 -0.89 -0.66 -0.43 -0.19 0.05 0.21 0.38 0.38 0.38 0.42 0.46 0.44 0.42 0.31 0.20 0.10 -0.00 0.11 0.21 0.33 0.45 0.38 0.31 0.19 0.07 0.00 -0.07 0.33 0.72 0.82 0.93
-0.41 -0.41 -0.41 -0.50 -0.48 -0.46 -0.44 -0.44 -0.43 -0.43 -0.28 -0.26 -0.34 -0.42 -0.50 -0.48 -0.46 -0.44 -0.55 -0.53 -0.61 -0.68 -0.75 -0.63 -0.58 -0.53 -0.48 -0.61 -0.73 -0.86 -1.12 -1.12 -0.92 -0.72 -0.53 -0.50 -0.49 -0.48 -0.47 -0.62 -0.78 -0.94 -0.83 -0.84 -0.94 -1.04 -1.13 -1.22 -1.09 -0.96 -0.83 -0.60 -0.37 -0.13 0.10 0.27 0.27 0.27 0.27 0.31 0.35 0.39 0.37 0.27 0.16 0.06 -0.04 0.06 0.17 0.28 0.40 0.32 0.20 0.09 -0.03 -0.10 -0.17 -0.23 0.16 0.26 0.37
-0.39 -0.38 -0.38 -0.36 -0.34 -0.32 -0.30 -0.30 -0.29 -0.29 -0.29 -0.36 -0.44 -0.52 -0.60 -0.58 -0.56 -0.54 -0.52 -0.59 -0.66 -0.74 -0.81 -0.76 -0.71 -0.66 -0.61 -0.74 -0.86 -0.99 -1.11 -0.91 -0.72 -0.52 -0.32 -0.31 -0.30 -0.29 -0.28 -0.44 -0.59 -0.75 -0.91 -1.00 -1.10 -1.20 -1.30 -1.16 -1.03 -0.90 -0.77 -0.54 -0.31 -0.08 0.16 0.16 0.16 0.16 0.16 0.20 0.25 0.29 0.33 0.22 0.12 0.02 -0.09 0.02 0.13 0.23 0.34 0.22 0.10 -0.02 -0.14 -0.20 -0.27 -0.34 -0.40 -0.29 -0.19
-0.04 -0.03 -0.03 -0.10 -0.08 -0.06 -0.04 -0.04 -0.03 -0.03 -0.24 -0.32 -0.39 -0.47 -0.54 -0.52 -0.50 -0.48 -0.52 -0.70 -0.77 -0.85 -0.92 -0.76 -0.71 -0.66 -0.61 -0.71 -0.83 -0.96 -1.08 -0.89 -0.69 -0.49 -0.44 -0.26 -0.25 -0.24 -0.23 -0.38 -0.54 -0.70 -0.70 -0.59 -0.69 -0.79 -0.88 -0.75 -0.62 -0.49 -0.42 -0.19 0.04 0.27 0.11 0.09 0.09 0.10 0.10 0.14 0.18 0.22 0.54 0.34 0.24 0.14 0.04 -0.15 -0.04 0.07 0.17 0.15 0.03 -0.09 -0.21 -0.28 -0.34 -0.41 -0.35 -0.24 -0.13
0.32 0.32 0.32 0.25 0.18 0.20 0.22 0.22 0.22 0.02 -0.19 -0.27 -0.35 -0.42 -0.49 -0.47 -0.45 -0.49 -0.52 -0.70 -0.88 -0.95 -1.03 -0.87 -0.72 -0.67 -0.62 -0.71 -0.81 -0.93 -1.05 -0.86 -0.66 -0.61 -0.55 -0.37 -0.20 -0.18 -0.17 -0.33 -0.49 -0.49 -0.48 -0.38 -0.28 -0.37 -0.47 -0.34 -0.21 -0.14 -0.07 0.16 0.39 0.22 0.06 0.04 0.03 0.03 0.03 0.07 0.11 0.44 0.76 0.56 0.36 0.26 0.16 -0.02 -0.21 -0.10 0.01 -0.02 -0.05 -0.17 -0.29 -0.35 -0.42 -0.36 -0.29 -0.18 -0.08
0.67 0.67 0.67 0.60 0.53 0.46 0.48 0.48 0.27 0.06 -0.14 -0.22 -0.29 -0.36 -0.43 -0.41 -0.45 -0.49 -0.53 -0.71 -0.88 -1.06 -1.14 -0.98 -0.82 -0.67 -0.62 -0.71 -0.81 -0.90 -1.03 -0.83 -0.78 -0.72 -0.67 -0.49 -0.31 -0.13 -0.12 -0.28 -0.28 -0.28 -0.27 -0.17 -0.07 0.04 -0.06 0.07 0.14 0.21 0.28 0.51 0.34 0.17 0.01 -0.01 -0.02 -0.04 -0.04 0.00 0.33 0.65 0.98 0.78 0.58 0.38 0.28 0.10 -0.08 -0.27 -0.16 -0.19 -0.22 -0.24 -0.36 -0.43 -0.36 -0.30 -0.23 -0.13 0.16
1.02 1.02 1.02 0.95 0.88 0.81 0.74 0.53 0.32 0.11 -0.10 -0.17 -0.24 -0.31 -0.38 -0.42 -0.46 -0.50 -0.53 -0.71 -0.89 -1.07 -1.24 -1.09 -0.93 -0.78 -0.62 -0.71 -0.81 -0.90 -1.00 -0.94 -0.89 -0.84 -0.78 -0.60 -0.43 -0.25 -0.07 -0.07 -0.07 -0.06 -0.06 0.04 0.15 0.25 0.35 0.42 0.49 0.56 0.63 0.46 0.29 0.12 -0.04 -0.06 -0.07 -0.09 -0.10 0.22 0.55 0.87 1.19 1.00 0.80 0.60 0.40 0.22 0.04 -0.14 -0.33 -0.35 -0.38 -0.41 -0.44 -0.37 -0.31 -0.24 -0.18 0.11 0.39
0.86 0.86 0.86 0.79 0.72 0.64 0.87 0.66 0.45 0.24 0.02 -0.05 -0.13 -0.20 -0.16 -0.44 -0.47 -0.51 -0.55 -0.73 -0.91 -1.08 -1.29 -0.90 -0.74 -0.59 -0.43 -0.52 -0.62 -0.71 -0.75 -0.73 -0.68 -0.62 -0.57 -0.39 -0.21 -0.03 0.23 0.17 0.17 0.17 0.18 0.28 0.38 0.49 0.37 0.43 0.50 0.57 0.56 0.64 0.47 0.30 0.14 0.20 0.19 0.17 0.16 0.48 0.81 1.13 1.14 0.94 0.74 0.55 0.33 0.14 -0.05 -0.23 -0.41 -0.44 -0.47 -0.50 -0.41 -0.23 -0.16 -0.10 -0.03 0.25 0.54
0.69 0.69 0.69 0.62 0.55 0.78 1.00 0.79 0.58 0.36 0.13 0.06 -0.01 0.03 0.07 -0.21 -0.49 -0.53 -0.57 -0.75 -0.92 -1.13 -1.34 -0.95 -0.55 -0.40 -0.24 -0.34 -0.43 -0.47 -0.50 -0.48 -0.47 -0.41 -0.36 -0.18 -0.00 0.27 0.54 0.48 0.41 0.41 0.42 0.52 0.62 0.50 0.38 0.44 0.51 0.51 0.50 0.58 0.65 0.49 0.32 0.38 0.45 0.44 0.42 0.75 1.07 1.08 1.09 0.89 0.69 0.47 0.25 0.06 -0.13 -0.31 -0.50 -0.52 -0.55 -0.47 -0.38 -0.20 -0.01 0.05 0.12 0.40 0.69
0.53 0.53 0.53 0.46 0.69 0.91 1.13 0.93 0.70 0.47 0.24 0.17 0.21 0.25 0.29 0.01 -0.27 -0.55 -0.59 -0.76 -0.97 -1.18 -1.39 -1.00 -0.60 -0.21 -0.05 -0.15 -0.18 -0.22 -0.26 -0.24 -0.22 -0.20 -0.14 0.03 0.30 0.57 0.84 0.78 0.72 0.65 0.65 0.76 0.64 0.51 0.39 0.46 0.45 0.45 0.44 0.52 0.59 0.67 0.50 0.57 0.63 0.70 0.68 1.01 1.02 1.02 1.03 0.83 0.61 0.39 0.17 -0.02 -0.21 -0.40 -0.58 -0.61 -0.52 -0.44 -0.35 -0.17 0.02 0.20 0.27 0.55 0.73
0.37 0.37 0.37 0.59 0.82 1.04 1.27 1.04 0.81 0.59 0.36 0.40 0.44 0.48 0.52 0.24 -0.04 -0.32 -0.60 -0.81 -1.02 -1.23 -1.44 -1.05 -0.65 -0.26 0.14 0.10 0.06 0.03 -0.01 0.01 0.03 0.05 0.07 0.34 0.61 0.87 1.14 1.08 1.02 0.96 0.89 0.77 0.65 0.52 0.40 0.39 0.39 0.38 0.38 0.45 0.53 0.60 0.68 0.75 0.81 0.88 0.95 0.95 0.96 0.97 0.98 0.76 0.53 0.31 0.09 -0.10 -0.29 -0.48 -0.66 -0.58 -0.49 -0.40 -0.32 -0.14 0.05 0.23 0.41 0.60 0.78
0.40 0.40 0.40 0.92 1.14 1.36 1.59 0.97 0.75 0.52 0.29 0.33 0.37 0.41 0.66 0.31 0.03 -0.25 -0.53 -0.74 -0.95 -1.16 -1.33 -0.93 -0.53 -0.14 0.26 0.22 0.18 0.14 0.16 0.18 0.20 0.22 0.35 0.45 0.72 0.99 1.25 1.19 1.13 1.07 0.97 0.79 0.67 0.54 0.42 0.30 0.30 0.29 0.29 0.36 0.44 0.51 0.60 0.67 0.73 0.80 0.71 0.58 0.59 0.60 0.61 0.75 0.53 0.31 0.09 -0.10 -0.29 -0.48 -0.76 -0.51 -0.43 -0.34 -0.25 -0.07 0.11 0.29 0.43 0.28 0.46
0.42 0.42 0.42 0.94 1.46 1.69 1.91 1.30 0.68 0.46 0.23 0.27 0.31 0.55 0.80 0.45 0.11 -0.17 -0.45 -0.66 -0.87 -1.05 -1.23 -0.82 -0.42 -0.02 0.37 0.34 0.30 0.31 0.32 0.34 0.36 0.50 0.63 0.73 0.83 1.10 1.37 1.30 1.24 1.15 1.05 0.87 0.69 0.56 0.44 0.32 0.20 0.20 0.19 0.27 0.34 0.43 0.52 0.59 0.66 0.57 0.48 0.35 0.22 0.23 0.23 0.38 0.53 0.31 0.09 -0.10 -0.29 -0.57 -0.86 -0.61 -0.36 -0.28 -0.19 -0.01 0.17 0.31 0.45 0.30 0.14
0.45 0.45 0.45 0.97 1.49 2.01 2.23 1.62 1.00 0.39 0.16 0.20 0.45 0.69 0.94 0.59 0.25 -0.10 -0.38 -0.59 -0.77 -0.94 -1.12 -0.71 -0.31 0.10 0.49 0.45 0.47 0.48 0.49 0.51 0.64 0.78 0.91 1.01 1.11 1.21 1.48 1.41 1.32 1.23 1.14 0.95 0.77 0.58 0.46 0.34 0.22 0.11 0.10 0.18 0.27 0.36 0.45 0.51 0.42 0.33 0.24 0.11 -0.01 -0.14 -0.14 0.01 0.16 0.31 0.09 -0.10 -0.38 -0.67 -0.96 -0.71 -0.46 -0.21 -0.13 0.06 0.19 0.33 0.47 0.32 0.16
0.47 0.47 0.47 0.99 1.51 2.04 2.56 1.94 1.33 0.71 0.10 0.34 0.59 0.83 1.07 0.73 0.39 0.04 -0.30 -0.48 -0.66 -0.83 -1.01 -0.61 -0.20 0.20 0.61 0.62 0.63 0.65 0.66 0.79 0.92 1.06 1.19 1.29 1.39 1.49 1.59 1.49 1.40 1.31 1.22 1.03 0.85 0.66 0.48 0.36 0.24 0.13 0.01 0.10 0.19 0.28 0.37 0.28 0.19 0.10 0.01 -0.12 -0.25 -0.38 -0.51 -0.36 -0.21 -0.06 0.09 -0.20 -0.48 -0.77 -1.05 -0.81 -0.56 -0.31 -0.06 0.08 0.21 0.35 0.49 0.34 0.18
0.20 0.19 0.19 0.72 1.24 1.76 2.78 2.16 1.55 0.93 -0.23 0.44 0.69 0.93 1.18 0.83 0.49 0.14 -0.17 -0.34 -0.52 -0.70 -0.98 -0.57 -0.17 0.24 0.45 0.54 0.55 0.56 0.58 0.74 0.87 1.01 1.14 1.24 1.34 1.44 1.42 1.35 1.26 1.17 1.07 1.10 0.92 0.73 0.55 0.43 0.31 0.20 0.24 0.26 0.35 0.44 0.53 0.44 0.35 0.26 0.02 -0.13 -0.26 -0.39 -0.52 0.08 0.23 0.38 0.53 0.24 -0.04 -0.33 -1.20 -0.86 -0.61 -0.36 -0.12 0.02 0.16 0.30 0.68 0.53 0.37
-0.08 -0.08 -0.08 0.44 0.96 1.98 3.00 2.38 1.77 0.60 -0.57 0.11 0.79 1.03 1.28 0.93 0.59 0.28 -0.03 -0.21 -0.38 -0.66 -0.95 -0.54 -0.14 0.08 0.30 0.38 0.47 0.48 0.49 0.66 0.82 0.96 1.09 1.19 1.29 1.27 1.25 1.18 1.12 1.02 0.93 0.96 0.99 0.80 0.62 0.50 0.38 0.43 0.47 0.49 0.51 0.60 0.69 0.60 0.51 0.27 0.02 -0.13 -0.28 -0.41 -0.53 0.07 0.67 0.81 0.96 0.68 0.39 -0.48 -1.35 -1.00 -0.66 -0.41 -0.17 -0.03 0.11 0.49 0.87 0.72 0.57
-0.36 -0.36 -0.36 0.16 1.18 2.20 3.22 2.60 1.44 0.27 -0.90 -0.22 0.46 1.14 1.38 1.04 0.73 0.42 0.11 -0.07 -0.35 -0.63 -0.92 -0.51 -0.29 -0.08 0.14 0.23 0.31 0.40 0.41 0.58 0.74 0.91 1.04 1.14 1.12 1.10 1.08 1.01 0.95 0.88 0.79 0.82 0.84 0.87 0.69 0.57 0.61 0.66 0.70 0.72 0.74 0.76 0.85 0.76 0.52 0.28 0.03 -0.12 -0.27 -0.42 -0.55 0.05 0.65 1.25 1.40 1.12 0.24 -0.63 -1.50 -1.15 -0.81 -0.47 -0.22 -0.08 0.30 0.68 1.07 0.91 0.96
-0.64 -0.64 -0.64 0.38 1.40 2.42 3.44 2.27 1.10 -0.06 -1.23 -0.55 0.12 0.80 1.48 1.17 0.86 0.55 0.25 -0.04 -0.32 -0.60 -0.88 -0.67 -0.45 -0.23 -0.02 0.07 0.16 0.24 0.33 0.49 0.66 0.82 0.99 0.97 0.95 0.93 0.91 0.85 0.78 0.71 0.65 0.67 0.70 0.73 0.76 0.80 0.84 0.88 0.93 0.95 0.97 0.99 1.01 0.77 0.53 0.28 0.04 -0.11 -0.26 -0.41 -0.56 0.04 0.64 1.24 1.84 0.97 0.10 -0.77 -1.64 -1.30 -0.96 -0.61 -0.27 0.11 0.49 0.88 1.26 1.31 1.36
-1.64 -1.64 -1.64 -0.62 0.40 1.42 4.07 2.16 0.99 -0.18 -1.34 -0.67 0.01 0.69 1.29 0.96 0.65 0.34 0.03 -0.25 -0.53 -0.82 -1.02 -0.80 -0.58 -0.36 -0.11 -0.02 0.06 0.15 0.10 0.21 0.38 0.54 0.71 0.71 0.69 0.67 0.65 0.59 0.52 0.45 0.56 0.58 0.61 0.64 0.71 0.50 0.54 0.58 0.62 0.64 0.67 0.69 0.83 0.87 0.63 0.38 0.14 -0.01 -0.16 -0.31 -0.68 -0.08 0.52 1.12 2.24 1.26 0.39 -0.48 -1.35 -1.61 -1.27 -0.93 -0.58 -0.20 0.18 0.56 1.18 1.23 1.28
-2.64 -2.64 -2.64 -1.62 -0.60 2.05 4.71 2.79 0.88 -0.29 -1.46 -0.78 -0.10 0.50 1.09 0.76 0.43 0.12 -0.18 -0.47 -0.75 -0.95 -1.15 -0.93 -0.71 -0.46 -0.20 -0.12 -0.03 -0.08 -0.13 -0.02 0.10 0.26 0.43 0.43 0.44 0.42 0.40 0.33 0.26 0.36 0.46 0.49 0.52 0.59 0.66 0.45 0.23 0.28 0.32 0.34 0.36 0.51 0.65 0.69 0.73 0.49 0.24 0.09 -0.06 -0.42 -0.79 -0.19 0.41 1.53 2.65 1.67 0.69 -0.18 -1.05 -1.32 -1.59 -1.24 -0.90 -0.52 -0.14 0.48 1.10 1.15 1.20
-3.65 -3.64 -3.64 -2.62 0.03 2.69 5.34 3.43 1.51 -0.40 -1.57 -0.89 -0.29 0.30 0.90 0.57 0.24 -0.09 -0.40 -0.68 -0.88 -1.08 -1.28 -1.06 -0.81 -0.55 -0.29 -0.21 -0.26 -0.31 -0.36 -0.25 -0.13 -0.02 0.15 0.15 0.16 0.16 0.14 0.07 0.17 0.27 0.37 0.40 0.47 0.54 0.61 0.40 0.19 -0.03 0.02 0.04 0.18 0.32 0.47 0.51 0.55 0.59 0.34 0.19 -0.17 -0.54 -0.90 -0.30 0.82 1.94 3.06 2.08 1.09 0.11 -0.76 -1.02 -1.29 -1.56 -1.21 -0.83 -0.22 0.40 1.02 1.07 0.59
-4.65 -4.65 -4.65 -1.99 0.66 3.32 5.97 4.06 2.15 0.23 -1.68 -1.08 -0.49 0.11 0.70 0.37 0.04 -0.29 -0.62 -0.81 -1.01 -1.21 -1.41 -1.15 -0.90 -0.64 -0.39 -0.44 -0.49 -0.54 -0.60 -0.48 -0.36 -0.25 -0.13 -0.13 -0.13 -0.12 -0.12 -0.02 0.08 0.18 0.28 0.35 0.42 0.49 0.56 0.35 0.14 -0.08 -0.29 -0.14 -0.00 0.14 0.29 0.33 0.37 0.41 0.45 0.08 -0.29 -0.65 -1.02 0.10 1.22 2.34 3.46 2.48 1.50 0.52 -0.46 -0.73 -1.00 -1.26 -1.53 -0.91 -0.30 0.32 0.94 0.46 -0.01
-4.73 -4.73 -4.72 -0.73 1.92 4.58 7.23 5.32 3.40 1.49 -1.24 -0.64 -0.04 0.55 0.97 0.77 0.44 0.11 -0.22 -0.41 -0.61 -0.81 -0.61 -0.36 -0.10 0.16 0.27 0.22 0.17 0.12 -0.35 -0.22 -0.11 0.01 0.12 0.13 0.13 0.13 -0.20 -0.10 0.00 0.10 0.29 0.23 0.30 0.37 0.44 -0.13 -0.34 -0.55 -0.76 -0.62 -0.47 -0.33 0.11 0.15 0.19 0.23 0.23 -0.10 -0.46 -0.83 -1.19 -0.07 1.05 2.17 2.63 2.95 1.97 0.99 0.01 -0.25 -0.52 -0.79 -2.16 0.04 0.66 1.27 1.89 1.66 1.18
-4.81 -4.81 -4.80 -0.81 3.18 5.83 8.49 6.57 4.66 1.93 -0.79 -0.20 0.40 0.82 1.24 1.04 0.84 0.51 0.18 -0.01 -0.21 -0.01 0.19 0.44 0.70 0.82 0.93 0.88 0.83 0.36 -0.10 0.02 0.15 0.26 0.38 0.38 0.38 0.05 -0.28 -0.18 -0.08 0.10 0.29 0.23 0.18 0.25 0.31 -0.25 -0.81 -1.02 -1.23 -1.09 -0.95 -0.51 -0.07 -0.03 0.01 0.01 0.01 -0.31 -0.64 -1.01 -1.37 -0.25 0.87 1.33 1.80 2.12 2.45 1.47 0.49 0.22 -0.05 -1.42 -2.79 -0.59 1.61 2.23 2.84 2.61 2.37
-4.89 -4.88 -4.88 -0.89 3.10 7.09 9.74 7.83 5.10 2.38 -0.35 0.25 0.67 1.08 1.50 1.31 1.11 0.91 0.58 0.39 0.59 0.79 0.99 1.24 1.36 1.47 1.59 1.54 1.07 0.61 0.14 0.27 0.39 0.52 0.63 0.64 0.30 -0.03 -0.36 -0.26 -0.08 0.11 0.29 0.24 0.18 0.12 0.19 -0.37 -0.93 -1.50 -1.71 -1.56 -1.13 -0.69 -0.25 -0.21 -0.21 -0.20 -0.20 -0.53 -0.86 -1.18 -1.55 -0.43 0.04 0.50 0.97 1.29 1.62 1.94 0.96 0.69 -0.68 -2.05 -3.43 -1.23 0.98 3.18 3.79 3.56 3.33
-4.97 -4.96 -4.95 -0.97 3.02 7.01 11.00 8.27 5.55 2.82 0.10 0.52 0.93 1.35 1.77 1.57 1.38 1.18 0.98 1.18 1.38 1.58 1.78 1.90 2.02 2.13 2.25 1.79 1.32 0.85 0.39 0.51 0.64 0.76 0.89 0.55 0.22 -0.11 -0.44 -0.26 -0.07 0.11 0.30 0.24 0.18 0.13 0.07 -0.49 -1.06 -1.62 -2.18 -1.74 -1.30 -0.87 -0.43 -0.43 -0.42 -0.42 -0.42 -0.74 -1.07 -1.40 -1.72 -1.26 -0.79 -0.33 0.14 0.46 0.79 1.11 1.43 0.06 -1.31 -2.69 -4.06 -1.86 0.34 2.55 4.75 4.51 4.28
-4.97 -4.97 -4.96 -0.97 3.02 7.00 10.03 7.09 4.36 1.64 -1.09 0.32 0.74 1.16 1.58 1.38 1.18 0.99 0.84 0.43 0.63 0.83 1.03 0.83 0.95 1.07 1.19 0.93 0.46 -0.00 -0.47 -0.08 0.04 0.16 0.29 0.16 -0.17 -0.50 -0.84 -0.65 -0.46 -0.28 0.32 0.26 0.21 0.15 -0.09 -0.65 -1.22 -1.78 -1.83 -0.70 -0.26 0.18 0.62 -0.25 -0.25 -0.24 -0.24 -0.57 -0.90 -1.22 -0.69 -2.02 -1.56 -1.09 -0.63 -0.30 0.02 0.34 2.69 0.44 -0.94 -2.31 -3.68 -3.15 -0.95 1.25 3.45 4.31 4.08
-4.98 -4.98 -4.97 -0.98 3.01 6.04 9.06 6.12 3.17 0.45 -2.28 -0.86 0.55 0.97 1.38 1.19 0.99 0.85 0.70 0.29 -0.12 0.08 0.28 0.08 -0.11 0.00 0.12 -0.14 -0.40 -0.86 -1.33 -0.94 -0.56 -0.43 -0.31 -0.43 -0.56 -0.89 -1.23 -1.04 -0.86 -0.26 0.34 0.29 0.23 -0.01 -0.25 -0.81 -1.38 -1.42 -1.47 -0.34 0.78 1.22 1.66 0.79 -0.07 -0.07 -0.07 -0.39 -0.72 -0.19 0.34 -0.99 -2.32 -1.86 -1.39 -1.07 -0.75 1.60 3.95 1.70 -0.56 -1.93 -3.31 -2.78 -2.24 -0.04 2.16 3.02 3.88
-4.99 -4.98 -4.98 -0.99 2.04 5.07 8.09 5.15 2.21 -0.74 -3.46 -2.05 -0.64 0.78 1.19 1.00 0.85 0.70 0.56 0.15 -0.26 -0.67 -0.47 -0.67 -0.86 -1.06 -0.95 -1.21 -1.46 -1.72 -2.19 -1.80 -1.42 -1.03 -0.91 -1.03 -1.16 -1.28 -1.62 -1.43 -0.83 -0.23 0.37 0.31 0.07 -0.17 -0.41 -0.97 -1.02 -1.07 -1.11 0.01 1.14 2.27 2.70 1.84 0.97 0.11 0.11 -0.22 0.31 0.85 1.38 0.04 -1.29 -2.62 -2.16 -1.84 0.51 2.86 5.21 2.96 0.70 -1.56 -2.93 -2.40 -1.87 -1.34 0.86 1.72 2.58
