test/esri_led_60/equivalent_source_led_60.esri
nrows             255
ncols             231
xllcorner      398000.00
yllcorner     7846000.00
cellsize         1000.00
NODATA_value    -9999
[rows 72 to 107 of 255, columns 0 to 80 of 231]
0.11 0.11 0.11 0.27 0.42 0.58 0.73 0.59 0.45 0.31 0.16 0.26 0.37 0.47 0.57 0.17 -0.23 -0.62 -1.02 -1.19 -1.36 -1.54 -1.71 -1.47 -1.23 -1.00 -0.76 -1.16 -1.56 -1.96 -2.36 -2.39 -2.41 -2.44 -2.47 -2.14 -1.81 -1.48 -1.16 -1.04 -0.92 -0.81 -0.69 -0.55 -0.42 -0.28 -0.14 -0.08 -0.02 0.04 0.10 0.06 0.03 -0.00 -0.04 -0.02 -0.01 0.00 0.02 0.04 0.06 0.09 0.11 -0.01 -0.13 -0.25 -0.37 -0.24 -0.10 0.04 0.17 0.17 0.16 0.15 0.14 0.03 -0.09 -0.20 -0.31 0.41 1.14
0.03 0.03 0.03 0.12 0.27 0.43 0.58 0.44 0.30 0.16 0.02 0.12 0.22 0.32 0.37 -0.02 -0.42 -0.81 -1.31 -0.56 -0.73 -0.90 -1.08 -0.84 -0.60 -0.36 1.35 0.60 0.20 -0.20 -0.60 -0.63 -0.65 -0.68 -1.68 -1.36 -1.03 -0.70 -0.80 -0.68 -0.56 -0.45 -0.55 -0.52 -0.38 -0.24 -0.10 0.02 0.08 0.14 0.20 0.17 0.13 0.10 0.14 0.06 0.07 0.08 0.10 0.03 0.05 0.08 0.10 -0.01 -0.13 -0.25 -0.37 -0.23 -0.10 0.04 0.23 0.06 0.05 0.04 0.03 -0.08 -0.20 -0.31 -0.36 0.41 1.13
-0.06 -0.06 -0.05 0.04 0.13 0.28 0.44 0.29 0.15 0.01 -0.12 -0.02 0.08 0.13 0.18 -0.21 -0.61 -1.11 -1.61 -0.85 -0.10 -0.27 -0.45 -0.21 0.03 1.74 3.46 2.71 1.96 1.56 1.16 1.14 1.11 0.10 -0.90 -0.58 -0.25 -0.34 -0.44 -0.32 -0.20 -0.30 -0.40 -0.37 -0.34 -0.20 -0.06 0.06 0.19 0.24 0.30 0.27 0.24 0.28 0.32 0.23 0.15 0.16 0.17 0.11 0.04 0.06 0.09 -0.02 -0.12 -0.24 -0.37 -0.23 -0.09 0.10 0.29 0.12 -0.06 -0.07 -0.08 -0.19 -0.31 -0.36 -0.41 0.36 1.13
-0.14 -0.14 -0.14 -0.05 0.04 0.13 0.29 0.15 0.01 -0.13 -0.27 -0.17 -0.11 -0.06 -0.01 -0.41 -0.91 -1.41 -1.91 -1.15 -0.39 0.36 0.19 0.43 2.14 3.85 5.56 4.82 4.07 3.32 2.92 2.90 1.89 0.88 -0.12 0.21 0.11 0.02 -0.08 0.04 -0.06 -0.16 -0.25 -0.22 -0.19 -0.16 -0.02 0.10 0.22 0.35 0.41 0.37 0.41 0.46 0.50 0.41 0.33 0.24 0.25 0.19 0.12 0.05 0.07 -0.03 -0.14 -0.24 -0.36 -0.22 -0.03 0.16 0.36 0.18 -0.00 -0.18 -0.19 -0.30 -0.35 -0.40 -0.45 0.32 1.09
-0.23 -0.22 -0.22 -0.13 -0.04 0.05 0.14 0.00 -0.13 -0.27 -0.41 -0.36 -0.31 -0.25 -0.20 -0.70 -1.20 -1.70 -2.20 -1.45 -0.69 0.06 0.82 2.53 4.24 5.96 7.67 6.92 6.18 5.43 4.68 3.68 2.67 1.67 0.66 0.57 0.47 0.38 0.28 0.19 0.09 -0.01 -0.11 -0.08 -0.05 -0.02 0.01 0.14 0.26 0.39 0.51 0.55 0.59 0.63 0.68 0.59 0.50 0.42 0.33 0.27 0.20 0.13 0.06 -0.04 -0.15 -0.25 -0.36 -0.16 0.03 0.22 0.42 0.24 0.06 -0.12 -0.30 -0.35 -0.40 -0.45 -0.50 0.27 1.04
-0.23 -0.22 -0.22 -0.18 -0.09 -0.00 0.09 -0.05 -0.19 -0.33 -0.38 -0.33 -0.28 -0.22 -0.03 -0.42 -0.92 -1.42 -1.92 -1.17 -0.41 0.34 0.25 0.87 2.58 4.29 6.00 5.26 4.51 3.77 3.90 4.08 3.08 2.07 1.07 0.86 0.77 0.67 0.58 0.48 0.39 0.29 -0.07 -0.11 -0.08 -0.05 -0.02 0.11 0.23 0.36 0.42 0.39 0.43 0.47 0.51 0.43 0.35 0.26 0.17 0.11 0.04 -0.03 0.01 -0.10 -0.20 -0.31 -0.40 -0.19 -0.00 0.19 0.39 0.21 0.03 -0.15 -0.32 -0.42 -0.47 -0.52 -0.57 0.20 0.97
-0.23 -0.22 -0.22 -0.18 -0.15 -0.06 0.03 -0.10 -0.24 -0.30 -0.35 -0.30 -0.25 -0.05 0.15 -0.25 -0.65 -1.15 -1.65 -0.89 -0.14 -0.23 -0.33 0.29 0.91 2.63 4.34 3.59 2.85 2.98 3.11 3.30 3.48 2.48 1.47 1.27 1.07 0.97 0.88 0.78 0.68 0.33 -0.03 -0.07 -0.11 -0.08 -0.05 0.08 0.20 0.27 0.34 0.30 0.27 0.31 0.35 0.27 0.19 0.10 0.02 -0.05 -0.12 -0.09 -0.05 -0.16 -0.26 -0.35 -0.44 -0.23 -0.03 0.16 0.36 0.18 -0.00 -0.17 -0.35 -0.44 -0.54 -0.59 -0.64 0.13 0.90
-0.22 -0.22 -0.22 -0.18 -0.15 -0.11 -0.02 -0.16 -0.21 -0.27 -0.32 -0.27 -0.07 0.13 0.32 -0.07 -0.47 -0.87 -1.37 -0.61 -0.71 -0.80 -0.90 -0.28 0.34 0.96 2.67 1.93 2.06 2.19 2.33 2.51 2.70 2.88 1.88 1.67 1.47 1.27 1.17 1.08 0.72 0.36 0.01 -0.03 -0.07 -0.10 -0.07 0.05 0.12 0.18 0.25 0.22 0.18 0.15 0.19 0.11 0.03 -0.06 -0.14 -0.21 -0.18 -0.14 -0.11 -0.22 -0.30 -0.39 -0.48 -0.28 -0.07 0.13 0.33 0.15 -0.03 -0.20 -0.38 -0.47 -0.57 -0.66 -0.71 0.06 0.87
-0.22 -0.22 -0.21 -0.18 -0.14 -0.11 -0.07 -0.13 -0.18 -0.24 -0.29 -0.09 0.10 0.30 0.50 0.10 -0.30 -0.69 -1.09 -1.19 -1.28 -1.38 -1.47 -0.85 -0.23 0.39 1.01 1.14 1.28 1.41 1.54 1.73 1.91 2.10 2.28 2.08 1.88 1.67 1.47 1.11 0.76 0.40 0.05 0.01 -0.03 -0.07 -0.10 -0.04 0.03 0.10 0.17 0.13 0.10 0.06 0.03 -0.05 -0.14 -0.22 -0.30 -0.27 -0.23 -0.20 -0.17 -0.26 -0.34 -0.43 -0.52 -0.32 -0.11 0.09 0.30 0.12 -0.05 -0.23 -0.40 -0.50 -0.59 -0.69 -0.78 0.03 0.84
-0.29 -0.28 -0.28 -0.24 -0.21 -0.17 -0.15 -0.25 -0.30 -0.35 -0.41 -0.42 -0.22 -0.03 0.17 -0.23 -0.62 -1.02 -1.07 -1.16 -1.26 -1.35 -1.44 -1.72 -1.10 -0.48 0.13 0.15 0.28 0.42 0.55 1.02 1.20 1.39 1.57 1.58 1.38 1.17 0.97 0.61 0.26 -0.10 -0.02 0.17 0.13 0.09 0.06 0.12 0.19 0.26 0.31 0.28 0.25 0.21 0.18 0.10 0.02 -0.07 -0.13 -0.10 -0.07 -0.03 -0.00 -0.12 -0.21 -0.30 -0.38 -0.18 0.02 0.23 0.26 0.09 -0.09 -0.26 -0.13 -0.23 -0.32 -0.42 -0.72 -0.83 -0.02
-0.35 -0.34 -0.34 -0.30 -0.27 -0.25 -0.23 -0.33 -0.42 -0.47 -0.53 -0.54 -0.55 -0.35 -0.16 -0.55 -0.95 -1.00 -1.05 -1.14 -1.24 -1.32 -1.40 -1.69 -1.97 -1.36 -0.74 -0.72 -0.71 -0.57 -0.44 0.02 0.49 0.67 0.86 0.87 0.88 0.67 0.47 0.12 -0.24 -0.16 -0.08 0.11 0.29 0.25 0.22 0.28 0.35 0.41 0.46 0.43 0.39 0.36 0.33 0.25 0.17 0.10 0.04 0.07 0.10 0.13 0.17 0.05 -0.07 -0.16 -0.25 -0.04 0.16 0.20 0.23 0.06 -0.12 0.01 0.14 0.04 -0.05 -0.36 -0.66 -0.77 -0.87
-0.41 -0.41 -0.40 -0.37 -0.35 -0.33 -0.31 -0.41 -0.50 -0.59 -0.64 -0.66 -0.67 -0.68 -0.48 -0.88 -0.93 -0.98 -1.03 -1.12 -1.20 -1.29 -1.37 -1.66 -1.94 -2.23 -1.61 -1.59 -1.58 -1.57 -1.43 -0.97 -0.51 -0.04 0.14 0.15 0.16 0.18 -0.03 -0.38 -0.30 -0.22 -0.14 0.05 0.23 0.41 0.38 0.44 0.50 0.55 0.61 0.58 0.55 0.51 0.48 0.40 0.34 0.27 0.21 0.24 0.27 0.30 0.33 0.21 0.10 -0.02 -0.11 0.09 0.13 0.16 0.20 0.02 0.15 0.28 0.41 0.32 0.01 -0.29 -0.60 -0.70 -0.81
-0.48 -0.47 -0.47 -0.45 -0.43 -0.41 -0.39 -0.49 -0.58 -0.67 -0.76 -0.77 -0.79 -0.80 -0.81 -0.86 -0.91 -0.96 -1.01 -1.09 -1.17 -1.25 -1.34 -1.62 -1.91 -2.19 -2.48 -2.47 -2.45 -2.44 -2.42 -1.96 -1.50 -1.03 -0.57 -0.56 -0.55 -0.54 -0.53 -0.45 -0.36 -0.28 -0.20 -0.01 0.17 0.35 0.54 0.59 0.65 0.70 0.76 0.73 0.70 0.67 0.64 0.57 0.51 0.44 0.38 0.41 0.44 0.47 0.50 0.38 0.26 0.14 0.02 0.06 0.10 0.13 0.17 0.30 0.42 0.55 0.68 0.38 0.07 -0.23 -0.54 -0.64 -0.75
-0.51 -0.50 -0.50 -0.51 -0.49 -0.47 -0.45 -0.54 -0.64 -0.73 -0.72 -0.73 -0.74 -0.76 -0.93 -0.94 -0.99 -1.03 -1.08 -0.91 -0.99 -1.08 -1.16 -1.44 -1.73 -2.01 -2.03 -2.09 -2.07 -2.06 -2.05 -1.58 -1.12 -0.66 -0.58 -0.57 -0.56 -0.55 -0.54 -0.43 -0.35 -0.26 -0.18 -0.11 0.07 0.26 0.44 0.50 0.55 0.61 0.56 0.53 0.50 0.47 0.39 0.32 0.26 0.19 0.13 0.19 0.22 0.25 0.28 0.16 0.05 -0.07 0.04 -0.03 0.01 0.04 0.08 -0.04 0.09 0.22 0.35 0.23 -0.08 -0.38 -0.69 -0.79 -0.90
-0.54 -0.53 -0.53 -0.54 -0.54 -0.53 -0.51 -0.60 -0.69 -0.68 -0.67 -0.69 -0.70 -0.87 -1.05 -1.06 -1.06 -1.11 -1.16 -0.99 -0.81 -0.90 -0.98 -1.27 -1.55 -1.56 -1.57 -1.63 -1.69 -1.68 -1.67 -1.20 -0.74 -0.67 -0.59 -0.58 -0.57 -0.56 -0.56 -0.44 -0.33 -0.25 -0.16 -0.09 -0.02 0.16 0.35 0.40 0.46 0.41 0.37 0.34 0.31 0.22 0.14 0.07 0.01 -0.06 -0.13 -0.06 0.00 0.03 0.07 -0.05 -0.17 -0.06 0.05 -0.02 -0.08 -0.05 -0.01 -0.13 -0.25 -0.12 0.01 -0.11 -0.23 -0.53 -0.84 -0.94 -1.05
-0.57 -0.57 -0.56 -0.57 -0.58 -0.58 -0.57 -0.66 -0.65 -0.64 -0.63 -0.64 -0.82 -0.99 -1.17 -1.18 -1.18 -1.19 -1.24 -1.06 -0.89 -0.72 -0.80 -1.09 -1.10 -1.11 -1.12 -1.18 -1.24 -1.30 -1.29 -0.83 -0.75 -0.68 -0.60 -0.59 -0.58 -0.58 -0.57 -0.46 -0.34 -0.23 -0.15 -0.07 -0.00 0.07 0.25 0.31 0.26 0.22 0.18 0.14 0.06 -0.03 -0.11 -0.18 -0.24 -0.31 -0.38 -0.31 -0.25 -0.18 -0.15 -0.27 -0.16 -0.05 0.06 -0.01 -0.07 -0.14 -0.10 -0.22 -0.34 -0.46 -0.33 -0.45 -0.57 -0.68 -0.99 -1.09 -1.39
-0.61 -0.60 -0.59 -0.60 -0.61 -0.62 -0.62 -0.61 -0.61 -0.60 -0.59 -0.76 -0.94 -1.11 -1.29 -1.30 -1.30 -1.31 -1.32 -1.14 -0.97 -0.80 -0.62 -0.63 -0.65 -0.66 -0.67 -0.73 -0.79 -0.85 -0.91 -0.84 -0.76 -0.69 -0.61 -0.61 -0.60 -0.59 -0.59 -0.47 -0.36 -0.24 -0.13 -0.06 0.01 0.09 0.16 0.11 0.07 0.03 -0.02 -0.10 -0.19 -0.28 -0.36 -0.43 -0.50 -0.56 -0.63 -0.57 -0.50 -0.44 -0.37 -0.26 -0.15 -0.04 0.07 0.00 -0.06 -0.13 -0.19 -0.31 -0.43 -0.55 -0.67 -0.79 -0.90 -1.02 -1.14 -1.43 -1.73
-0.34 -0.34 -0.33 -0.34 -0.35 -0.35 -0.40 -0.43 -0.42 -0.41 -0.40 -0.58 -0.75 -0.93 -1.17 -1.20 -1.21 -1.22 -1.22 -1.05 -0.88 -0.70 -0.86 -0.94 -0.95 -0.96 -0.97 -1.03 -1.09 -1.15 -1.13 -1.07 -1.00 -0.92 -0.85 -0.71 -0.71 -0.70 -0.69 -0.66 -0.54 -0.43 -0.32 -0.24 -0.17 -0.10 -0.10 -0.06 -0.10 -0.15 -0.19 -0.28 -0.36 -0.45 -0.36 -0.43 -0.50 -0.56 -0.47 -0.40 -0.34 -0.27 -0.27 -0.17 -0.06 0.05 0.16 0.07 0.00 -0.06 -0.13 -0.25 -0.36 -0.48 -0.75 0.00 -0.11 -0.23 -0.35 -0.64 -0.94
-0.08 -0.07 -0.07 -0.07 -0.08 -0.13 -0.18 -0.21 -0.23 -0.22 -0.22 -0.39 -0.57 -0.81 -1.06 -1.09 -1.12 -1.12 -1.13 -0.96 -0.79 -0.94 -1.09 -1.17 -1.25 -1.26 -1.28 -1.34 -1.40 -1.38 -1.36 -1.30 -1.24 -1.16 -1.09 -0.95 -0.81 -0.81 -0.80 -0.77 -0.73 -0.62 -0.50 -0.43 -0.36 -0.35 -0.35 -0.31 -0.28 -0.32 -0.37 -0.45 -0.54 -0.45 -0.36 -0.43 -0.50 -0.40 -0.30 -0.24 -0.17 -0.17 -0.17 -0.07 0.02 0.13 0.24 0.15 0.07 0.00 -0.06 -0.18 -0.30 -0.56 -0.83 -0.08 0.68 0.56 0.44 0.15 -0.15
0.18 0.19 0.20 0.19 0.14 0.09 0.04 0.01 -0.01 -0.04 -0.03 -0.20 -0.45 -0.70 -0.94 -0.97 -1.00 -1.03 -1.04 -0.87 -1.02 -1.17 -1.33 -1.41 -1.49 -1.57 -1.58 -1.64 -1.62 -1.60 -1.58 -1.52 -1.46 -1.40 -1.33 -1.19 -1.05 -0.91 -0.91 -0.87 -0.84 -0.80 -0.69 -0.62 -0.61 -0.61 -0.60 -0.57 -0.53 -0.49 -0.54 -0.63 -0.54 -0.45 -0.36 -0.43 -0.33 -0.24 -0.14 -0.08 -0.07 -0.07 -0.06 0.03 0.12 0.22 0.33 0.24 0.15 0.07 0.00 -0.12 -0.38 -0.65 -0.91 -0.16 0.60 1.35 1.23 0.94 0.85
0.44 0.45 0.46 0.41 0.36 0.31 0.26 0.24 0.21 0.18 0.16 -0.09 -0.34 -0.58 -0.83 -0.86 -0.89 -0.92 -0.95 -1.10 -1.26 -1.41 -1.56 -1.64 -1.72 -1.80 -1.88 -1.86 -1.84 -1.82 -1.80 -1.74 -1.68 -1.62 -1.56 -1.43 -1.29 -1.15 -1.01 -0.98 -0.94 -0.91 -0.88 -0.87 -0.87 -0.86 -0.86 -0.82 -0.79 -0.75 -0.71 -0.63 -0.54 -0.45 -0.36 -0.27 -0.17 -0.07 0.02 0.03 0.03 0.03 0.04 0.13 0.23 0.32 0.41 0.33 0.24 0.15 0.07 -0.20 -0.46 -0.73 -0.99 -0.24 0.51 1.27 2.02 1.93 1.84
0.44 0.45 0.46 0.41 0.36 0.31 0.17 0.15 0.12 0.09 0.01 -0.28 -0.53 -0.78 -1.02 -1.05 -1.08 -1.11 -1.01 -1.11 -1.26 -1.41 -1.57 -1.65 -1.73 -1.81 -1.84 -1.88 -1.86 -1.84 -1.82 -1.76 -1.70 -1.64 -1.67 -1.50 -1.36 -1.22 -1.09 -1.05 -1.02 -0.98 -0.88 -0.73 -0.73 -0.72 -0.72 -0.68 -0.65 -0.61 -0.47 -0.41 -0.32 -0.24 -0.15 -0.19 -0.09 0.00 0.10 0.15 0.15 0.16 0.16 0.26 0.35 0.44 0.26 0.18 0.09 0.01 0.03 0.31 0.04 -0.22 -0.49 0.27 1.02 1.77 1.55 0.28 0.19
0.44 0.45 0.46 0.41 0.36 0.22 0.08 0.06 0.03 -0.05 -0.13 -0.43 -0.72 -0.97 -1.22 -1.25 -1.28 -1.17 -1.07 -1.17 -1.26 -1.42 -1.57 -1.65 -1.73 -1.77 -1.80 -1.84 -1.87 -1.86 -1.84 -1.78 -1.72 -1.75 -1.78 -1.61 -1.44 -1.30 -1.16 -1.13 -1.09 -0.99 -0.88 -0.73 -0.59 -0.58 -0.58 -0.54 -0.51 -0.37 -0.23 -0.17 -0.11 -0.02 0.07 0.03 -0.01 0.08 0.18 0.23 0.28 0.28 0.29 0.38 0.47 0.29 0.12 0.03 -0.06 -0.04 -0.02 0.27 0.55 0.29 0.02 0.77 1.53 1.31 1.09 -0.19 -1.47
0.43 0.45 0.45 0.40 0.27 0.13 -0.01 -0.03 -0.11 -0.19 -0.27 -0.57 -0.87 -1.17 -1.41 -1.44 -1.34 -1.23 -1.13 -1.23 -1.33 -1.42 -1.58 -1.66 -1.69 -1.73 -1.76 -1.80 -1.83 -1.87 -1.85 -1.79 -1.82 -1.85 -1.88 -1.71 -1.54 -1.37 -1.23 -1.20 -1.10 -0.99 -0.88 -0.74 -0.59 -0.44 -0.44 -0.40 -0.26 -0.12 0.02 0.08 0.13 0.19 0.28 0.24 0.20 0.16 0.26 0.31 0.36 0.41 0.41 0.50 0.32 0.15 -0.03 -0.12 -0.10 -0.08 -0.06 0.22 0.51 0.79 0.53 1.28 1.06 0.84 0.62 -0.66 -1.94
0.43 0.44 0.45 0.32 0.18 0.04 -0.09 -0.17 -0.25 -0.33 -0.41 -0.71 -1.01 -1.31 -1.61 -1.50 -1.40 -1.29 -1.19 -1.29 -1.39 -1.48 -1.58 -1.62 -1.65 -1.69 -1.72 -1.76 -1.79 -1.83 -1.87 -1.90 -1.93 -1.96 -1.99 -1.82 -1.65 -1.48 -1.31 -1.20 -1.10 -0.99 -0.89 -0.74 -0.59 -0.45 -0.30 -0.16 -0.02 0.12 0.26 0.32 0.38 0.44 0.50 0.46 0.41 0.37 0.33 0.38 0.43 0.48 0.53 0.36 0.18 -0.00 -0.18 -0.16 -0.14 -0.12 -0.10 0.18 0.47 0.75 1.03 0.81 0.59 0.37 0.15 -1.12 -2.40
0.24 0.25 0.26 -0.01 -0.15 -0.29 -0.43 -0.29 -0.37 -0.45 -0.53 -0.83 -1.13 -1.43 -1.60 -1.50 -1.39 -1.29 -1.33 -1.41 -1.51 -1.61 -1.70 -1.74 -1.77 -1.81 -1.73 -1.68 -1.72 -1.75 -1.79 -1.82 -1.85 -1.88 -1.82 -1.65 -1.48 -1.31 -1.28 -1.17 -1.07 -0.96 -1.03 -1.00 -0.85 -0.70 -0.55 -0.41 -0.27 -0.14 -0.12 -0.18 -0.12 -0.06 0.00 -0.04 -0.08 -0.12 -0.01 0.33 0.38 0.43 0.48 0.30 0.12 -0.06 -0.48 -0.46 -0.44 -0.42 -0.13 0.09 0.37 0.65 0.94 0.72 0.50 0.28 -0.88 -0.48 -1.76
0.04 0.06 0.07 -0.20 -0.48 -0.62 -0.76 -0.62 -0.49 -0.57 -0.65 -0.95 -1.24 -1.42 -1.60 -1.49 -1.39 -1.43 -1.46 -1.55 -1.63 -1.73 -1.83 -1.86 -1.90 -1.82 -1.75 -1.69 -1.64 -1.67 -1.71 -1.74 -1.77 -1.71 -1.66 -1.49 -1.32 -1.28 -1.25 -1.15 -1.04 -1.11 -1.18 -1.14 -1.10 -0.96 -0.81 -0.67 -0.53 -0.52 -0.51 -0.56 -0.61 -0.55 -0.49 -0.53 -0.57 -0.47 -0.36 -0.02 0.32 0.37 0.42 0.24 0.07 -0.36 -0.79 -0.77 -0.75 -0.46 -0.17 0.05 0.27 0.56 0.84 0.62 0.40 -0.76 -1.91 -1.52 -1.12
-0.15 -0.13 -0.11 -0.39 -0.67 -0.95 -1.09 -0.95 -0.82 -0.68 -0.76 -1.06 -1.24 -1.42 -1.59 -1.49 -1.53 -1.56 -1.60 -1.68 -1.77 -1.85 -1.95 -1.99 -1.91 -1.84 -1.76 -1.71 -1.65 -1.59 -1.63 -1.66 -1.60 -1.55 -1.49 -1.32 -1.29 -1.25 -1.22 -1.12 -1.19 -1.26 -1.33 -1.29 -1.25 -1.21 -1.07 -0.93 -0.91 -0.90 -0.89 -0.94 -0.99 -1.05 -0.99 -1.03 -0.92 -0.81 -0.70 -0.36 -0.02 0.32 0.37 0.19 -0.24 -0.66 -1.09 -1.07 -0.78 -0.49 -0.20 0.02 0.24 0.46 0.74 0.52 -0.63 -1.79 -2.95 -2.55 -2.15
-0.33 -0.32 -0.30 -0.58 -0.86 -1.14 -1.42 -1.28 -1.15 -1.02 -0.88 -1.06 -1.23 -1.41 -1.59 -1.62 -1.66 -1.70 -1.74 -1.82 -1.90 -1.99 -2.07 -2.00 -1.93 -1.85 -1.78 -1.72 -1.66 -1.61 -1.55 -1.49 -1.44 -1.38 -1.32 -1.29 -1.26 -1.23 -1.19 -1.26 -1.34 -1.41 -1.48 -1.44 -1.40 -1.36 -1.32 -1.31 -1.30 -1.28 -1.27 -1.32 -1.38 -1.43 -1.48 -1.37 -1.27 -1.16 -1.05 -0.71 -0.37 -0.03 0.31 -0.11 -0.54 -0.97 -1.39 -1.10 -0.81 -0.52 -0.23 -0.01 0.21 0.43 0.65 -0.51 -1.67 -2.82 -3.98 -3.58 -3.19
-0.19 -0.17 -0.16 -0.44 -0.72 -1.00 -1.28 -1.14 -1.01 -0.87 -0.80 -0.88 -1.06 -1.23 -1.41 -1.53 -1.57 -1.61 -1.64 -1.75 -1.83 -1.92 -2.00 -1.93 -1.85 -1.78 -1.74 -1.69 -1.63 -1.57 -1.68 -1.55 -1.49 -1.43 -1.38 -1.34 -1.31 -1.28 -1.17 -1.26 -1.33 -1.40 -1.47 -1.44 -1.40 -1.36 -1.29 -1.14 -1.13 -1.11 -1.10 -1.15 -1.21 -1.26 -1.14 -0.92 -0.82 -0.71 -0.60 -0.26 0.08 0.42 0.49 0.30 -0.13 -0.56 -0.98 -0.09 0.20 0.49 0.78 1.00 1.22 1.44 0.90 1.45 0.29 -0.87 -2.03 -1.63 -1.23
-0.05 -0.03 -0.01 -0.29 -0.58 -0.85 -1.13 -1.00 -0.87 -0.80 -0.73 -0.80 -0.88 -1.06 -1.23 -1.35 -1.48 -1.51 -1.55 -1.65 -1.76 -1.84 -1.93 -1.85 -1.78 -1.74 -1.71 -1.65 -1.59 -1.70 -1.80 -1.67 -1.55 -1.49 -1.43 -1.40 -1.37 -1.26 -1.15 -1.24 -1.33 -1.40 -1.47 -1.43 -1.39 -1.33 -1.26 -1.11 -0.96 -0.94 -0.93 -0.98 -1.04 -0.92 -0.80 -0.59 -0.37 -0.26 -0.15 0.19 0.53 0.60 0.67 0.47 0.28 -0.15 -0.57 0.32 1.22 1.51 1.80 2.02 2.24 1.70 1.15 1.70 2.24 1.09 -0.07 0.33 0.72
0.10 0.12 0.14 -0.15 -0.43 -0.71 -0.99 -0.86 -0.79 -0.72 -0.65 -0.72 -0.80 -0.88 -1.06 -1.18 -1.30 -1.42 -1.46 -1.56 -1.66 -1.77 -1.85 -1.78 -1.74 -1.71 -1.67 -1.62 -1.72 -1.82 -1.92 -1.80 -1.67 -1.54 -1.48 -1.45 -1.34 -1.24 -1.13 -1.22 -1.31 -1.40 -1.47 -1.43 -1.36 -1.30 -1.23 -1.08 -0.93 -0.77 -0.76 -0.81 -0.70 -0.58 -0.47 -0.25 -0.03 0.19 0.30 0.64 0.71 0.78 0.84 0.65 0.46 0.26 -0.16 0.73 1.63 2.52 2.81 3.03 2.49 1.95 1.40 1.95 2.49 3.04 1.88 2.28 4.64
0.25 0.27 0.28 0.00 -0.28 -0.57 -0.85 -0.78 -0.71 -0.64 -0.57 -0.65 -0.72 -0.80 -0.88 -1.00 -1.12 -1.24 -1.36 -1.47 -1.57 -1.68 -1.78 -1.74 -1.71 -1.67 -1.64 -1.74 -1.84 -1.94 -2.05 -1.92 -1.79 -1.67 -1.54 -1.43 -1.32 -1.22 -1.11 -1.20 -1.29 -1.38 -1.47 -1.40 -1.33 -1.26 -1.20 -1.05 -0.89 -0.74 -0.59 -0.48 -0.36 -0.25 -0.13 0.09 0.31 0.53 0.75 0.82 0.89 0.95 1.02 0.83 0.63 0.44 0.25 1.14 2.04 2.93 3.83 3.29 2.74 2.20 1.66 2.20 2.75 3.29 3.84 6.20 8.56
0.04 0.06 0.08 -0.20 -0.49 -0.77 -0.79 -0.84 -0.77 -0.70 -0.63 -0.71 -0.78 -0.86 -0.91 -0.94 -1.06 -1.18 -1.30 -1.32 -1.42 -1.53 -1.63 -1.60 -1.56 -1.52 -1.44 -1.54 -1.65 -1.75 -1.91 -1.78 -1.65 -1.53 -1.60 -1.50 -1.39 -1.29 -1.18 -1.27 -1.36 -1.45 -1.41 -1.29 -1.23 -1.16 -1.09 -0.94 -0.79 -0.64 -0.71 -0.60 -0.48 -0.36 -0.41 -0.19 0.03 0.25 0.45 0.15 0.22 0.29 0.35 0.16 -0.03 -0.23 0.27 0.98 1.88 2.77 3.67 3.13 2.58 2.04 -0.19 0.35 0.90 1.44 2.85 4.68 7.04
-0.16 -0.14 -0.13 -0.41 -0.69 -0.71 -0.73 -0.78 -0.83 -0.76 -0.69 -0.77 -0.84 -0.89 -0.94 -0.97 -1.00 -1.13 -1.25 -1.26 -1.28 -1.38 -1.48 -1.45 -1.41 -1.33 -1.25 -1.35 -1.45 -1.61 -1.77 -1.64 -1.52 -1.59 -1.67 -1.57 -1.46 -1.36 -1.25 -1.34 -1.43 -1.39 -1.36 -1.24 -1.12 -1.05 -0.99 -0.83 -0.68 -0.76 -0.83 -0.72 -0.60 -0.65 -0.70 -0.48 -0.26 -0.05 0.16 -0.15 -0.45 -0.38 -0.31 -0.51 -0.70 -0.20 0.30 1.01 1.72 2.61 3.51 2.97 2.42 0.19 -2.04 -1.50 -0.95 0.46 1.87 3.69 5.51
-0.37 -0.35 -0.33 -0.61 -0.63 -0.65 -0.66 -0.72 -0.77 -0.82 -0.75 -0.83 -0.88 -0.93 -0.98 -1.01 -1.04 -1.07 -1.19 -1.20 -1.22 -1.23 -1.33 -1.30 -1.22 -1.13 -1.05 -1.15 -1.31 -1.47 -1.63 -1.50 -1.58 -1.66 -1.73 -1.63 -1.53 -1.43 -1.32 -1.41 -1.37 -1.34 -1.31 -1.19 -1.07 -0.95 -0.88 -0.73 -0.80 -0.88 -0.95 -0.84 -0.88 -0.93 -0.98 -0.76 -0.55 -0.34 -0.13 -0.44 -0.75 -1.05 -0.98 -1.18 -0.68 -0.18 0.32 1.03 1.74 2.45 3.35 2.81 0.57 -1.66 -3.89 -3.35 -1.94 -0.53 0.88 2.71 4.53
