test/esri_led_60/equivalent_source_led_60.esri
nrows             255
ncols             231
xllcorner      398000.00
yllcorner     7846000.00
cellsize         1000.00
NODATA_value    -9999
[rows 108 to 143 of 255, columns 0 to 80 of 231]
-0.57 -0.55 -0.53 -0.55 -0.57 -0.58 -0.60 -0.65 -0.71 -0.76 -0.81 -0.86 -0.91 -0.96 -1.01 -1.04 -1.07 -1.10 -1.13 -1.14 -1.16 -1.17 -1.19 -1.10 -1.02 -0.94 -0.86 -1.01 -1.17 -1.33 -1.49 -1.57 -1.64 -1.72 -1.80 -1.69 -1.59 -1.49 -1.39 -1.36 -1.32 -1.29 -1.26 -1.14 -1.02 -0.89 -0.77 -0.85 -0.92 -1.00 -1.07 -1.12 -1.17 -1.21 -1.26 -1.05 -0.84 -0.64 -0.43 -0.73 -1.04 -1.35 -1.65 -1.15 -0.65 -0.15 0.35 1.06 1.77 2.48 3.19 0.96 -1.28 -3.51 -5.74 -4.33 -2.92 -1.51 -0.10 1.72 3.54
-0.63 -0.61 -0.59 -0.50 -0.52 -0.54 -0.55 -0.61 -0.66 -0.71 -0.73 -0.77 -0.82 -0.87 -0.92 -0.95 -0.98 -1.01 -1.05 -1.07 -1.08 -1.10 -1.15 -1.17 -1.09 -1.01 -0.92 -0.90 -1.06 -1.21 -1.37 -1.45 -1.53 -1.60 -1.59 -1.73 -1.62 -1.52 -1.42 -1.39 -1.36 -1.32 -1.52 -1.40 -1.27 -1.15 -1.10 -1.32 -1.40 -1.47 -1.55 -1.27 -1.31 -1.36 -1.41 -1.20 -0.99 -0.78 -0.27 -0.58 -0.89 -1.19 -2.03 -1.18 -0.68 -0.18 0.32 1.03 1.74 2.45 2.89 0.48 -1.76 -3.99 -6.22 -4.81 -3.40 -1.99 0.87 2.70 4.52
-0.69 -0.67 -0.65 -0.56 -0.47 -0.49 -0.50 -0.56 -0.61 -0.63 -0.65 -0.69 -0.73 -0.78 -0.83 -0.86 -0.89 -0.94 -0.98 -0.99 -1.01 -1.06 -1.12 -1.14 -1.16 -1.08 -0.99 -0.97 -0.94 -1.10 -1.26 -1.33 -1.41 -1.39 -1.38 -1.52 -1.66 -1.55 -1.45 -1.42 -1.39 -1.58 -1.77 -1.65 -1.53 -1.48 -1.43 -1.65 -1.87 -1.95 -2.02 -1.74 -1.46 -1.51 -1.56 -1.35 -1.14 -0.63 -0.12 -0.43 -0.73 -1.57 -2.40 -1.56 -0.71 -0.21 0.29 1.00 1.71 2.15 2.60 0.18 -2.24 -4.47 -6.70 -5.29 -3.88 -1.02 1.85 3.67 5.49
-0.74 -0.72 -0.70 -0.62 -0.53 -0.44 -0.46 -0.51 -0.53 -0.55 -0.57 -0.61 -0.65 -0.69 -0.74 -0.77 -0.82 -0.86 -0.91 -0.92 -0.97 -1.03 -1.08 -1.10 -1.12 -1.14 -1.06 -1.03 -1.01 -0.98 -1.14 -1.21 -1.20 -1.18 -1.17 -1.31 -1.45 -1.59 -1.48 -1.45 -1.65 -1.84 -2.03 -1.91 -1.86 -1.81 -1.76 -1.98 -2.20 -2.42 -2.49 -2.21 -1.94 -1.66 -1.71 -1.50 -0.99 -0.48 0.03 -0.27 -1.11 -1.94 -2.77 -1.93 -1.09 -0.24 0.26 0.97 1.41 1.86 2.31 -0.11 -2.53 -4.95 -7.18 -5.77 -2.91 -0.04 2.82 4.65 5.50
-0.80 -0.78 -0.76 -0.67 -0.58 -0.50 -0.41 -0.43 -0.45 -0.47 -0.49 -0.53 -0.57 -0.61 -0.66 -0.70 -0.74 -0.79 -0.83 -0.88 -0.94 -0.99 -1.04 -1.07 -1.09 -1.11 -1.13 -1.10 -1.07 -1.05 -1.02 -1.00 -0.99 -0.97 -0.96 -1.10 -1.24 -1.38 -1.52 -1.71 -1.90 -2.10 -2.29 -2.24 -2.19 -2.14 -2.09 -2.31 -2.53 -2.75 -2.97 -2.69 -2.41 -2.13 -1.85 -1.34 -0.83 -0.32 0.19 -0.65 -1.48 -2.31 -3.15 -2.30 -1.46 -0.62 0.23 0.67 1.12 1.57 2.01 -0.40 -2.82 -5.24 -7.66 -4.80 -1.93 0.93 3.80 4.65 5.50
-0.63 -0.61 -0.59 -0.50 -0.41 -0.32 -0.38 -0.50 -0.52 -0.54 -0.56 -0.61 -0.65 -0.69 -0.69 -0.73 -0.77 -0.82 -0.74 -0.80 -0.85 -0.90 -0.90 -1.04 -1.06 -1.08 -1.11 -1.08 -1.05 -1.02 -1.08 -1.04 -1.03 -1.01 -1.00 -1.14 -1.28 -1.41 -1.55 -1.61 -1.80 -1.99 -2.19 -2.14 -2.09 -2.04 -1.87 -1.97 -2.19 -2.41 -2.63 -2.39 -2.11 -1.83 -1.55 -1.29 -0.78 -0.27 0.24 -0.61 -1.45 -2.28 -3.11 -2.27 -1.43 -0.58 0.72 1.57 2.02 2.47 2.91 0.50 -1.92 -4.34 -6.70 -4.74 -1.88 0.99 3.85 3.59 4.44
-0.45 -0.43 -0.41 -0.32 -0.23 -0.30 -0.36 -0.48 -0.60 -0.62 -0.64 -0.68 -0.72 -0.72 -0.72 -0.76 -0.81 -0.73 -0.65 -0.71 -0.76 -0.75 -0.75 -0.89 -1.04 -1.06 -1.08 -1.05 -1.02 -1.08 -1.14 -1.10 -1.06 -1.05 -1.04 -1.17 -1.31 -1.44 -1.57 -1.63 -1.70 -1.89 -2.08 -2.03 -1.98 -1.81 -1.65 -1.75 -1.84 -2.06 -2.28 -2.04 -1.80 -1.53 -1.25 -0.99 -0.73 -0.22 0.29 -0.56 -1.41 -2.24 -3.08 -2.24 -1.39 -0.09 1.21 2.07 2.92 3.37 3.82 1.40 -1.02 -3.38 -5.74 -3.78 -1.82 1.04 3.91 3.65 3.39
-0.28 -0.26 -0.24 -0.15 -0.21 -0.27 -0.33 -0.45 -0.58 -0.70 -0.72 -0.76 -0.76 -0.75 -0.75 -0.79 -0.72 -0.64 -0.56 -0.62 -0.61 -0.61 -0.60 -0.75 -0.89 -1.03 -1.06 -1.03 -1.08 -1.14 -1.20 -1.16 -1.12 -1.09 -1.07 -1.21 -1.34 -1.47 -1.60 -1.66 -1.72 -1.78 -1.98 -1.93 -1.76 -1.59 -1.42 -1.52 -1.62 -1.72 -1.94 -1.70 -1.46 -1.22 -0.94 -0.69 -0.43 -0.17 0.34 -0.51 -1.36 -2.21 -3.04 -2.20 -0.90 0.40 1.70 2.56 3.41 4.27 4.72 2.30 -0.06 -2.42 -4.78 -2.82 -0.86 1.09 3.96 3.70 3.44
-0.10 -0.08 -0.06 -0.12 -0.18 -0.25 -0.31 -0.43 -0.55 -0.67 -0.79 -0.79 -0.79 -0.78 -0.78 -0.70 -0.63 -0.55 -0.47 -0.47 -0.47 -0.46 -0.46 -0.60 -0.74 -0.89 -1.03 -1.09 -1.14 -1.20 -1.26 -1.22 -1.18 -1.15 -1.11 -1.24 -1.37 -1.50 -1.63 -1.69 -1.75 -1.81 -1.87 -1.71 -1.54 -1.37 -1.20 -1.30 -1.40 -1.50 -1.60 -1.36 -1.12 -0.88 -0.64 -0.38 -0.13 0.13 0.39 -0.46 -1.31 -2.16 -3.01 -1.71 -0.41 0.89 2.19 3.05 3.90 4.76 5.62 3.26 0.90 -1.46 -3.82 -1.86 0.09 2.05 4.01 3.75 3.50
-0.09 -0.07 -0.05 -0.11 -0.17 -0.24 -0.33 -0.45 -0.57 -0.69 -0.63 -0.72 -0.71 -0.71 -0.71 -0.69 -0.61 -0.54 -0.46 -0.46 -0.45 -0.45 -0.40 -0.54 -0.69 -0.83 -0.88 -1.03 -1.09 -1.14 -1.20 -1.16 -1.13 -1.09 -1.19 -1.21 -1.35 -1.48 -1.61 -1.67 -1.73 -1.79 -1.86 -2.02 -1.85 -1.69 -1.52 -1.50 -1.60 -1.70 -1.80 -1.56 -1.32 -1.08 -0.95 -0.69 -0.43 -0.17 0.03 -0.82 -1.67 -2.52 -2.68 -1.82 -0.52 0.78 2.08 2.94 3.79 4.65 5.17 2.81 0.45 -1.91 -4.13 -3.48 -1.53 0.43 2.39 4.10 3.84
-0.08 -0.06 -0.04 -0.10 -0.16 -0.26 -0.35 -0.47 -0.60 -0.53 -0.46 -0.55 -0.64 -0.63 -0.63 -0.62 -0.60 -0.53 -0.45 -0.45 -0.44 -0.39 -0.34 -0.48 -0.63 -0.68 -0.74 -0.88 -1.03 -1.08 -1.14 -1.10 -1.07 -1.17 -1.27 -1.29 -1.32 -1.45 -1.58 -1.64 -1.70 -1.77 -1.85 -2.01 -2.17 -2.00 -1.84 -1.82 -1.80 -1.90 -2.00 -1.76 -1.52 -1.39 -1.25 -0.99 -0.74 -0.53 -0.33 -1.18 -2.03 -2.19 -2.35 -1.49 -0.63 0.67 1.97 2.83 3.69 4.20 4.72 2.36 0.00 -2.21 -4.43 -3.79 -3.15 -1.19 0.77 2.48 4.19
-0.07 -0.05 -0.03 -0.09 -0.19 -0.28 -0.38 -0.50 -0.43 -0.37 -0.30 -0.39 -0.47 -0.56 -0.55 -0.54 -0.53 -0.51 -0.44 -0.43 -0.38 -0.33 -0.28 -0.43 -0.48 -0.53 -0.59 -0.73 -0.88 -1.03 -1.08 -1.05 -1.15 -1.25 -1.35 -1.37 -1.40 -1.42 -1.55 -1.61 -1.69 -1.76 -1.84 -2.00 -2.16 -2.32 -2.15 -2.14 -2.12 -2.10 -2.20 -1.96 -1.83 -1.69 -1.56 -1.30 -1.10 -0.89 -0.69 -1.54 -1.70 -1.86 -2.02 -1.16 -0.30 0.56 1.86 2.72 3.24 3.76 4.28 1.92 -0.30 -2.52 -4.74 -4.09 -3.45 -2.81 -0.85 0.86 2.57
-0.05 -0.04 -0.02 -0.11 -0.21 -0.30 -0.40 -0.33 -0.27 -0.20 -0.14 -0.22 -0.31 -0.39 -0.48 -0.47 -0.45 -0.44 -0.43 -0.38 -0.33 -0.28 -0.23 -0.28 -0.33 -0.39 -0.44 -0.59 -0.73 -0.88 -1.02 -1.12 -1.23 -1.33 -1.43 -1.45 -1.48 -1.50 -1.53 -1.60 -1.67 -1.75 -1.82 -1.98 -2.15 -2.31 -2.47 -2.45 -2.44 -2.42 -2.40 -2.27 -2.13 -2.00 -1.86 -1.66 -1.46 -1.25 -1.05 -1.21 -1.37 -1.53 -1.69 -0.83 0.03 0.89 1.75 2.27 2.79 3.31 3.83 1.61 -0.61 -2.83 -5.04 -4.40 -3.76 -3.11 -2.47 -0.76 0.95
0.05 0.07 0.09 -0.24 -0.34 -0.43 -0.53 -0.19 -0.13 -0.06 0.00 -0.08 -0.17 -0.25 -0.46 -0.44 -0.43 -0.41 -0.39 -0.30 -0.25 -0.20 -0.15 -0.20 -0.26 -0.31 -0.36 -0.51 -0.65 -0.80 -0.93 -1.15 -1.25 -1.35 -1.45 -1.48 -1.50 -1.53 -1.56 -1.64 -1.72 -1.79 -1.87 -2.03 -2.19 -2.35 -2.41 -2.40 -2.38 -2.36 -2.04 -1.79 -1.65 -1.52 -1.39 -1.28 -1.07 -0.87 -0.66 -0.82 -0.99 -1.15 -1.25 -0.39 0.48 1.34 1.04 0.88 1.40 1.92 2.44 2.23 0.01 -2.21 -4.43 -3.79 -3.14 -2.50 -1.53 0.41 2.12
0.16 0.18 0.19 -0.14 -0.47 -0.57 -0.66 -0.33 0.01 0.08 0.14 0.06 -0.03 -0.23 -0.43 -0.42 -0.40 -0.38 -0.35 -0.26 -0.17 -0.12 -0.07 -0.13 -0.18 -0.23 -0.28 -0.43 -0.57 -0.71 -0.84 -1.06 -1.28 -1.38 -1.48 -1.50 -1.53 -1.57 -1.60 -1.68 -1.76 -1.83 -1.91 -2.07 -2.23 -2.29 -2.36 -2.34 -2.32 -2.00 -1.68 -1.43 -1.18 -1.04 -0.91 -0.80 -0.69 -0.49 -0.28 -0.44 -0.60 -0.70 -0.80 0.06 0.92 0.63 0.33 0.17 0.00 0.52 1.04 0.83 0.62 -1.60 -3.82 -3.17 -2.53 -1.57 -0.60 1.34 3.29
0.27 0.28 0.30 -0.03 -0.37 -0.70 -0.79 -0.46 -0.12 0.22 0.28 0.20 -0.01 -0.21 -0.41 -0.39 -0.37 -0.34 -0.32 -0.23 -0.14 -0.05 0.00 -0.05 -0.10 -0.15 -0.20 -0.35 -0.48 -0.62 -0.75 -0.97 -1.19 -1.41 -1.51 -1.53 -1.57 -1.60 -1.64 -1.72 -1.80 -1.88 -1.95 -2.11 -2.18 -2.24 -2.30 -2.29 -1.96 -1.64 -1.32 -1.07 -0.81 -0.56 -0.43 -0.32 -0.21 -0.10 0.10 -0.06 -0.16 -0.26 -0.36 0.50 0.21 -0.08 -0.38 -0.54 -0.71 -0.88 -0.36 -0.57 -0.78 -0.99 -3.21 -2.56 -1.60 -0.63 0.33 2.28 4.22
0.37 0.39 0.40 0.07 -0.26 -0.59 -0.93 -0.59 -0.25 0.08 0.42 0.22 0.02 -0.18 -0.38 -0.36 -0.33 -0.31 -0.28 -0.19 -0.10 -0.01 0.08 0.03 -0.02 -0.07 -0.12 -0.26 -0.39 -0.53 -0.66 -0.88 -1.10 -1.31 -1.53 -1.57 -1.61 -1.64 -1.68 -1.76 -1.84 -1.91 -1.99 -2.06 -2.12 -2.18 -2.25 -1.92 -1.60 -1.28 -0.95 -0.70 -0.45 -0.20 0.05 0.16 0.27 0.37 0.48 0.38 0.28 0.18 0.08 -0.21 -0.50 -0.80 -1.09 -1.25 -1.42 -1.59 -1.75 -1.96 -2.17 -2.38 -2.59 -1.63 -0.66 0.30 1.27 3.21 5.16
0.72 0.74 0.75 -0.15 -0.48 -0.81 -1.14 -0.81 -0.47 -0.13 0.26 0.06 -0.14 -0.34 -0.44 -0.42 -0.39 -0.37 -0.42 -0.40 -0.31 -0.22 -0.13 -0.18 -0.23 -0.28 -0.27 -0.27 -0.40 -0.54 -0.67 -0.89 -1.11 -1.32 -1.33 -1.40 -1.44 -1.48 -1.51 -1.59 -1.67 -1.75 -1.86 -1.78 -1.84 -1.91 -1.97 -1.65 -1.32 -1.00 -0.99 -0.86 -0.61 -0.36 -0.11 0.00 0.11 0.22 0.30 0.25 0.15 0.05 -0.05 -0.34 -0.63 -0.93 -1.27 -1.32 -1.49 -1.66 -1.82 -0.62 -0.83 -1.04 -1.25 -1.15 -0.19 0.78 1.74 0.63 2.57
1.07 1.08 1.10 0.20 -0.70 -1.03 -1.36 -1.02 -0.69 -0.29 0.11 -0.10 -0.30 -0.40 -0.50 -0.48 -0.45 -0.51 -0.57 -0.54 -0.52 -0.43 -0.34 -0.39 -0.44 -0.43 -0.42 -0.41 -0.41 -0.54 -0.68 -0.90 -1.11 -1.12 -1.12 -1.20 -1.27 -1.31 -1.34 -1.42 -1.50 -1.62 -1.73 -1.65 -1.56 -1.63 -1.69 -1.37 -1.05 -1.03 -1.02 -0.89 -0.76 -0.51 -0.26 -0.15 -0.04 0.04 0.13 0.07 0.02 -0.08 -0.18 -0.47 -0.76 -1.11 -1.46 -1.51 -1.56 -1.73 -1.89 -0.69 0.52 0.31 0.10 0.19 0.29 1.25 2.22 1.10 -0.01
1.42 1.43 1.45 0.55 -0.35 -1.25 -1.58 -1.24 -0.85 -0.45 -0.05 -0.25 -0.36 -0.46 -0.56 -0.53 -0.59 -0.65 -0.71 -0.68 -0.66 -0.64 -0.55 -0.60 -0.59 -0.58 -0.57 -0.56 -0.56 -0.55 -0.69 -0.91 -0.91 -0.91 -0.92 -0.99 -1.06 -1.14 -1.18 -1.25 -1.37 -1.48 -1.60 -1.52 -1.43 -1.35 -1.41 -1.09 -1.08 -1.06 -1.05 -0.92 -0.79 -0.66 -0.41 -0.30 -0.22 -0.14 -0.05 -0.10 -0.16 -0.21 -0.31 -0.60 -0.95 -1.30 -1.65 -1.70 -1.75 -1.80 -1.96 -0.76 0.45 1.65 1.44 1.54 1.63 1.73 2.69 1.58 0.46
1.77 1.78 1.79 0.90 -0.00 -0.90 -1.80 -1.40 -1.00 -0.61 -0.21 -0.31 -0.41 -0.52 -0.62 -0.68 -0.73 -0.79 -0.85 -0.83 -0.80 -0.78 -0.75 -0.74 -0.73 -0.73 -0.72 -0.71 -0.71 -0.70 -0.70 -0.70 -0.70 -0.71 -0.71 -0.79 -0.86 -0.93 -1.01 -1.12 -1.24 -1.35 -1.47 -1.38 -1.30 -1.22 -1.14 -1.12 -1.11 -1.09 -1.08 -0.95 -0.82 -0.69 -0.57 -0.48 -0.40 -0.31 -0.23 -0.28 -0.33 -0.39 -0.44 -0.79 -1.14 -1.48 -1.83 -1.88 -1.93 -1.98 -2.03 -0.83 0.38 1.58 2.79 2.88 2.98 3.07 3.16 2.05 0.94
1.40 1.41 1.43 0.83 -0.07 -0.97 -1.87 -1.47 -1.07 -0.68 -0.34 -0.15 -0.25 -0.35 -0.46 -0.48 -0.54 -0.60 -0.65 -0.63 -0.61 -0.58 -0.63 -0.60 -0.59 -0.58 -0.57 -0.69 -0.68 -0.68 -0.67 -0.70 -0.70 -0.70 -0.71 -0.83 -0.91 -0.98 -1.05 -1.09 -1.21 -1.32 -1.44 -1.26 -1.18 -1.09 -1.01 -1.21 -1.20 -1.19 -1.17 -1.04 -0.92 -0.79 -0.62 -0.49 -0.41 -0.32 -0.24 -0.29 -0.34 -0.40 -0.37 -0.48 -0.83 -1.18 -1.53 -1.86 -1.91 -1.96 -2.01 -0.81 0.40 1.60 2.04 2.04 2.13 2.23 2.32 1.21 0.09
1.03 1.04 1.06 0.46 -0.14 -1.04 -1.94 -1.54 -1.15 -0.81 -0.47 -0.28 -0.09 -0.19 -0.29 -0.32 -0.34 -0.40 -0.46 -0.44 -0.41 -0.45 -0.50 -0.47 -0.44 -0.43 -0.42 -0.54 -0.66 -0.65 -0.65 -0.67 -0.69 -0.70 -0.70 -0.83 -0.95 -1.02 -1.10 -1.14 -1.18 -1.29 -1.41 -1.23 -1.05 -0.97 -0.88 -1.09 -1.29 -1.28 -1.26 -1.14 -1.01 -0.84 -0.67 -0.54 -0.42 -0.33 -0.25 -0.30 -0.35 -0.33 -0.30 -0.41 -0.53 -0.88 -1.23 -1.56 -1.89 -1.94 -1.99 -0.79 0.42 0.85 1.29 1.29 1.29 1.38 1.48 0.36 -0.75
0.67 0.68 0.69 0.09 -0.51 -1.11 -2.01 -1.61 -1.28 -0.94 -0.60 -0.41 -0.22 -0.03 -0.13 -0.16 -0.18 -0.21 -0.26 -0.24 -0.28 -0.33 -0.37 -0.34 -0.31 -0.29 -0.28 -0.39 -0.51 -0.63 -0.62 -0.64 -0.67 -0.69 -0.70 -0.82 -0.95 -1.07 -1.14 -1.18 -1.22 -1.26 -1.38 -1.20 -1.02 -0.84 -0.76 -0.96 -1.17 -1.37 -1.36 -1.23 -1.06 -0.89 -0.72 -0.60 -0.47 -0.34 -0.26 -0.31 -0.28 -0.26 -0.23 -0.34 -0.46 -0.58 -0.92 -1.26 -1.59 -1.92 -1.97 -0.77 -0.33 0.10 0.53 0.54 0.54 0.54 0.64 -0.48 -1.05
0.30 0.31 0.32 -0.28 -0.88 -1.48 -2.08 -1.74 -1.41 -1.07 -0.73 -0.54 -0.35 -0.16 0.03 0.01 -0.02 -0.04 -0.07 -0.11 -0.15 -0.20 -0.24 -0.21 -0.18 -0.16 -0.13 -0.25 -0.36 -0.48 -0.60 -0.62 -0.64 -0.67 -0.69 -0.82 -0.94 -1.06 -1.19 -1.23 -1.27 -1.31 -1.35 -1.17 -0.99 -0.81 -0.63 -0.83 -1.04 -1.24 -1.45 -1.28 -1.11 -0.94 -0.78 -0.65 -0.52 -0.39 -0.27 -0.24 -0.21 -0.19 -0.16 -0.27 -0.39 -0.51 -0.62 -0.95 -1.29 -1.62 -1.95 -1.52 -1.08 -0.65 -0.22 -0.21 -0.21 -0.21 -0.21 -0.78 -1.36
-0.06 -0.04 -0.04 -0.64 -1.24 -1.84 -1.41 -1.90 -1.56 -1.22 -0.89 -0.70 -0.50 -0.31 -0.35 -0.38 -0.40 -0.43 -0.16 -0.07 -0.11 -0.15 -0.20 -0.06 -0.03 -0.01 0.02 -0.10 -0.21 -0.33 -0.46 -0.48 -0.50 -0.53 -0.62 -0.78 -0.90 -1.03 -1.15 -1.19 -1.23 -1.27 -1.25 -0.91 -0.73 -0.55 -0.37 -0.57 -0.78 -0.98 -0.83 -0.75 -0.58 -0.41 -0.25 -0.12 0.01 0.14 -0.06 -0.14 -0.11 -0.09 -0.06 -0.18 -0.29 -0.41 -0.32 -0.65 -0.98 -1.31 -1.41 -1.39 -0.96 -0.53 -0.09 -0.09 -0.09 -0.09 0.08 0.24 -0.34
-0.41 -0.40 -0.39 -1.00 -1.60 -1.16 -0.73 -1.22 -1.71 -1.38 -1.04 -0.85 -0.66 -0.70 -0.74 -0.76 -0.79 -0.52 -0.25 -0.16 -0.07 -0.11 -0.15 -0.02 0.11 0.14 0.17 0.05 -0.06 -0.19 -0.31 -0.34 -0.36 -0.45 -0.55 -0.71 -0.87 -0.99 -1.12 -1.16 -1.20 -1.18 -1.16 -0.81 -0.46 -0.28 -0.11 -0.31 -0.52 -0.36 -0.21 -0.13 -0.05 0.12 0.29 0.41 0.54 0.34 0.14 0.06 -0.02 0.01 0.04 -0.08 -0.19 -0.10 -0.01 -0.34 -0.67 -0.77 -0.87 -0.86 -0.84 -0.41 0.03 0.03 0.03 0.20 0.36 0.52 0.68
-0.77 -0.76 -0.75 -1.35 -0.92 -0.49 -0.06 -0.55 -1.04 -1.53 -1.19 -1.00 -1.04 -1.08 -1.12 -1.15 -0.87 -0.60 -0.33 -0.24 -0.16 -0.07 -0.11 0.02 0.16 0.29 0.32 0.20 0.08 -0.05 -0.17 -0.20 -0.29 -0.38 -0.47 -0.63 -0.80 -0.96 -1.08 -1.12 -1.10 -1.08 -1.06 -0.71 -0.37 -0.02 0.16 -0.05 0.10 0.26 0.41 0.49 0.57 0.65 0.82 0.94 0.74 0.54 0.34 0.26 0.19 0.11 0.13 0.02 0.11 0.20 0.30 -0.04 -0.13 -0.23 -0.33 -0.32 -0.30 -0.28 0.15 0.15 0.32 0.48 0.64 0.80 0.96
-1.13 -1.12 -1.11 -0.68 -0.25 0.18 0.61 0.12 -0.37 -0.86 -1.35 -1.39 -1.43 -1.47 -1.50 -1.23 -0.96 -0.69 -0.42 -0.33 -0.24 -0.16 -0.07 0.07 0.20 0.33 0.47 0.34 0.22 0.09 -0.03 -0.13 -0.22 -0.31 -0.40 -0.56 -0.72 -0.89 -1.05 -1.03 -1.01 -0.99 -0.97 -0.62 -0.27 0.07 0.42 0.57 0.72 0.88 1.03 1.11 1.19 1.27 1.35 1.15 0.95 0.75 0.55 0.47 0.39 0.31 0.23 0.32 0.42 0.51 0.60 0.50 0.40 0.31 0.21 0.22 0.24 0.26 0.27 0.44 0.60 0.76 0.93 1.09 1.25
-0.52 -0.51 -0.50 -0.03 0.40 0.83 1.27 0.78 0.28 -0.21 -1.09 -1.30 -1.34 -1.38 -1.42 -1.15 -0.88 -0.61 -0.33 -0.43 -0.34 -0.26 -0.17 -0.03 0.10 0.23 0.17 0.22 0.10 -0.03 -0.15 -0.24 -0.33 -0.43 -0.10 -0.26 -0.42 -0.59 -0.65 -0.84 -0.82 -0.80 -0.78 -0.43 -0.08 0.26 0.27 0.28 0.43 0.59 0.74 0.82 0.90 0.98 0.87 0.88 0.68 0.48 0.28 0.20 0.12 0.04 0.14 0.08 0.17 0.26 0.36 0.47 0.37 0.27 0.18 0.19 0.21 0.22 0.44 0.36 0.52 0.69 0.85 1.01 1.17
0.09 0.10 0.10 0.58 1.05 1.49 1.92 1.43 0.94 0.05 -0.83 -1.04 -1.25 -1.29 -1.33 -1.06 -0.79 -0.52 -0.25 -0.35 -0.44 -0.36 -0.27 -0.13 -0.00 -0.06 -0.13 -0.07 -0.02 -0.14 -0.27 -0.36 -0.45 -0.13 0.20 0.04 -0.12 -0.19 -0.25 -0.44 -0.63 -0.61 -0.59 -0.24 0.10 0.11 0.11 0.13 0.15 0.30 0.45 0.53 0.61 0.50 0.38 0.40 0.41 0.21 0.01 -0.07 -0.15 -0.05 0.04 -0.02 -0.08 0.02 0.11 0.23 0.34 0.24 0.14 0.16 0.18 0.40 0.62 0.53 0.44 0.61 0.77 0.93 1.09
0.70 0.70 0.71 1.19 1.66 2.14 2.57 2.08 1.19 0.31 -0.57 -0.78 -0.99 -1.20 -1.24 -0.97 -0.70 -0.43 -0.16 -0.26 -0.36 -0.46 -0.37 -0.23 -0.30 -0.36 -0.42 -0.37 -0.32 -0.26 -0.39 -0.48 -0.15 0.17 0.50 0.34 0.28 0.21 0.15 -0.04 -0.23 -0.42 -0.40 -0.05 -0.05 -0.04 -0.04 -0.02 -0.01 0.01 0.16 0.24 0.13 0.02 -0.10 -0.08 -0.07 -0.06 -0.26 -0.34 -0.24 -0.15 -0.05 -0.11 -0.17 -0.23 -0.14 -0.02 0.09 0.21 0.11 0.13 0.35 0.57 0.79 0.70 0.62 0.53 0.69 0.85 0.50
1.31 1.31 1.32 1.79 2.27 2.75 3.22 2.34 1.45 0.57 -0.32 -0.53 -0.74 -0.95 -1.15 -0.89 -0.62 -0.35 -0.08 -0.17 -0.27 -0.37 -0.47 -0.53 -0.59 -0.66 -0.72 -0.67 -0.61 -0.56 -0.51 -0.18 0.15 0.47 0.80 0.74 0.68 0.61 0.55 0.36 0.17 -0.02 -0.21 -0.21 -0.20 -0.20 -0.19 -0.18 -0.16 -0.14 -0.13 -0.24 -0.35 -0.47 -0.58 -0.57 -0.55 -0.54 -0.53 -0.43 -0.34 -0.24 -0.15 -0.21 -0.27 -0.33 -0.38 -0.27 -0.15 -0.04 0.08 0.30 0.52 0.74 0.96 0.88 0.79 0.70 0.61 0.26 -0.09
1.00 1.00 1.01 1.49 1.96 2.44 1.89 2.15 1.27 0.38 -0.50 -0.71 -0.92 -1.13 -0.79 -0.73 -0.46 -0.19 0.08 -0.02 -0.11 -0.21 -0.21 -0.25 -0.32 -0.38 -0.44 -0.39 -0.33 -0.28 -0.47 -0.45 -0.12 0.21 0.53 0.51 0.44 0.38 0.32 0.42 0.23 0.04 -0.15 -0.14 -0.14 -0.13 -0.03 -0.02 -0.00 0.01 0.11 0.18 0.06 -0.05 -0.16 -0.15 -0.14 -0.12 -0.05 -0.22 -0.12 -0.03 0.06 -0.36 -0.42 -0.48 -0.53 -0.42 -0.30 -0.19 -0.06 0.05 0.27 0.49 0.71 0.63 0.54 0.45 0.50 0.86 0.51
0.69 0.69 0.70 1.18 1.65 1.10 0.55 0.82 1.08 0.20 -0.69 -0.90 -1.11 -0.76 -0.42 -0.36 -0.30 -0.03 0.24 0.14 0.04 0.04 0.04 0.00 -0.04 -0.10 -0.16 -0.11 -0.06 -0.24 -0.43 -0.41 -0.39 -0.06 0.27 0.24 0.21 0.15 0.09 0.19 0.30 0.11 -0.08 -0.08 -0.08 0.02 0.12 0.14 0.16 0.25 0.35 0.42 0.48 0.37 0.25 0.27 0.28 0.35 0.43 0.26 0.09 0.18 0.28 -0.14 -0.57 -0.63 -0.69 -0.57 -0.45 -0.33 -0.21 -0.09 0.02 0.24 0.46 0.38 0.29 0.34 0.38 0.75 1.11
0.38 0.38 0.39 0.87 0.32 -0.23 -0.78 -0.51 -0.25 0.01 -0.87 -1.08 -0.74 -0.39 -0.05 0.01 0.07 0.13 0.40 0.30 0.30 0.30 0.30 0.26 0.22 0.18 0.11 0.17 -0.02 -0.20 -0.39 -0.37 -0.35 -0.33 -0.00 -0.03 -0.06 -0.08 -0.14 -0.04 0.06 0.17 -0.02 -0.02 0.08 0.18 0.28 0.30 0.40 0.49 0.59 0.66 0.72 0.78 0.67 0.68 0.76 0.83 0.91 0.74 0.57 0.40 0.49 0.07 -0.35 -0.78 -0.84 -0.72 -0.60 -0.47 -0.35 -0.23 -0.12 -0.01 0.21 0.13 0.18 0.22 0.27 0.63 1.00
