test/esri_led_60/equivalent_source_led_60.esri
nrows             255
ncols             231
xllcorner      398000.00
yllcorner     7846000.00
cellsize         1000.00
NODATA_value    -9999
[rows 36 to 71 of 255, columns 81 to 161 of 231]
-0.62 -0.53 -0.81 -1.10 -1.39 -1.67 -1.30 -0.93 -0.56 -0.18 -0.05 0.09 0.23 0.36 0.02 -0.32 -0.66 -1.00 -0.76 -0.53 -0.29 -0.05 0.13 0.31 0.49 0.67 0.95 1.24 1.53 1.81 1.93 2.05 2.17 2.28 2.14 1.99 1.85 1.70 1.18 0.65 0.13 -0.39 -0.64 -0.89 -1.14 -1.39 -1.11 -0.83 -0.55 -0.26 -0.54 -0.82 -1.09 -1.37 -1.17 -0.97 -0.77 -0.57 -0.33 -0.08 0.17 0.41 0.49 0.57 0.65 0.73 0.90 1.06 1.23 1.39 0.97 0.56 0.14 -0.27 -0.31 -0.35 -0.38 -0.42 -0.10 0.22 0.54
-0.44 -0.69 -0.53 -0.82 -1.10 -1.39 -1.02 -0.65 -0.27 -0.31 -0.26 -0.13 0.01 0.15 0.10 -0.24 -0.58 -0.92 -0.69 -0.45 -0.21 -0.44 0.14 0.32 0.50 0.69 0.97 1.26 1.54 2.08 2.20 2.32 2.44 1.76 1.44 1.29 1.15 1.00 0.48 -0.05 -0.57 -0.53 -0.78 -1.03 -1.28 -1.23 -0.94 -0.66 -0.38 -0.16 -0.48 -0.76 -1.03 -1.31 -1.11 -0.91 -0.71 -0.62 -0.16 0.08 0.33 0.58 0.66 0.73 0.81 0.70 0.87 1.03 1.20 1.20 1.11 0.69 0.28 -0.14 -0.18 -0.21 -0.25 -0.21 -0.15 0.17 0.49
-0.60 -0.85 -0.69 -0.53 -0.82 -1.11 -0.74 -0.36 -0.40 -0.43 -0.39 -0.34 -0.21 -0.07 -0.12 -0.17 -0.51 -0.85 -0.61 -0.37 -0.60 -0.82 -0.24 0.34 0.52 0.70 0.99 1.27 1.82 2.36 2.48 2.59 1.92 1.24 0.92 0.59 0.45 0.30 -0.22 -0.74 -0.70 -0.66 -0.91 -1.16 -1.11 -1.06 -0.78 -0.49 -0.27 -0.05 -0.38 -0.70 -0.98 -1.25 -1.05 -0.86 -0.76 -0.67 -0.21 0.24 0.49 0.74 0.82 0.90 0.79 0.68 0.84 1.01 1.01 1.01 0.92 0.82 0.41 -0.01 -0.04 -0.08 -0.05 -0.01 0.05 0.12 0.44
-0.76 -1.01 -0.85 -0.69 -0.54 -0.83 -0.45 -0.49 -0.52 -0.55 -0.51 -0.47 -0.42 -0.29 -0.33 -0.38 -0.43 -0.77 -0.53 -0.76 -0.98 -1.20 -0.62 -0.04 0.54 0.72 1.01 1.55 2.09 2.63 2.75 2.07 1.39 0.72 0.39 0.07 -0.25 -0.40 -0.92 -0.88 -0.83 -0.79 -1.04 -0.99 -0.94 -0.89 -0.61 -0.39 -0.17 0.05 -0.27 -0.60 -0.92 -1.20 -1.00 -0.91 -0.81 -0.72 -0.26 0.19 0.65 0.90 0.98 0.87 0.76 0.65 0.82 0.82 0.82 0.82 0.73 0.63 0.54 0.13 0.09 0.12 0.16 0.19 0.26 0.32 0.39
-0.92 -1.17 -1.01 -0.85 -0.70 -0.54 -0.58 -0.61 -0.64 -0.68 -0.63 -0.59 -0.54 -0.50 -0.55 -0.60 -0.64 -0.69 -0.91 -1.14 -1.36 -1.58 -1.00 -0.42 0.16 0.74 1.28 1.82 2.36 2.90 2.23 1.55 0.87 0.20 -0.13 -0.45 -0.77 -1.10 -1.05 -1.01 -0.97 -0.92 -0.87 -0.82 -0.77 -0.72 -0.50 -0.28 -0.06 0.16 -0.17 -0.49 -0.81 -1.14 -1.05 -0.96 -0.86 -0.77 -0.31 0.14 0.60 1.06 0.95 0.85 0.74 0.63 0.63 0.63 0.63 0.63 0.54 0.44 0.35 0.26 0.29 0.33 0.36 0.39 0.46 0.52 0.59
-0.96 -1.21 -1.05 -0.90 -0.74 -0.67 -0.32 -0.35 -0.38 -0.42 -0.38 -0.34 -0.29 -0.25 -0.30 -0.35 -0.39 -0.65 -0.34 -0.56 -0.79 -1.01 -0.43 0.15 0.73 0.32 0.21 0.75 1.30 1.84 1.16 0.48 -0.19 -0.32 0.15 -0.18 -0.50 -0.82 -0.63 -0.59 -0.54 -0.50 -0.89 -0.84 -0.79 -0.73 -0.51 -0.30 -0.08 0.14 0.06 -0.26 -0.58 -0.91 -1.08 -0.99 -0.90 -0.80 -0.35 0.11 0.57 0.89 0.78 0.67 0.56 0.63 0.63 0.63 0.63 0.61 0.56 0.47 0.38 0.29 0.32 0.35 0.39 0.41 0.30 0.37 0.43
-1.00 -1.25 -1.09 -0.94 -0.87 -0.80 -0.44 -0.09 -0.13 -0.16 -0.12 -0.09 -0.04 -0.00 -0.05 -0.10 -0.35 -0.61 -0.30 0.01 -0.21 -0.43 0.15 0.73 0.32 -0.09 -0.20 -0.31 0.23 0.77 0.09 -0.58 -0.71 -0.85 -0.37 0.10 -0.23 -0.55 -0.36 -0.16 -0.12 -0.07 -0.46 -0.85 -0.80 -0.75 -0.53 -0.31 -0.09 0.12 0.05 -0.03 -0.35 -0.68 -0.85 -1.02 -0.93 -0.84 -0.38 0.08 0.40 0.71 0.60 0.49 0.56 0.63 0.63 0.63 0.61 0.58 0.54 0.50 0.40 0.31 0.35 0.38 0.41 0.44 0.32 0.21 0.28
-1.04 -1.29 -1.13 -1.06 -0.99 -0.92 -0.57 -0.22 0.13 0.10 0.13 0.17 0.21 0.25 0.20 -0.05 -0.31 -0.57 -0.26 0.05 0.37 0.14 0.72 0.31 -0.09 -0.50 -0.61 -0.73 -0.84 -0.30 -0.97 -1.10 -1.23 -1.37 -0.90 -0.42 0.05 -0.28 -0.08 0.11 0.31 0.35 -0.04 -0.42 -0.81 -0.76 -0.54 -0.32 -0.11 0.11 0.03 -0.04 -0.12 -0.44 -0.62 -0.79 -0.96 -0.87 -0.41 -0.09 0.22 0.53 0.43 0.50 0.57 0.64 0.64 0.61 0.58 0.56 0.52 0.47 0.43 0.34 0.37 0.40 0.43 0.46 0.35 0.23 0.12
-0.98 -1.33 -1.26 -1.19 -1.12 -1.05 -0.70 -0.35 0.01 0.36 0.39 0.43 0.46 0.50 0.24 -0.01 -0.27 -0.52 -0.21 0.10 0.41 0.72 0.31 -0.10 -0.51 -0.92 -1.03 -1.14 -1.25 -1.36 -1.49 -1.62 -1.76 -1.89 -1.42 -0.94 -0.47 -0.00 0.19 0.39 0.58 0.78 0.39 0.00 -0.39 -0.77 -0.56 -0.34 -0.12 0.09 0.02 -0.06 -0.14 -0.21 -0.39 -0.56 -0.73 -0.90 -0.59 -0.27 0.04 0.36 0.43 0.50 0.57 0.64 0.61 0.59 0.56 0.54 0.49 0.45 0.41 0.37 0.39 0.42 0.45 0.48 0.37 0.25 0.14
-0.75 -1.10 -1.09 -1.02 -0.95 -0.88 -0.53 -0.18 0.17 0.39 0.04 0.08 0.11 0.15 -0.11 -0.36 -0.62 -0.30 0.70 1.01 1.32 1.63 1.22 0.81 0.40 -1.07 -0.94 -1.05 -1.16 -1.28 -1.41 -1.54 -1.67 -0.74 -0.27 0.20 0.67 0.98 1.17 1.37 1.56 0.95 0.56 0.17 -0.21 -0.75 -0.28 -0.07 0.15 0.36 0.29 0.21 0.14 0.15 -0.02 -0.19 -0.36 -0.81 -0.75 -0.44 -0.12 0.19 0.42 0.49 0.56 0.63 0.71 0.68 0.66 0.63 0.59 0.55 0.50 0.43 0.34 0.36 0.39 0.42 0.31 0.20 0.09
-0.52 -0.87 -0.86 -0.85 -0.78 -0.71 -0.36 -0.01 0.20 0.42 0.07 -0.28 -0.24 -0.21 -0.46 -0.72 -0.40 -0.07 0.92 1.92 2.23 2.54 2.13 1.72 0.25 -1.23 -1.10 -0.97 -1.08 -1.19 -1.32 -1.45 -0.52 0.41 0.88 1.35 1.65 1.96 2.15 2.35 1.73 1.12 0.73 0.34 -0.20 -0.73 -0.26 0.21 0.42 0.64 0.56 0.48 0.50 0.52 0.35 0.18 -0.27 -0.72 -0.66 -0.60 -0.29 0.03 0.25 0.47 0.54 0.61 0.69 0.78 0.75 0.73 0.68 0.64 0.56 0.49 0.40 0.31 0.34 0.36 0.25 0.14 0.00
-0.29 -0.64 -0.63 -0.62 -0.62 -0.55 -0.19 0.02 0.23 0.45 0.10 -0.25 -0.60 -0.56 -0.82 -0.49 -0.17 0.15 1.15 2.14 3.14 3.45 3.04 1.56 0.09 -1.38 -1.25 -1.12 -0.99 -1.10 -1.23 -0.31 0.62 1.55 2.02 2.33 2.63 2.94 3.13 2.52 1.91 1.29 0.90 0.36 -0.18 -0.72 -0.25 0.22 0.69 0.91 0.83 0.85 0.87 0.89 0.72 0.27 -0.18 -0.62 -0.57 -0.51 -0.45 -0.13 0.09 0.31 0.53 0.60 0.68 0.76 0.85 0.82 0.78 0.70 0.63 0.55 0.46 0.37 0.28 0.31 0.19 0.06 -0.08
-0.26 -0.41 -0.40 -0.39 -0.39 -0.38 -0.16 0.05 0.26 0.48 0.13 -0.22 -0.56 -0.91 -0.59 -0.27 0.05 0.38 1.37 2.37 3.36 4.36 2.88 1.41 -0.07 -1.54 -1.41 -1.28 -1.15 -1.02 -0.09 0.84 1.77 2.70 3.00 3.31 3.61 3.92 3.31 2.69 2.08 1.46 0.92 0.38 -0.16 -0.70 -0.23 0.24 0.71 1.18 1.20 1.22 1.24 1.25 0.81 0.36 -0.09 -0.53 -0.47 -0.42 -0.36 -0.30 -0.08 0.15 0.37 0.59 0.67 0.75 0.83 0.92 0.84 0.76 0.69 0.61 0.52 0.43 0.34 0.25 0.11 -0.02 -0.16
-0.26 -0.32 -0.32 -0.31 -0.30 -0.31 0.12 0.34 0.55 0.77 0.42 0.07 -0.28 0.01 -0.74 -0.42 -0.09 0.23 1.22 2.22 3.21 1.96 2.23 0.76 -0.72 -2.19 -2.06 -1.93 -1.80 -0.21 -0.15 0.78 1.71 2.63 2.94 3.25 3.55 3.03 2.65 2.04 1.42 0.81 0.27 -0.27 -0.81 -0.91 -0.71 -0.24 0.23 0.70 0.72 0.74 0.75 0.96 0.82 0.38 -0.07 -0.51 -0.46 -0.40 -0.34 -0.32 -0.10 0.12 0.35 0.56 0.65 0.73 0.81 0.87 0.79 0.71 0.64 0.56 0.51 0.42 0.33 0.24 0.10 -0.03 -0.17
-0.18 -0.24 -0.23 -0.22 -0.23 -0.23 0.20 0.63 0.84 1.05 0.71 0.36 0.65 0.93 0.18 -0.56 -0.24 0.08 1.08 2.07 0.82 -0.43 -0.16 0.10 -1.37 -2.84 -2.71 -2.58 -0.99 0.60 0.66 0.71 1.64 2.57 2.88 3.18 2.66 2.14 1.76 1.38 0.77 0.15 -0.39 -0.93 -1.02 -1.11 -0.92 -0.72 -0.25 0.22 0.24 0.25 0.46 0.66 0.53 0.39 -0.05 -0.50 -0.44 -0.38 -0.36 -0.34 -0.12 0.10 0.32 0.54 0.62 0.70 0.76 0.82 0.74 0.66 0.59 0.51 0.46 0.41 0.32 0.23 0.09 -0.04 -0.12
-0.09 -0.15 -0.14 -0.15 -0.16 -0.16 0.27 0.70 1.13 1.34 0.99 1.28 1.57 1.85 1.11 0.36 -0.39 -0.07 0.93 -0.32 -1.57 -2.83 -2.56 -2.29 -2.02 -3.50 -3.36 -1.77 -0.18 1.41 1.46 1.52 1.58 2.51 2.81 2.29 1.77 1.26 0.88 0.50 0.12 -0.50 -1.04 -1.13 -1.23 -1.32 -1.13 -0.93 -0.73 -0.26 -0.25 -0.04 0.16 0.37 0.23 0.10 -0.04 -0.48 -0.42 -0.40 -0.38 -0.36 -0.14 0.08 0.30 0.52 0.60 0.65 0.71 0.77 0.69 0.61 0.54 0.46 0.41 0.36 0.31 0.22 0.08 0.00 -0.08
-0.01 -0.06 -0.07 -0.08 -0.08 -0.09 0.34 0.77 1.20 1.63 1.92 2.20 2.49 2.78 2.03 1.28 0.53 -0.22 -1.47 -2.72 -3.97 -5.22 -4.95 -4.68 -4.42 -4.15 -2.56 -0.97 0.63 2.22 2.27 2.33 2.39 2.44 1.92 1.41 0.89 0.37 -0.01 -0.39 -0.77 -1.15 -1.25 -1.34 -1.43 -1.53 -1.33 -1.14 -0.94 -0.75 -0.54 -0.34 -0.13 0.07 -0.06 -0.20 -0.33 -0.47 -0.44 -0.42 -0.40 -0.38 -0.16 0.05 0.27 0.49 0.55 0.60 0.66 0.72 0.64 0.56 0.49 0.41 0.36 0.31 0.26 0.21 0.13 0.05 -0.04
0.06 0.01 -0.22 -0.23 -0.23 -0.24 0.19 0.62 1.05 1.86 1.05 1.33 1.62 1.91 1.16 0.41 -0.34 -2.89 -4.14 -5.39 -6.64 -5.30 -5.03 -4.77 -4.50 -1.99 -0.39 1.20 2.79 2.08 2.14 2.20 2.25 0.98 1.04 0.52 0.00 -0.51 -0.89 -1.27 -1.65 -1.34 -1.34 -1.44 -1.53 -1.63 -1.43 -1.23 -1.04 -1.05 -0.56 -0.35 -0.15 0.05 -0.08 -0.21 -0.35 -0.24 -0.24 -0.22 -0.20 -0.18 -0.15 0.07 0.29 0.51 0.56 0.62 0.68 0.64 0.57 0.49 0.42 0.39 0.34 0.29 0.24 0.12 0.06 -0.02 -0.11
0.13 0.08 -0.15 -0.37 -0.38 -0.39 0.04 0.47 1.29 2.10 1.28 0.46 0.75 1.03 0.29 -0.46 -3.01 -5.56 -6.81 -8.06 -6.72 -5.38 -5.12 -4.85 -2.34 0.18 1.77 3.36 2.65 1.95 2.01 2.07 0.79 -0.48 -0.42 -0.36 -0.88 -1.40 -1.78 -2.16 -1.85 -1.54 -1.53 -1.53 -1.63 -1.72 -1.53 -1.33 -1.34 -1.36 -0.86 -0.37 -0.17 0.04 -0.10 -0.23 -0.12 -0.02 -0.02 -0.02 0.00 0.02 0.05 0.09 0.31 0.52 0.58 0.64 0.60 0.57 0.49 0.42 0.40 0.37 0.32 0.27 0.15 0.03 -0.03 -0.09 -0.17
0.20 0.15 -0.08 -0.30 -0.53 -0.53 -0.10 0.71 1.52 2.33 1.51 0.70 -0.12 0.16 -0.58 -3.13 -5.68 -8.23 -9.48 -8.14 -6.80 -5.47 -5.20 -2.69 -0.17 2.34 3.93 3.23 2.52 1.82 1.88 0.60 -0.67 -1.95 -1.88 -1.82 -1.76 -2.28 -2.66 -2.35 -2.04 -1.73 -1.73 -1.73 -1.73 -1.82 -1.62 -1.64 -1.65 -1.66 -1.17 -0.67 -0.18 0.02 -0.11 -0.01 0.10 0.20 0.20 0.20 0.20 0.22 0.26 0.29 0.32 0.54 0.60 0.56 0.53 0.50 0.42 0.40 0.37 0.35 0.30 0.18 0.06 -0.05 -0.12 -0.18 -0.24
0.27 0.22 -0.01 -0.23 -0.46 -0.68 0.13 0.94 1.76 2.57 1.75 0.93 0.11 -0.71 -3.25 -5.80 -8.35 -10.90 -9.56 -8.22 -6.89 -5.55 -3.04 -0.52 1.99 4.50 3.80 3.09 2.39 1.69 0.41 -0.86 -2.14 -3.41 -3.35 -3.29 -3.22 -3.16 -2.85 -2.54 -2.23 -1.92 -1.92 -1.92 -1.92 -1.92 -1.93 -1.94 -1.95 -1.96 -1.47 -0.98 -0.49 0.01 0.11 0.22 0.32 0.43 0.43 0.43 0.43 0.42 0.46 0.49 0.53 0.56 0.52 0.49 0.46 0.42 0.40 0.38 0.35 0.33 0.21 0.10 -0.02 -0.14 -0.20 -0.27 -0.33
0.41 0.22 -0.01 -0.23 -0.46 -0.53 0.54 1.35 2.16 2.97 2.15 1.34 0.52 -0.62 -0.70 -3.24 -5.79 -8.34 -5.59 -4.25 -2.92 -1.58 -3.25 -0.73 1.78 4.29 3.59 2.88 2.18 0.15 -1.13 -2.40 -3.68 -3.31 -3.24 -3.18 -3.12 -2.35 -2.34 -2.03 -1.72 -1.41 -1.41 -1.41 -1.41 -1.60 -1.56 -1.57 -1.58 -1.59 -1.10 -0.61 -0.11 0.17 0.26 0.37 0.47 0.58 0.72 0.72 0.72 0.72 0.75 0.79 0.82 0.68 0.52 0.49 0.46 0.42 0.37 0.34 0.32 0.30 0.18 0.06 -0.06 -0.23 0.05 -0.02 -0.08
0.41 0.22 -0.01 -0.23 -0.31 -0.39 0.68 1.75 2.57 3.38 2.56 1.74 0.61 -0.53 -0.61 -0.69 -3.23 -5.78 -3.03 -0.29 1.05 2.39 0.72 -0.94 1.57 4.08 3.38 2.68 0.64 -1.39 -2.67 -3.94 -3.57 -3.20 -3.14 -3.08 -2.31 -1.54 -1.53 -1.52 -1.21 -0.90 -0.90 -0.90 -1.09 -1.28 -1.24 -1.20 -1.21 -1.22 -0.73 -0.23 0.05 0.34 0.43 0.52 0.63 0.73 0.87 1.02 1.02 1.02 1.05 1.08 0.95 0.81 0.65 0.49 0.45 0.42 0.37 0.31 0.29 0.27 0.15 0.03 -0.15 -0.32 -0.04 0.23 0.17
0.41 0.22 -0.01 -0.09 -0.16 -0.24 0.83 1.90 2.97 3.78 2.96 1.83 0.70 -0.44 -0.52 -0.60 -0.68 -3.22 -0.48 2.27 5.02 6.36 4.69 3.02 1.36 3.87 3.17 1.13 -0.90 -2.94 -4.21 -3.84 -3.47 -3.10 -3.04 -2.27 -1.50 -0.73 -0.72 -0.71 -0.70 -0.39 -0.39 -0.58 -0.77 -0.97 -0.92 -0.88 -0.84 -0.85 -0.35 -0.07 0.22 0.50 0.59 0.69 0.78 0.88 1.03 1.17 1.31 1.31 1.34 1.21 1.07 0.94 0.78 0.61 0.45 0.42 0.37 0.31 0.26 0.23 0.12 -0.06 -0.24 -0.41 -0.13 0.14 0.42
0.41 0.22 0.14 0.06 -0.02 -0.09 0.98 2.05 3.12 4.19 3.06 1.92 0.79 -0.35 -0.43 -0.51 -0.59 -0.67 2.08 4.83 7.58 10.32 8.66 6.99 5.33 3.66 1.63 -0.41 -2.44 -4.48 -4.11 -3.74 -3.37 -3.00 -2.23 -1.46 -0.69 0.08 0.09 0.10 0.11 0.12 -0.07 -0.26 -0.46 -0.65 -0.61 -0.56 -0.52 -0.47 -0.19 0.10 0.38 0.67 0.76 0.85 0.94 1.04 1.18 1.32 1.46 1.61 1.47 1.33 1.20 1.06 0.90 0.74 0.58 0.42 0.36 0.31 0.26 0.20 0.03 -0.15 -0.33 -0.50 -0.22 0.05 0.33
0.19 -0.08 -0.16 -0.24 -0.31 0.33 0.27 1.34 2.41 3.48 1.91 0.78 -0.36 -1.49 -1.57 -1.65 -1.73 0.43 0.10 2.85 5.60 8.35 5.64 3.98 2.31 0.64 -1.39 -3.43 -5.46 -3.99 -3.07 -2.70 -2.33 -1.96 -2.10 -1.34 -0.57 0.20 0.21 0.22 0.24 0.08 0.08 -0.12 -0.31 -0.51 -0.39 -0.35 -0.31 -0.26 0.02 0.31 0.59 0.54 0.50 0.59 0.68 0.77 0.91 1.06 1.20 1.51 1.47 1.33 1.20 1.06 1.01 0.85 0.69 0.53 0.42 0.37 0.31 0.26 0.09 -0.09 -0.27 -0.53 -0.26 0.02 0.30
-0.11 -0.38 -0.46 -0.53 0.11 0.76 0.69 0.62 1.70 2.77 1.20 -0.37 -1.50 -2.64 -2.72 -2.80 -0.63 1.53 1.20 0.87 3.62 6.37 3.66 0.96 -0.71 -2.37 -4.41 -6.44 -4.97 -3.50 -2.58 -1.66 -1.29 -0.92 -1.07 -1.21 -0.45 0.32 0.33 0.35 0.19 0.03 0.03 0.03 -0.17 -0.36 -0.25 -0.14 -0.09 -0.05 0.23 0.52 0.47 0.41 0.37 0.33 0.42 0.51 0.65 0.79 1.11 1.42 1.37 1.33 1.19 1.06 1.01 0.97 0.81 0.64 0.54 0.43 0.37 0.32 0.14 -0.03 -0.30 -0.57 -0.29 -0.01 0.52
-0.40 -0.68 -0.75 -0.11 0.54 1.19 1.12 1.05 0.98 2.05 0.49 -1.08 -2.65 -3.78 -3.86 -1.70 0.47 2.63 2.30 1.97 1.64 4.39 1.69 -1.02 -3.73 -5.39 -7.43 -5.95 -4.48 -3.01 -2.09 -1.17 -0.26 0.11 -0.03 -0.18 -0.32 0.45 0.46 0.30 0.14 -0.02 -0.02 -0.02 -0.02 -0.22 -0.11 0.01 0.12 0.16 0.45 0.39 0.34 0.28 0.24 0.20 0.15 0.25 0.39 0.70 1.01 1.32 1.28 1.24 1.19 1.06 1.01 0.96 0.92 0.76 0.65 0.54 0.43 0.38 0.20 -0.06 -0.33 -0.60 -0.32 0.21 0.74
-0.70 -0.97 -0.32 0.32 0.97 1.62 1.55 1.48 1.41 1.34 -0.22 -1.79 -3.36 -4.93 -2.76 -0.60 1.57 3.73 3.40 3.07 2.74 2.41 -0.29 -3.00 -5.70 -8.41 -6.94 -5.47 -4.00 -2.52 -1.61 -0.69 0.23 1.15 1.01 0.86 0.71 0.57 0.41 0.25 0.09 -0.07 -0.07 -0.07 -0.07 -0.07 0.04 0.15 0.26 0.37 0.32 0.26 0.21 0.15 0.11 0.07 0.03 -0.02 0.30 0.61 0.92 1.23 1.19 1.14 1.10 1.06 1.01 0.96 0.92 0.87 0.76 0.66 0.55 0.44 0.17 -0.10 -0.37 -0.63 -0.10 0.43 0.97
-0.27 -0.54 0.05 0.70 1.34 1.99 1.44 1.37 1.30 1.23 1.32 -0.24 -1.81 -3.38 -1.21 0.95 3.12 5.12 4.79 4.46 4.13 2.60 -0.11 -2.81 -5.52 -6.70 -5.67 -4.20 -2.73 -1.26 -0.34 0.58 1.50 0.98 0.75 0.61 0.46 0.31 0.15 -0.01 -0.17 0.12 0.12 0.12 0.12 0.02 0.13 0.24 0.36 0.30 0.41 0.36 0.30 0.24 0.20 0.16 0.12 0.11 0.34 0.65 0.96 1.27 1.17 1.12 1.08 1.04 0.99 0.94 0.90 0.95 0.84 0.73 0.62 0.69 0.45 0.18 -0.08 -0.35 -0.32 0.22 0.75
0.16 -0.12 0.48 1.07 1.72 2.37 1.81 1.26 1.19 1.13 1.22 1.30 -0.26 -1.83 0.33 2.50 4.50 6.51 6.18 5.85 4.32 2.78 0.08 -2.63 -3.81 -4.99 -3.96 -2.93 -1.46 0.01 0.93 1.85 1.33 0.81 0.58 0.35 0.21 0.06 -0.10 -0.26 0.02 0.31 0.31 0.31 0.21 0.12 0.23 0.34 0.29 0.23 0.34 0.45 0.39 0.34 0.30 0.25 0.24 0.23 0.46 0.69 1.00 1.31 1.21 1.10 1.06 1.02 0.97 0.92 0.97 1.02 0.91 0.81 0.88 0.94 0.70 0.46 0.20 -0.07 -0.04 0.00 0.54
0.58 0.31 0.91 1.50 2.09 2.74 2.19 1.64 1.09 1.02 1.11 1.20 1.28 -0.28 1.88 3.89 5.89 7.89 7.56 6.03 4.50 2.97 0.26 -0.92 -2.10 -3.28 -2.25 -1.22 -0.19 1.28 2.20 1.68 1.16 0.64 0.41 0.18 -0.05 -0.19 -0.35 -0.07 0.21 0.50 0.50 0.40 0.30 0.21 0.32 0.27 0.22 0.16 0.27 0.38 0.49 0.43 0.39 0.38 0.36 0.35 0.58 0.81 1.04 1.35 1.25 1.14 1.04 1.00 0.95 1.00 1.05 1.10 0.99 1.06 1.13 1.20 0.96 0.72 0.48 0.21 0.25 0.28 0.32
0.38 0.74 1.33 1.93 2.52 3.12 2.56 2.01 1.46 0.91 1.00 1.09 1.18 1.26 3.27 5.27 7.28 9.28 7.75 6.22 4.68 3.15 1.97 0.79 -0.39 -1.57 -0.54 0.49 1.52 2.55 2.03 1.51 0.99 0.47 0.24 0.01 -0.22 -0.45 -0.17 0.12 0.40 0.69 0.59 0.49 0.40 0.30 0.25 0.20 0.15 0.09 0.20 0.31 0.42 0.52 0.51 0.50 0.49 0.48 0.70 0.93 1.16 1.39 1.29 1.18 1.08 0.98 1.03 1.08 1.12 1.17 1.24 1.31 1.38 1.45 1.21 0.97 0.73 0.49 0.53 0.56 0.60
0.48 1.20 -0.62 -0.02 0.57 1.17 0.61 0.06 -0.49 -0.15 -0.06 0.03 0.12 0.31 -2.64 -0.64 1.37 3.37 1.84 0.31 -1.23 0.48 -0.70 -1.88 -3.06 -1.52 -1.41 -0.38 0.65 1.68 1.16 0.64 0.12 0.22 -0.01 -0.24 -0.47 -0.26 -0.06 0.22 0.50 0.79 0.69 0.60 0.50 0.31 0.19 0.14 0.08 0.03 0.17 0.28 0.38 0.49 0.68 0.67 0.66 0.65 0.87 1.10 1.33 1.56 1.45 1.35 1.25 1.13 1.05 1.10 1.15 1.20 1.18 1.25 1.32 1.39 1.41 1.18 0.94 0.70 0.73 0.77 0.81
0.94 1.66 -0.15 -1.97 -1.38 -0.78 -1.34 -1.89 -1.54 -1.20 -1.11 -1.02 -0.83 -0.64 -3.59 -6.55 -4.54 -2.54 -4.07 -5.60 -3.90 -2.19 -3.37 -4.55 -3.01 -1.47 -1.36 -1.25 -0.22 0.81 0.29 -0.23 -0.14 -0.04 -0.27 -0.50 -0.28 -0.07 0.13 0.32 0.60 0.89 0.79 0.70 0.51 0.32 0.20 0.07 0.02 -0.03 0.11 0.25 0.35 0.46 0.65 0.84 0.83 0.82 1.04 1.27 1.50 1.73 1.62 1.52 1.40 1.28 1.20 1.12 1.17 1.22 1.21 1.19 1.26 1.33 1.36 1.38 1.14 0.90 0.94 0.98 0.83
1.40 2.13 0.31 -1.51 -3.33 -2.73 -3.29 -2.94 -2.60 -2.25 -2.17 -1.97 -1.78 -1.59 -4.55 -7.50 -10.46 -8.45 -9.98 -8.28 -6.57 -4.86 -6.04 -4.50 -2.96 -1.41 -1.31 -1.20 -1.09 -0.06 -0.58 -0.49 -0.39 -0.29 -0.52 -0.31 -0.09 0.13 0.32 0.51 0.71 0.99 0.89 0.71 0.52 0.33 0.20 0.08 -0.04 -0.09 0.04 0.18 0.32 0.43 0.62 0.81 1.00 0.99 1.22 1.44 1.66 1.89 1.79 1.67 1.55 1.43 1.35 1.27 1.19 1.24 1.23 1.21 1.20 1.27 1.30 1.32 1.35 1.11 1.15 1.00 0.86
