test/esri_led_60/synt_tma_4800m_led_60.esri
nrows             510
ncols             462
xllcorner      398000.00
yllcorner     7846000.00
cellsize          500.00
NODATA_value    -9999
[rows 96 to 127 of 510, columns 360 to 431 of 462]
121.94 124.30 126.65 128.59 130.53 131.41 132.29 132.68 133.07 133.85 134.64 135.97 137.30 138.95 140.59 142.38 144.17 145.40 146.62 145.68 144.75 140.60 136.44 129.61 122.77 114.44 106.10 96.78 87.47 77.37 67.28 57.14 47.00 37.91 28.83 21.55 14.28 9.12 3.96 0.95 -2.05 -3.05 -4.06 -3.36 -2.66 -0.51 1.65 5.16 8.67 13.25 17.83 22.90 27.97 33.09 38.22 43.37 48.52 53.50 58.47 62.55 66.63 69.27 71.92 73.34 74.75 75.24 75.72 75.02 74.32 72.24 70.15 67.17
125.76 127.84 129.93 131.57 133.20 133.75 134.29 134.36 134.42 134.95 135.47 136.61 137.76 139.29 140.83 142.62 144.42 145.76 147.11 146.40 145.69 141.82 137.95 131.44 124.93 116.91 108.88 99.74 90.61 80.49 70.37 60.03 49.69 40.28 30.88 23.24 15.61 10.06 4.51 1.13 -2.24 -3.54 -4.83 -4.28 -3.74 -1.57 0.60 4.26 7.91 12.70 17.48 22.74 27.99 33.24 38.50 43.74 48.98 54.04 59.10 63.30 67.50 70.31 73.11 74.75 76.38 77.12 77.86 77.45 77.04 75.25 73.46 70.79
129.14 130.94 132.75 134.06 135.36 135.57 135.78 135.52 135.25 135.47 135.69 136.60 137.51 138.92 140.33 142.10 143.88 145.31 146.74 146.27 145.80 142.34 138.88 132.89 126.89 119.34 111.80 102.97 94.15 84.11 74.07 63.61 53.15 43.49 33.83 25.82 17.81 11.80 5.79 1.93 -1.94 -3.66 -5.38 -5.11 -4.85 -2.79 -0.74 2.93 6.60 11.46 16.32 21.67 27.03 32.39 37.76 43.11 48.47 53.65 58.84 63.21 67.58 70.65 73.71 75.67 77.63 78.72 79.82 79.77 79.72 78.30 76.87 74.57
132.52 134.05 135.57 136.54 137.52 137.40 137.27 136.68 136.09 136.00 135.91 136.59 137.27 138.55 139.83 141.58 143.33 144.86 146.38 146.15 145.92 142.86 139.81 134.33 128.85 121.78 114.71 106.20 97.69 87.73 77.78 67.20 56.61 46.69 36.77 28.39 20.01 13.55 7.08 2.73 -1.63 -3.77 -5.92 -5.94 -5.96 -4.02 -2.08 1.60 5.28 10.21 15.15 20.61 26.07 31.55 37.02 42.49 47.96 53.27 58.58 63.12 67.67 70.99 74.31 76.59 78.87 80.32 81.78 82.09 82.40 81.34 80.28 78.34
135.60 136.87 138.13 138.80 139.47 139.02 138.57 137.64 136.71 136.29 135.88 136.29 136.70 137.80 138.91 140.59 142.27 143.83 145.40 145.38 145.36 142.75 140.13 135.24 130.36 123.88 117.40 109.29 101.17 91.36 81.54 70.88 60.22 50.09 39.96 31.24 22.53 15.59 8.66 3.76 -1.13 -3.77 -6.40 -6.76 -7.13 -5.37 -3.61 0.01 3.63 8.57 13.52 19.03 24.54 30.12 35.70 41.29 46.89 52.36 57.82 62.59 67.36 71.00 74.64 77.33 80.01 81.89 83.78 84.50 85.23 84.57 83.90 82.33
138.68 139.69 140.69 141.05 141.42 140.64 139.87 138.60 137.34 136.59 135.84 135.98 136.12 137.06 138.00 139.60 141.21 142.81 144.41 144.61 144.81 142.63 140.45 136.16 131.87 125.97 120.08 112.37 104.66 94.98 85.30 74.56 63.83 53.49 43.14 34.09 25.04 17.64 10.23 4.80 -0.63 -3.76 -6.88 -7.59 -8.29 -6.71 -5.14 -1.58 1.98 6.93 11.88 17.45 23.02 28.70 34.37 40.10 45.82 51.45 57.07 62.06 67.05 71.02 74.98 78.06 81.15 83.46 85.77 86.92 88.07 87.79 87.52 86.32
141.39 142.24 143.09 143.24 143.40 142.36 141.32 139.76 138.19 137.14 136.09 135.95 135.81 136.51 137.21 138.66 140.10 141.65 143.20 143.51 143.81 141.93 140.05 136.23 132.41 127.03 121.66 114.32 106.99 97.43 87.87 77.07 66.28 55.79 45.29 36.00 26.71 18.94 11.17 5.30 -0.57 -4.09 -7.61 -8.60 -9.58 -8.15 -6.72 -3.21 0.30 5.25 10.21 15.83 21.44 27.20 32.96 38.81 44.66 50.46 56.26 61.50 66.73 71.02 75.31 78.80 82.30 85.06 87.82 89.39 90.96 91.05 91.13 90.24
144.09 144.79 145.49 145.44 145.38 144.08 142.78 140.91 139.04 137.68 136.33 135.92 135.50 135.97 136.43 137.71 138.98 140.48 141.98 142.40 142.82 141.24 139.66 136.31 132.95 128.10 123.24 116.28 109.32 99.88 90.44 79.58 68.73 58.09 47.45 37.92 28.39 20.25 12.11 5.80 -0.51 -4.43 -8.34 -9.61 -10.87 -9.58 -8.30 -4.84 -1.39 3.58 8.54 14.21 19.87 25.71 31.55 37.53 43.50 49.48 55.46 60.94 66.41 71.03 75.65 79.55 83.45 86.66 89.87 91.86 93.86 94.30 94.74 94.17
145.70 146.39 147.08 146.96 146.85 145.43 144.01 141.96 139.92 138.36 136.80 136.12 135.43 135.58 135.72 136.67 137.61 138.85 140.09 140.37 140.66 139.11 137.56 134.39 131.22 126.62 122.03 115.29 108.55 99.21 89.88 79.04 68.20 57.54 46.89 37.30 27.72 19.47 11.22 4.77 -1.69 -5.73 -9.77 -11.11 -12.46 -11.20 -9.95 -6.49 -3.03 1.96 6.95 12.65 18.35 24.25 30.15 36.21 42.27 48.38 54.50 60.19 65.87 70.77 75.67 79.92 84.17 87.77 91.37 93.72 96.07 96.80 97.53 97.20
147.31 147.99 148.67 148.49 148.32 146.77 145.23 143.02 140.81 139.04 137.26 136.32 135.37 135.19 135.01 135.63 136.24 137.22 138.20 138.35 138.50 136.98 135.46 132.47 129.48 125.15 120.82 114.29 107.77 98.55 89.32 78.50 67.68 57.00 46.33 36.69 27.05 18.69 10.33 3.74 -2.86 -7.03 -11.20 -12.62 -14.04 -12.82 -11.60 -8.13 -4.67 0.34 5.36 11.10 16.83 22.79 28.74 34.89 41.03 47.29 53.55 59.44 65.33 70.51 75.68 80.29 84.89 88.88 92.87 95.57 98.28 99.30 100.32 100.23
147.47 148.26 149.06 148.96 148.85 147.37 145.88 143.68 141.47 139.60 137.73 136.52 135.31 134.69 134.08 134.14 134.21 134.62 135.04 134.74 134.44 132.63 130.82 127.68 124.53 120.12 115.71 109.21 102.71 93.59 84.48 73.82 63.16 52.65 42.14 32.68 23.23 15.10 6.97 0.63 -5.71 -9.64 -13.58 -14.82 -16.06 -14.71 -13.36 -9.81 -6.27 -1.22 3.84 9.59 15.35 21.32 27.30 33.47 39.64 45.96 52.27 58.29 64.30 69.69 75.08 79.96 84.83 89.09 93.36 96.31 99.27 100.51 101.74 101.80
147.63 148.54 149.45 149.42 149.39 147.96 146.52 144.33 142.14 140.17 138.19 136.72 135.25 134.20 133.15 132.66 132.17 132.03 131.88 131.13 130.38 128.28 126.18 122.88 119.57 115.09 110.61 104.13 97.64 88.64 79.64 69.14 58.64 48.29 37.95 28.68 19.41 11.51 3.62 -2.47 -8.55 -12.25 -15.96 -17.01 -18.07 -16.59 -15.11 -11.49 -7.88 -2.78 2.31 8.09 13.87 19.86 25.85 32.05 38.26 44.63 51.00 57.14 63.28 68.88 74.48 79.62 84.77 89.31 93.85 97.06 100.27 101.71 103.16 103.38
147.21 148.30 149.38 149.49 149.60 148.29 146.98 144.88 142.77 140.74 138.72 136.96 135.19 133.58 131.97 130.72 129.46 128.51 127.55 126.09 124.63 121.97 119.32 115.58 111.84 107.05 102.26 95.65 89.04 80.15 71.26 61.01 50.77 40.74 30.71 21.84 12.97 5.60 -1.77 -7.27 -12.76 -15.93 -19.09 -19.73 -20.37 -18.61 -16.85 -13.07 -9.29 -4.13 1.04 6.84 12.64 18.62 24.60 30.77 36.95 43.31 49.67 55.86 62.05 67.78 73.52 78.85 84.19 88.92 93.65 97.03 100.40 101.97 103.54 103.82
146.79 148.05 149.31 149.56 149.81 148.63 147.45 145.42 143.40 141.32 139.25 137.20 135.14 132.97 130.79 128.77 126.75 124.99 123.22 121.05 118.87 115.66 112.45 108.29 104.12 99.01 93.90 87.17 80.44 71.66 62.88 52.89 42.90 33.19 23.48 15.01 6.54 -0.31 -7.16 -12.07 -16.97 -19.60 -22.22 -22.44 -22.67 -20.63 -18.60 -14.66 -10.71 -5.47 -0.23 5.59 11.40 17.37 23.34 29.49 35.64 41.99 48.34 54.58 60.82 66.69 72.56 78.09 83.61 88.53 93.46 96.99 100.53 102.22 103.92 104.26
147.01 148.37 149.73 150.04 150.36 149.21 148.05 146.01 143.96 141.75 139.54 137.11 134.68 131.82 128.97 126.06 123.15 120.46 117.77 114.78 111.78 107.88 103.97 99.25 94.53 89.05 83.56 76.69 69.82 61.16 52.49 42.81 33.13 23.85 14.57 6.66 -1.26 -7.41 -13.56 -17.69 -21.83 -23.74 -25.65 -25.31 -24.98 -22.56 -20.14 -15.97 -11.80 -6.44 -1.08 4.77 10.62 16.56 22.49 28.58 34.67 40.97 47.27 53.51 59.75 65.67 71.60 77.22 82.85 87.90 92.95 96.58 100.21 101.93 103.66 103.99
147.22 148.68 150.14 150.53 150.91 149.79 148.66 146.59 144.53 142.18 139.84 137.03 134.22 130.68 127.14 123.34 119.54 115.94 112.33 108.51 104.68 100.09 95.50 90.22 84.95 79.09 73.22 66.21 59.20 50.66 42.11 32.74 23.36 14.51 5.66 -1.70 -9.05 -14.50 -19.95 -23.32 -26.68 -27.88 -29.07 -28.18 -27.28 -24.48 -21.69 -17.28 -12.88 -7.40 -1.92 3.96 9.84 15.74 21.64 27.67 33.70 39.95 46.21 52.44 58.67 64.65 70.63 76.36 82.09 87.26 92.43 96.16 99.88 101.64 103.40 103.72
148.50 149.81 151.12 151.34 151.56 150.22 148.89 146.57 144.24 141.55 138.85 135.51 132.18 127.88 123.58 118.87 114.17 109.64 105.11 100.47 95.82 90.56 85.30 79.53 73.76 67.60 61.43 54.37 47.30 38.96 30.62 21.67 12.71 4.42 -3.87 -10.54 -17.21 -21.86 -26.51 -29.03 -31.55 -31.97 -32.40 -30.89 -29.38 -26.16 -22.94 -18.29 -13.64 -8.04 -2.43 3.47 9.38 15.23 21.09 27.03 32.97 39.13 45.30 51.46 57.63 63.57 69.51 75.24 80.97 86.15 91.33 95.05 98.78 100.51 102.23 102.50
149.77 150.93 152.09 152.14 152.20 150.66 149.12 146.54 143.96 140.91 137.87 134.00 130.13 125.08 120.02 114.41 108.79 103.34 97.89 92.43 86.96 81.04 75.11 68.84 62.57 56.10 49.64 42.52 35.40 27.27 19.14 10.60 2.06 -5.67 -13.40 -19.39 -25.37 -29.22 -33.08 -34.75 -36.42 -36.07 -35.72 -33.60 -31.48 -27.84 -24.20 -19.30 -14.39 -8.67 -2.94 2.99 8.92 14.73 20.53 26.39 32.24 38.31 44.39 50.49 56.59 62.49 68.39 74.12 79.84 85.03 90.23 93.95 97.68 99.37 101.07 101.29
151.95 152.62 153.29 152.87 152.45 150.43 148.41 145.30 142.20 138.54 134.88 130.31 125.75 119.91 114.07 107.58 101.09 94.77 88.44 82.24 76.03 69.57 63.11 56.51 49.90 43.27 36.64 29.61 22.57 14.80 7.04 -0.91 -8.86 -15.89 -22.91 -28.11 -33.31 -36.30 -39.30 -40.11 -40.91 -39.78 -38.64 -35.91 -33.18 -29.14 -25.10 -19.98 -14.85 -9.03 -3.22 2.71 8.64 14.39 20.13 25.87 31.62 37.55 43.49 49.45 55.41 61.18 66.96 72.55 78.15 83.21 88.27 91.89 95.50 97.12 98.74 98.90
154.12 154.31 154.50 153.60 152.70 150.20 147.70 144.06 140.43 136.17 131.90 126.63 121.36 114.73 108.11 100.75 93.40 86.20 79.00 72.05 65.10 58.11 51.12 44.17 37.22 30.43 23.65 16.69 9.73 2.33 -5.07 -12.43 -19.79 -26.10 -32.42 -36.83 -41.24 -43.38 -45.52 -45.46 -45.40 -43.48 -41.57 -38.23 -34.89 -30.45 -26.00 -20.65 -15.30 -9.40 -3.49 2.44 8.37 14.05 19.73 25.36 30.99 36.80 42.60 48.41 54.23 59.88 65.53 70.99 76.45 81.39 86.32 89.82 93.32 94.87 96.41 96.51
156.90 156.35 155.80 154.19 152.58 149.37 146.17 141.80 137.43 132.39 127.36 121.31 115.26 107.85 100.44 92.28 84.13 76.14 68.16 60.59 53.02 45.66 38.31 31.20 24.10 17.30 10.51 3.76 -2.99 -9.89 -16.80 -23.46 -30.12 -35.65 -41.19 -44.79 -48.39 -49.68 -50.97 -50.06 -49.15 -46.49 -43.84 -39.94 -36.04 -31.24 -26.44 -20.91 -15.38 -9.41 -3.44 2.48 8.40 14.01 19.62 25.13 30.64 36.29 41.93 47.56 53.20 58.65 64.09 69.33 74.58 79.28 83.98 87.28 90.59 92.01 93.43 93.44
159.69 158.39 157.10 154.78 152.46 148.55 144.64 139.54 134.44 128.62 122.81 115.98 109.15 100.96 92.77 83.81 74.85 66.09 57.32 49.13 40.94 33.22 25.50 18.24 10.97 4.17 -2.63 -9.17 -15.71 -22.12 -28.53 -34.49 -40.44 -45.20 -49.95 -52.74 -55.53 -55.97 -56.41 -54.66 -52.91 -49.51 -46.10 -41.65 -37.19 -32.04 -26.88 -21.17 -15.45 -9.42 -3.38 2.52 8.43 13.97 19.51 24.90 30.29 35.78 41.26 46.71 52.17 57.41 62.66 67.68 72.70 77.16 81.63 84.75 87.86 89.15 90.44 90.37
162.06 159.94 157.83 154.73 151.63 146.94 142.25 136.36 130.47 123.90 117.34 109.80 102.27 93.41 84.55 74.93 65.32 55.97 46.62 38.02 29.42 21.53 13.64 6.39 -0.86 -7.52 -14.18 -20.40 -26.62 -32.49 -38.36 -43.63 -48.90 -52.93 -56.96 -59.02 -61.09 -60.79 -60.50 -58.04 -55.58 -51.56 -47.55 -42.64 -37.74 -32.32 -26.89 -21.04 -15.19 -9.10 -3.00 2.90 8.81 14.29 19.77 25.07 30.36 35.70 41.05 46.32 51.59 56.60 61.60 66.34 71.09 75.28 79.47 82.34 85.21 86.31 87.41 87.20
164.43 161.50 158.56 154.68 150.80 145.33 139.86 133.18 126.50 119.18 111.86 103.62 95.39 85.86 76.32 66.06 55.79 45.85 35.91 26.90 17.89 9.84 1.78 -5.46 -12.70 -19.22 -25.73 -31.63 -37.53 -42.86 -48.19 -52.77 -57.35 -60.66 -63.96 -65.30 -66.64 -65.62 -64.59 -61.42 -58.24 -53.62 -48.99 -43.64 -38.29 -32.60 -26.90 -20.91 -14.92 -8.77 -2.62 3.28 9.18 14.61 20.04 25.23 30.42 35.63 40.84 45.92 51.01 55.78 60.55 65.01 69.48 73.39 77.30 79.93 82.56 83.47 84.38 84.03
164.57 160.87 157.17 152.58 147.99 141.84 135.69 128.38 121.06 113.17 105.29 96.57 87.86 77.93 68.00 57.40 46.80 36.62 26.44 17.34 8.24 0.26 -7.73 -14.75 -21.77 -27.98 -34.19 -39.68 -45.16 -49.96 -54.77 -58.75 -62.74 -65.46 -68.17 -68.97 -69.76 -68.24 -66.72 -63.12 -59.51 -54.54 -49.57 -43.97 -38.38 -32.55 -26.71 -20.65 -14.59 -8.41 -2.23 3.68 9.60 15.01 20.42 25.57 30.71 35.83 40.95 45.87 50.79 55.30 59.81 63.95 68.10 71.68 75.26 77.60 79.93 80.60 81.27 80.74
164.70 160.24 155.79 150.48 145.18 138.35 131.52 123.57 115.61 107.16 98.71 89.52 80.33 70.00 59.67 48.74 37.82 27.40 16.98 7.78 -1.42 -9.32 -17.23 -24.04 -30.85 -36.75 -42.65 -47.72 -52.79 -57.07 -61.34 -64.73 -68.12 -70.25 -72.38 -72.63 -72.88 -70.87 -68.85 -64.82 -60.78 -55.46 -50.14 -44.31 -38.47 -32.50 -26.52 -20.39 -14.26 -8.05 -1.83 4.09 10.01 15.41 20.80 25.90 31.00 36.03 41.06 45.81 50.57 54.82 59.08 62.90 66.72 69.97 73.22 75.26 77.30 77.72 78.15 77.44
161.45 156.36 151.27 145.39 139.51 132.23 124.94 116.63 108.31 99.56 90.82 81.45 72.07 61.72 51.36 40.54 29.71 19.48 9.24 0.30 -8.64 -16.19 -23.75 -30.13 -36.51 -41.92 -47.34 -51.92 -56.50 -60.28 -64.06 -66.97 -69.88 -71.57 -73.27 -73.19 -73.10 -70.89 -68.67 -64.55 -60.43 -55.10 -49.77 -43.95 -38.13 -32.17 -26.21 -20.10 -13.98 -7.78 -1.58 4.35 10.27 15.69 21.12 26.24 31.37 36.36 41.35 45.96 50.57 54.54 58.52 61.97 65.41 68.25 71.09 72.76 74.43 74.58 74.73 73.81
158.20 152.47 146.74 140.30 133.85 126.11 118.37 109.69 101.01 91.97 82.93 73.37 63.82 53.44 43.06 32.33 21.61 11.56 1.51 -7.18 -15.86 -23.06 -30.27 -36.22 -42.16 -47.10 -52.04 -56.12 -60.20 -63.49 -66.77 -69.20 -71.63 -72.89 -74.16 -73.74 -73.32 -70.91 -68.49 -64.29 -60.09 -54.75 -49.40 -43.60 -37.79 -31.84 -25.90 -19.80 -13.70 -7.51 -1.33 4.60 10.53 15.98 21.44 26.59 31.74 36.69 41.64 46.10 50.56 54.26 57.97 61.03 64.10 66.53 68.96 70.26 71.57 71.44 71.31 70.19
152.18 145.99 139.80 132.97 126.14 118.16 110.19 101.40 92.60 83.53 74.45 65.00 55.54 45.46 35.37 25.10 14.82 5.29 -4.24 -12.38 -20.52 -27.16 -33.79 -39.13 -44.47 -48.81 -53.15 -56.69 -60.23 -63.06 -65.89 -67.95 -70.00 -70.98 -71.95 -71.38 -70.82 -68.44 -66.06 -62.05 -58.04 -52.95 -47.85 -42.27 -36.68 -30.88 -25.09 -19.09 -13.09 -6.97 -0.85 5.06 10.97 16.47 21.97 27.18 32.40 37.35 42.31 46.63 50.95 54.35 57.76 60.39 63.03 64.99 66.95 67.84 68.73 68.29 67.84 66.49
146.17 139.51 132.86 125.64 118.42 110.22 102.02 93.11 84.20 75.09 65.98 56.62 47.26 37.47 27.68 17.86 8.03 -0.98 -10.00 -17.59 -25.19 -31.25 -37.31 -42.05 -46.79 -50.52 -54.25 -57.25 -60.25 -62.63 -65.01 -66.69 -68.38 -69.06 -69.74 -69.02 -68.31 -65.97 -63.63 -59.81 -55.99 -51.15 -46.31 -40.93 -35.56 -29.92 -24.28 -18.38 -12.48 -6.43 -0.37 5.52 11.42 16.96 22.50 27.78 33.06 38.01 42.97 47.16 51.35 54.45 57.55 59.75 61.96 63.45 64.94 65.42 65.89 65.13 64.38 62.79
138.68 131.78 124.89 117.51 110.14 101.90 93.65 84.82 75.98 67.04 58.10 49.05 40.01 30.72 21.42 12.24 3.06 -5.25 -13.56 -20.45 -27.35 -32.71 -38.08 -42.14 -46.20 -49.30 -52.40 -54.86 -57.33 -59.31 -61.29 -62.69 -64.09 -64.59 -65.10 -64.36 -63.61 -61.44 -59.27 -55.76 -52.25 -47.77 -43.29 -38.24 -33.20 -27.81 -22.41 -16.70 -10.98 -5.05 0.87 6.70 12.53 18.06 23.60 28.90 34.20 39.15 44.09 48.12 52.15 54.92 57.69 59.45 61.20 62.22 63.23 63.29 63.35 62.25 61.16 59.32
131.19 124.05 116.92 109.38 101.85 93.57 85.29 76.52 67.76 58.99 50.22 41.49 32.76 23.96 15.17 6.63 -1.91 -9.52 -17.13 -23.31 -29.50 -34.18 -38.85 -42.23 -45.61 -48.08 -50.54 -52.47 -54.40 -55.99 -57.57 -58.69 -59.80 -60.13 -60.45 -59.69 -58.92 -56.91 -54.90 -51.70 -48.51 -44.39 -40.27 -35.55 -30.83 -25.69 -20.55 -15.02 -9.48 -3.68 2.12 7.88 13.64 19.17 24.69 30.02 35.35 40.28 45.20 49.08 52.96 55.40 57.84 59.14 60.44 60.98 61.52 61.16 60.80 59.37 57.95 55.85
