test/esri_led_60/synt_tma+240m_led_60.esri
nrows             510
ncols             462
xllcorner      398000.00
yllcorner     7846000.00
cellsize          500.00
NODATA_value    -9999
[rows 33 to 65 of 510, columns 300 to 374 of 462]
96.65 93.31 89.97 85.60 81.22 76.09 70.95 65.38 59.81 54.14 48.46 43.00 37.54 32.60 27.65 23.48 19.30 16.09 12.87 10.75 8.64 7.67 6.70 6.88 7.06 8.32 9.58 11.79 14.00 17.01 20.01 23.62 27.22 31.23 35.23 39.42 43.61 47.77 51.94 55.88 59.82 63.35 66.88 69.83 72.78 74.99 77.21 78.57 79.92 80.34 80.75 80.18 79.61 78.06 76.51 74.02 71.53 68.21 64.88 60.87 56.85 52.31 47.77 42.91 38.05 33.07 28.10 23.22 18.34 13.75 9.16 5.01 0.87 -2.69 -6.25
97.68 94.09 90.51 85.91 81.31 76.00 70.68 64.99 59.30 53.57 47.84 42.39 36.94 32.06 27.19 23.12 19.06 15.99 12.92 10.95 8.98 8.16 7.33 7.63 7.93 9.28 10.63 12.91 15.18 18.22 21.26 24.89 28.51 32.52 36.53 40.72 44.92 49.08 53.25 57.21 61.16 64.70 68.25 71.21 74.18 76.41 78.65 80.03 81.40 81.84 82.28 81.72 81.17 79.64 78.10 75.63 73.16 69.86 66.55 62.55 58.54 54.02 49.50 44.65 39.80 34.83 29.87 24.99 20.11 15.52 10.92 6.78 2.63 -0.94 -4.51
98.71 94.87 91.04 86.22 81.40 75.91 70.41 64.60 58.78 53.00 47.21 41.77 36.33 31.53 26.72 22.77 18.82 15.89 12.96 11.15 9.33 8.64 7.96 8.38 8.80 10.24 11.69 14.02 16.36 19.44 22.52 26.16 29.80 33.82 37.84 42.03 46.22 50.40 54.57 58.53 62.49 66.05 69.61 72.59 75.58 77.83 80.09 81.49 82.89 83.34 83.80 83.26 82.73 81.21 79.69 77.24 74.79 71.50 68.21 64.23 60.24 55.73 51.23 46.39 41.55 36.59 31.64 26.76 21.89 17.29 12.69 8.54 4.39 0.81 -2.77
99.72 95.69 91.66 86.67 81.67 76.04 70.41 64.50 58.59 52.76 46.94 41.51 36.09 31.34 26.59 22.73 18.87 16.04 13.22 11.50 9.79 9.20 8.61 9.11 9.60 11.09 12.58 14.94 17.29 20.37 23.45 27.08 30.70 34.69 38.69 42.85 47.02 51.17 55.32 59.26 63.20 66.75 70.30 73.28 76.26 78.52 80.79 82.20 83.61 84.09 84.56 84.06 83.55 82.07 80.58 78.17 75.76 72.51 69.27 65.33 61.39 56.93 52.47 47.68 42.89 37.97 33.05 28.20 23.36 18.79 14.21 10.07 5.93 2.36 -1.21
100.74 96.52 92.29 87.11 81.94 76.17 70.40 64.40 58.40 52.53 46.67 41.25 35.84 31.15 26.46 22.68 18.91 16.19 13.47 11.86 10.25 9.76 9.27 9.83 10.40 11.93 13.47 15.85 18.23 21.31 24.38 27.99 31.60 35.57 39.53 43.67 47.81 51.94 56.06 59.99 63.91 67.45 70.99 73.97 76.95 79.22 81.48 82.91 84.34 84.83 85.33 84.85 84.37 82.92 81.47 79.09 76.72 73.52 70.32 66.43 62.54 58.13 53.72 48.97 44.22 39.34 34.46 29.65 24.84 20.28 15.73 11.60 7.48 3.91 0.35
101.54 97.18 92.81 87.52 82.23 76.37 70.52 64.47 58.42 52.55 46.67 41.28 35.90 31.26 26.62 22.91 19.21 16.56 13.91 12.36 10.82 10.37 9.92 10.51 11.11 12.64 14.18 16.54 18.90 21.93 24.97 28.53 32.09 35.99 39.90 43.98 48.06 52.13 56.20 60.07 63.95 67.45 70.95 73.91 76.87 79.13 81.38 82.81 84.25 84.76 85.27 84.83 84.38 82.98 81.57 79.26 76.94 73.81 70.68 66.87 63.05 58.71 54.38 49.71 45.04 40.22 35.41 30.66 25.91 21.40 16.89 12.80 8.71 5.17 1.63
102.34 97.83 93.33 87.92 82.52 76.58 70.64 64.54 58.45 52.56 46.68 41.31 35.95 31.36 26.78 23.14 19.50 16.92 14.34 12.86 11.38 10.98 10.58 11.20 11.81 13.35 14.89 17.23 19.57 22.56 25.56 29.07 32.57 36.42 40.27 44.29 48.31 52.32 56.33 60.16 63.99 67.45 70.92 73.85 76.79 79.03 81.28 82.72 84.15 84.69 85.22 84.81 84.39 83.03 81.67 79.42 77.16 74.10 71.04 67.30 63.56 59.30 55.04 50.45 45.85 41.11 36.37 31.67 26.98 22.52 18.06 14.00 9.94 6.43 2.91
102.69 98.11 93.53 88.07 82.62 76.66 70.69 64.61 58.52 52.66 46.81 41.50 36.18 31.65 27.12 23.54 19.96 17.42 14.89 13.43 11.98 11.59 11.19 11.79 12.39 13.88 15.38 17.66 19.93 22.85 25.78 29.19 32.61 36.36 40.11 44.04 47.96 51.89 55.81 59.56 63.31 66.72 70.12 73.01 75.90 78.12 80.34 81.77 83.20 83.75 84.30 83.93 83.55 82.25 80.95 78.77 76.58 73.61 70.64 67.00 63.36 59.21 55.05 50.56 46.07 41.42 36.78 32.17 27.56 23.17 18.79 14.79 10.79 7.31 3.84
103.04 98.38 93.73 88.22 82.72 76.74 70.75 64.67 58.59 52.76 46.94 41.68 36.41 31.94 27.47 23.94 20.41 17.92 15.44 14.01 12.58 12.19 11.80 12.38 12.96 14.42 15.87 18.09 20.30 23.14 25.99 29.31 32.64 36.30 39.96 43.79 47.62 51.46 55.29 58.97 62.64 65.98 69.32 72.16 75.01 77.20 79.40 80.83 82.25 82.82 83.39 83.05 82.71 81.46 80.22 78.11 76.01 73.13 70.24 66.70 63.16 59.11 55.07 50.68 46.29 41.74 37.19 32.67 28.15 23.83 19.52 15.57 11.63 8.20 4.77
102.76 98.09 93.42 87.93 82.45 76.51 70.57 64.55 58.54 52.79 47.05 41.86 36.68 32.28 27.88 24.40 20.93 18.47 16.01 14.59 13.16 12.74 12.32 12.84 13.36 14.74 16.11 18.22 20.34 23.06 25.79 28.99 32.19 35.72 39.25 42.96 46.66 50.38 54.09 57.66 61.23 64.48 67.74 70.52 73.29 75.45 77.61 79.03 80.44 81.03 81.61 81.31 81.02 79.84 78.67 76.65 74.64 71.86 69.09 65.67 62.25 58.33 54.41 50.15 45.89 41.46 37.03 32.62 28.21 24.00 19.78 15.92 12.05 8.69 5.32
102.47 97.79 93.11 87.64 82.17 76.28 70.38 64.43 58.48 52.82 47.15 42.05 36.94 32.62 28.29 24.87 21.45 19.02 16.59 15.16 13.73 13.28 12.83 13.30 13.76 15.06 16.35 18.36 20.37 22.99 25.60 28.67 31.75 35.15 38.55 42.12 45.70 49.30 52.89 56.35 59.82 62.98 66.15 68.87 71.58 73.70 75.82 77.23 78.63 79.23 79.83 79.58 79.33 78.22 77.11 75.19 73.26 70.60 67.93 64.63 61.34 57.54 53.75 49.62 45.48 41.18 36.88 32.58 28.28 24.16 20.04 16.26 12.48 9.17 5.87
101.46 96.82 92.18 86.79 81.40 75.62 69.83 64.00 58.18 52.64 47.10 42.12 37.13 32.90 28.67 25.31 21.96 19.55 17.14 15.69 14.25 13.74 13.23 13.61 13.98 15.15 16.33 18.20 20.08 22.53 24.99 27.90 30.81 34.05 37.28 40.70 44.11 47.56 51.01 54.34 57.67 60.73 63.79 66.43 69.07 71.15 73.22 74.62 76.01 76.63 77.25 77.05 76.85 75.82 74.79 72.97 71.15 68.61 66.07 62.91 59.76 56.11 52.47 48.49 44.50 40.35 36.19 32.03 27.87 23.87 19.87 16.19 12.51 9.29 6.07
100.45 95.85 91.25 85.94 80.63 74.95 69.27 63.57 57.87 52.46 47.06 42.19 37.32 33.19 29.05 25.76 22.46 20.08 17.69 16.23 14.76 14.20 13.63 13.91 14.20 15.25 16.31 18.04 19.78 22.08 24.38 27.13 29.88 32.95 36.02 39.27 42.52 45.82 49.12 52.33 55.53 58.48 61.44 64.00 66.56 68.59 70.62 72.00 73.38 74.02 74.66 74.51 74.36 73.42 72.47 70.76 69.04 66.63 64.21 61.20 58.18 54.68 51.19 47.36 43.53 39.52 35.50 31.48 27.45 23.57 19.70 16.12 12.54 9.41 6.27
98.71 94.20 89.69 84.51 79.33 73.81 68.29 62.77 57.25 52.02 46.78 42.08 37.37 33.35 29.34 26.13 22.91 20.55 18.19 16.70 15.21 14.57 13.92 14.09 14.25 15.16 16.06 17.62 19.17 21.28 23.39 25.94 28.49 31.36 34.23 37.29 40.35 43.48 46.60 49.65 52.70 55.54 58.38 60.85 63.33 65.31 67.30 68.67 70.04 70.71 71.38 71.29 71.20 70.35 69.50 67.90 66.31 64.04 61.76 58.90 56.04 52.72 49.39 45.73 42.07 38.23 34.38 30.51 26.65 22.91 19.17 15.72 12.27 9.24 6.21
96.98 92.55 88.13 83.08 78.03 72.67 67.31 61.97 56.63 51.57 46.51 41.96 37.41 33.52 29.63 26.50 23.36 21.02 18.69 17.17 15.65 14.93 14.22 14.26 14.31 15.06 15.81 17.19 18.57 20.49 22.41 24.75 27.10 29.77 32.44 35.31 38.18 41.13 44.08 46.98 49.88 52.60 55.31 57.70 60.10 62.03 63.97 65.33 66.69 67.39 68.09 68.06 68.04 67.28 66.52 65.05 63.57 61.44 59.31 56.61 53.91 50.75 47.59 44.10 40.61 36.94 33.26 29.55 25.84 22.25 18.65 15.33 12.00 9.07 6.14
94.60 90.30 85.99 81.11 76.23 71.07 65.92 60.80 55.67 50.83 45.99 41.64 37.28 33.54 29.81 26.77 23.73 21.43 19.13 17.59 16.04 15.23 14.43 14.34 14.24 14.82 15.39 16.56 17.74 19.42 21.11 23.23 25.34 27.77 30.21 32.86 35.51 38.26 41.01 43.75 46.48 49.07 51.66 53.97 56.27 58.17 60.06 61.42 62.78 63.52 64.25 64.30 64.36 63.70 63.05 61.71 60.37 58.40 56.43 53.90 51.37 48.39 45.42 42.12 38.82 35.33 31.84 28.30 24.77 21.34 17.90 14.72 11.53 8.72 5.92
92.23 88.04 83.86 79.14 74.43 69.48 64.53 59.62 54.72 50.10 45.47 41.31 37.15 33.56 29.98 27.04 24.10 21.84 19.58 18.00 16.43 15.54 14.64 14.41 14.18 14.58 14.97 15.93 16.90 18.36 19.82 21.70 23.57 25.77 27.98 30.41 32.84 35.39 37.95 40.52 43.09 45.55 48.01 50.23 52.45 54.30 56.15 57.51 58.87 59.64 60.42 60.54 60.67 60.12 59.58 58.38 57.17 55.36 53.54 51.19 48.83 46.04 43.25 40.13 37.02 33.72 30.41 27.05 23.69 20.42 17.15 14.11 11.07 8.38 5.69
89.37 85.32 81.28 76.75 72.23 67.51 62.78 58.13 53.47 49.09 44.71 40.77 36.83 33.42 30.02 27.20 24.38 22.17 19.96 18.36 16.77 15.79 14.81 14.43 14.05 14.25 14.45 15.18 15.91 17.12 18.33 19.94 21.55 23.49 25.44 27.63 29.81 32.16 34.50 36.90 39.29 41.62 43.95 46.08 48.22 50.03 51.84 53.21 54.57 55.40 56.22 56.43 56.65 56.22 55.80 54.74 53.68 52.04 50.39 48.22 46.05 43.46 40.86 37.95 35.04 31.93 28.83 25.66 22.49 19.40 16.30 13.41 10.53 7.97 5.41
86.51 82.60 78.70 74.36 70.03 65.54 61.04 56.63 52.22 48.09 43.95 40.23 36.51 33.28 30.06 27.36 24.66 22.50 20.34 18.72 17.11 16.04 14.97 14.45 13.92 13.92 13.93 14.43 14.93 15.88 16.83 18.18 19.53 21.22 22.90 24.85 26.79 28.92 31.05 33.27 35.49 37.69 39.88 41.93 43.98 45.76 47.53 48.90 50.28 51.15 52.02 52.32 52.62 52.32 52.01 51.10 50.19 48.72 47.24 45.26 43.28 40.88 38.48 35.77 33.06 30.15 27.24 24.27 21.29 18.37 15.45 12.72 9.99 7.56 5.14
83.33 79.58 75.82 71.69 67.56 63.30 59.04 54.88 50.73 46.85 42.98 39.49 36.01 32.98 29.94 27.38 24.82 22.73 20.64 19.02 17.40 16.25 15.11 14.44 13.77 13.57 13.37 13.63 13.89 14.58 15.26 16.33 17.40 18.82 20.23 21.92 23.61 25.52 27.43 29.47 31.51 33.57 35.63 37.60 39.56 41.30 43.04 44.43 45.82 46.75 47.68 48.07 48.47 48.29 48.11 47.36 46.60 45.30 44.00 42.21 40.42 38.23 36.04 33.53 31.03 28.33 25.64 22.86 20.08 17.34 14.61 12.04 9.47 7.18 4.90
80.16 76.56 72.95 69.02 65.08 61.06 57.04 53.14 49.24 45.62 42.00 38.75 35.50 32.67 29.83 27.40 24.98 22.96 20.94 19.31 17.69 16.46 15.24 14.43 13.61 13.22 12.82 12.84 12.85 13.27 13.69 14.48 15.28 16.42 17.55 18.99 20.43 22.12 23.80 25.66 27.52 29.45 31.38 33.26 35.14 36.85 38.56 39.96 41.36 42.34 43.33 43.82 44.31 44.26 44.21 43.61 43.01 41.88 40.76 39.17 37.57 35.58 33.59 31.30 29.01 26.52 24.03 21.45 18.87 16.32 13.77 11.36 8.95 6.80 4.66
76.86 73.40 69.95 66.21 62.47 58.67 54.88 51.23 47.58 44.21 40.84 37.82 34.81 32.18 29.54 27.26 24.99 23.05 21.12 19.51 17.90 16.62 15.33 14.39 13.45 12.87 12.29 12.07 11.86 12.01 12.17 12.69 13.20 14.07 14.93 16.12 17.30 18.77 20.23 21.91 23.58 25.38 27.17 28.98 30.78 32.45 34.13 35.54 36.96 38.00 39.04 39.63 40.21 40.29 40.37 39.93 39.48 38.54 37.59 36.19 34.80 33.01 31.23 29.15 27.07 24.79 22.51 20.13 17.75 15.39 13.02 10.78 8.53 6.53 4.52
73.56 70.25 66.95 63.40 59.85 56.29 52.72 49.32 45.91 42.79 39.67 36.90 34.12 31.69 29.25 27.12 25.00 23.15 21.30 19.70 18.11 16.77 15.43 14.36 13.29 12.53 11.76 11.31 10.86 10.76 10.65 10.89 11.13 11.72 12.31 13.24 14.17 15.41 16.65 18.15 19.64 21.31 22.97 24.69 26.41 28.05 29.69 31.12 32.56 33.66 34.76 35.44 36.12 36.33 36.53 36.25 35.96 35.19 34.43 33.22 32.02 30.44 28.87 27.00 25.13 23.06 20.99 18.81 16.63 14.45 12.27 10.19 8.12 6.25 4.38
70.29 67.13 63.97 60.60 57.23 53.87 50.50 47.32 44.14 41.25 38.36 35.80 33.25 31.01 28.76 26.79 24.82 23.07 21.32 19.76 18.20 16.83 15.46 14.30 13.14 12.21 11.29 10.63 9.98 9.64 9.29 9.27 9.25 9.59 9.92 10.61 11.29 12.32 13.34 14.66 15.98 17.51 19.05 20.68 22.32 23.93 25.54 26.98 28.42 29.57 30.73 31.50 32.27 32.60 32.93 32.79 32.66 32.07 31.47 30.46 29.45 28.07 26.70 25.04 23.37 21.51 19.64 17.66 15.68 13.68 11.69 9.77 7.85 6.12 4.38
67.03 64.01 60.99 57.80 54.60 51.45 48.29 45.33 42.37 39.71 37.05 34.71 32.37 30.33 28.28 26.46 24.64 22.99 21.34 19.82 18.30 16.90 15.50 14.24 12.98 11.90 10.82 9.96 9.10 8.51 7.93 7.65 7.38 7.45 7.53 7.97 8.42 9.23 10.04 11.18 12.32 13.72 15.12 16.68 18.23 19.80 21.38 22.83 24.28 25.49 26.70 27.56 28.42 28.88 29.33 29.34 29.36 28.94 28.52 27.70 26.87 25.70 24.53 23.07 21.62 19.96 18.30 16.51 14.73 12.92 11.10 9.35 7.59 5.99 4.39
63.93 61.04 58.16 55.12 52.08 49.09 46.11 43.34 40.56 38.10 35.63 33.48 31.33 29.46 27.59 25.92 24.25 22.71 21.17 19.70 18.24 16.84 15.44 14.13 12.81 11.61 10.42 9.39 8.37 7.58 6.80 6.30 5.80 5.65 5.49 5.72 5.94 6.55 7.16 8.14 9.11 10.39 11.66 13.14 14.61 16.14 17.67 19.13 20.59 21.84 23.09 24.03 24.97 25.53 26.10 26.25 26.41 26.15 25.89 25.25 24.61 23.63 22.65 21.39 20.13 18.67 17.20 15.61 14.01 12.37 10.73 9.13 7.53 6.05 4.58
60.83 58.08 55.32 52.44 49.55 46.74 43.93 41.34 38.76 36.48 34.21 32.25 30.30 28.60 26.90 25.38 23.86 22.43 20.99 19.59 18.18 16.79 15.39 14.01 12.64 11.33 10.02 8.83 7.64 6.65 5.67 4.94 4.22 3.84 3.46 3.46 3.46 3.88 4.29 5.10 5.91 7.06 8.21 9.59 10.98 12.47 13.97 15.43 16.89 18.18 19.47 20.49 21.52 22.19 22.87 23.16 23.46 23.36 23.27 22.81 22.34 21.56 20.77 19.71 18.65 17.38 16.11 14.70 13.29 11.83 10.36 8.91 7.46 6.12 4.77
58.00 55.36 52.72 49.96 47.21 44.53 41.86 39.42 36.98 34.85 32.73 30.93 29.13 27.58 26.03 24.65 23.26 21.94 20.61 19.29 17.96 16.59 15.23 13.83 12.44 11.06 9.68 8.38 7.08 5.94 4.80 3.90 3.00 2.43 1.85 1.67 1.48 1.72 1.96 2.62 3.28 4.31 5.34 6.65 7.95 9.40 10.85 12.30 13.76 15.08 16.40 17.49 18.57 19.35 20.12 20.54 20.96 21.01 21.07 20.77 20.48 19.86 19.25 18.38 17.50 16.41 15.33 14.10 12.87 11.56 10.25 8.95 7.64 6.42 5.19
55.16 52.64 50.12 47.49 44.86 42.32 39.78 37.49 35.20 33.23 31.26 29.61 27.96 26.56 25.16 23.91 22.66 21.45 20.23 18.98 17.73 16.39 15.06 13.65 12.24 10.79 9.35 7.93 6.51 5.22 3.93 2.85 1.77 1.01 0.25 -0.12 -0.50 -0.43 -0.37 0.14 0.65 1.57 2.48 3.70 4.92 6.32 7.73 9.18 10.62 11.98 13.33 14.48 15.63 16.50 17.37 17.92 18.46 18.66 18.86 18.74 18.61 18.17 17.74 17.05 16.35 15.45 14.55 13.49 12.44 11.29 10.15 8.99 7.83 6.72 5.61
52.64 50.23 47.81 45.29 42.76 40.32 37.88 35.69 33.50 31.64 29.78 28.25 26.71 25.43 24.15 23.01 21.87 20.77 19.66 18.49 17.33 16.05 14.77 13.38 11.99 10.52 9.05 7.57 6.10 4.70 3.31 2.11 0.91 0.00 -0.91 -1.43 -1.95 -2.02 -2.10 -1.72 -1.34 -0.53 0.27 1.42 2.56 3.92 5.28 6.71 8.14 9.51 10.89 12.09 13.29 14.24 15.19 15.85 16.50 16.83 17.17 17.19 17.21 16.94 16.66 16.14 15.61 14.88 14.14 13.25 12.36 11.37 10.37 9.35 8.32 7.32 6.32
50.12 47.81 45.50 43.08 40.65 38.32 35.98 33.90 31.81 30.06 28.31 26.88 25.46 24.30 23.13 22.11 21.09 20.09 19.09 18.01 16.92 15.71 14.49 13.11 11.74 10.25 8.76 7.22 5.68 4.18 2.69 1.36 0.04 -1.01 -2.06 -2.73 -3.40 -3.62 -3.84 -3.58 -3.33 -2.63 -1.93 -0.86 0.20 1.51 2.82 4.24 5.66 7.05 8.44 9.69 10.95 11.98 13.01 13.77 14.54 15.00 15.47 15.64 15.81 15.70 15.59 15.23 14.87 14.31 13.74 13.01 12.28 11.44 10.60 9.70 8.81 7.92 7.03
47.94 45.72 43.51 41.16 38.82 36.56 34.30 32.28 30.26 28.58 26.90 25.55 24.20 23.12 22.04 21.11 20.17 19.27 18.36 17.36 16.37 15.22 14.08 12.75 11.43 9.96 8.48 6.93 5.37 3.83 2.29 0.89 -0.51 -1.65 -2.79 -3.56 -4.33 -4.66 -4.98 -4.83 -4.67 -4.06 -3.45 -2.45 -1.46 -0.19 1.07 2.47 3.87 5.28 6.68 7.97 9.26 10.37 11.47 12.32 13.18 13.76 14.34 14.64 14.95 14.98 15.02 14.82 14.61 14.20 13.78 13.20 12.62 11.92 11.22 10.45 9.68 8.89 8.11
45.75 43.63 41.51 39.24 36.98 34.80 32.61 30.66 28.71 27.10 25.49 24.21 22.94 21.94 20.94 20.10 19.26 18.44 17.63 16.72 15.81 14.74 13.67 12.39 11.12 9.66 8.21 6.63 5.06 3.48 1.89 0.42 -1.06 -2.29 -3.52 -4.39 -5.27 -5.70 -6.13 -6.08 -6.02 -5.50 -4.97 -4.04 -3.11 -1.89 -0.67 0.71 2.09 3.50 4.92 6.25 7.58 8.75 9.92 10.87 11.82 12.52 13.21 13.65 14.09 14.27 14.45 14.40 14.35 14.09 13.82 13.39 12.96 12.40 11.84 11.19 10.54 9.86 9.18
