test/esri_led_60/synt_tma_3600m_led_60.esri
nrows             510
ncols             462
xllcorner      398000.00
yllcorner     7846000.00
cellsize          500.00
NODATA_value    -9999
[rows 320 to 351 of 510, columns 365 to 437 of 462]
18.36 29.90 45.17 60.43 78.50 96.58 116.09 135.61 154.86 174.11 190.88 207.65 218.96 230.26 233.13 236.00 229.38 222.77 208.70 194.63 177.16 159.69 142.81 125.92 112.28 98.63 89.48 80.34 75.92 71.51 71.34 71.18 74.20 77.21 81.78 86.34 90.45 94.55 96.35 98.14 96.75 95.36 91.25 87.13 81.62 76.11 70.58 65.06 60.47 55.89 52.79 49.69 48.34 46.99 47.46 47.94 50.05 52.16 55.44 58.72 62.48 66.24 69.77 73.31 76.16 79.01 80.89 82.78 83.39 83.99 82.88 81.78 78.78
22.71 35.01 50.52 66.03 83.87 101.71 120.56 139.41 157.69 175.98 191.65 207.33 217.63 227.93 230.07 232.20 225.20 218.20 204.13 190.07 172.98 155.90 139.74 123.58 110.91 98.24 90.17 82.09 78.65 75.21 75.72 76.23 79.53 82.83 87.30 91.78 95.54 99.29 100.60 101.90 99.99 98.07 93.51 88.94 83.18 77.42 71.94 66.45 62.21 57.98 55.47 52.96 52.30 51.65 52.78 53.92 56.56 59.21 62.84 66.47 70.35 74.24 77.65 81.07 83.57 86.07 87.49 88.91 89.05 89.19 87.71 86.24 83.02
24.55 37.07 52.05 67.04 83.75 100.46 117.81 135.16 151.79 168.41 182.50 196.59 205.65 214.71 216.21 217.70 210.78 203.86 190.53 177.19 161.32 145.45 130.82 116.20 105.22 94.25 87.85 81.44 79.39 77.34 78.77 80.20 83.85 87.50 91.85 96.21 99.54 102.88 103.69 104.49 102.15 99.81 95.01 90.21 84.47 78.74 73.59 68.44 64.85 61.25 59.57 57.89 58.07 58.25 60.01 61.77 64.71 67.65 71.23 74.81 78.33 81.85 84.64 87.43 89.13 90.82 91.38 91.93 91.33 90.72 88.79 86.86 83.56
26.40 39.13 53.58 68.04 83.63 99.22 115.06 130.91 145.88 160.84 173.34 185.85 193.67 201.49 202.34 203.19 196.36 189.52 176.92 164.32 149.66 135.00 121.91 108.81 99.54 90.26 85.52 80.79 80.13 79.48 81.82 84.17 88.17 92.18 96.40 100.63 103.55 106.47 106.78 107.08 104.32 101.55 96.51 91.47 85.76 80.05 75.24 70.43 67.48 64.52 63.68 62.83 63.83 64.84 67.23 69.62 72.86 76.10 79.62 83.15 86.30 89.45 91.62 93.79 94.68 95.57 95.26 94.95 93.60 92.25 89.87 87.49 84.10
26.96 39.24 52.29 65.35 78.91 92.48 106.04 119.60 132.34 145.07 155.67 166.27 172.78 179.30 179.73 180.15 173.88 167.62 156.40 145.19 132.44 119.68 108.74 97.80 90.74 83.68 81.00 78.31 79.31 80.31 83.69 87.07 91.45 95.83 99.90 103.98 106.46 108.95 108.79 108.64 105.58 102.52 97.45 92.37 86.92 81.47 77.22 72.97 70.84 68.70 68.80 68.90 70.76 72.61 75.50 78.39 81.64 84.90 87.98 91.05 93.41 95.77 96.91 98.05 97.79 97.52 96.08 94.64 92.39 90.14 87.29 84.44 81.11
27.53 39.34 51.00 62.66 74.20 85.74 97.01 108.29 118.80 129.30 137.99 146.69 151.90 157.10 157.11 157.11 151.41 145.71 135.89 126.07 115.21 104.36 95.57 86.78 81.93 77.09 76.47 75.84 78.49 81.13 85.55 89.97 94.73 99.48 103.40 107.32 109.37 111.42 110.81 110.19 106.84 103.49 98.38 93.27 88.08 82.88 79.19 75.50 74.19 72.88 73.93 74.98 77.68 80.38 83.77 87.15 90.42 93.70 96.33 98.96 100.52 102.08 102.20 102.31 100.89 99.47 96.90 94.32 91.17 88.02 84.71 81.40 78.11
29.11 39.64 49.02 58.40 67.10 75.79 84.17 92.54 100.49 108.44 115.19 121.94 126.05 130.16 130.11 130.06 125.38 120.70 112.74 104.78 96.23 87.69 81.36 75.02 72.55 70.09 71.56 73.03 77.27 81.52 86.89 92.26 97.33 102.39 106.13 109.87 111.51 113.15 112.16 111.18 107.66 104.13 99.13 94.12 89.31 84.50 81.44 78.39 77.89 77.40 79.30 81.20 84.57 87.94 91.59 95.23 98.23 101.23 103.12 105.01 105.52 106.03 104.93 103.82 101.15 98.47 94.74 91.02 87.02 83.02 79.33 75.65 72.54
30.68 39.95 47.05 54.15 60.00 65.85 71.32 76.79 82.19 87.58 92.39 97.20 100.21 103.22 103.11 103.01 99.36 95.70 89.59 83.49 77.26 71.03 67.15 63.27 63.18 63.08 66.65 70.21 76.06 81.90 88.23 94.56 99.93 105.30 108.85 112.41 113.65 114.88 113.52 112.16 108.47 104.78 99.88 94.98 90.55 86.12 83.70 81.27 81.59 81.91 84.67 87.42 91.47 95.51 99.41 103.31 106.04 108.77 109.92 111.07 110.53 109.98 107.66 105.34 101.40 97.46 92.59 87.71 82.86 78.01 73.95 69.90 66.96
35.40 42.54 46.49 50.43 52.72 55.01 57.16 59.31 62.09 64.87 68.00 71.12 73.50 75.87 76.22 76.57 74.37 72.17 68.23 64.30 60.55 56.81 55.37 53.93 56.01 58.08 63.39 68.71 75.76 82.82 89.80 96.77 102.26 107.76 111.08 114.41 115.28 116.16 114.52 112.89 109.14 105.39 100.69 95.98 91.97 87.96 86.09 84.22 85.15 86.09 89.38 92.68 97.03 101.38 105.20 109.02 111.21 113.40 113.63 113.86 112.18 110.50 107.00 103.49 98.46 93.43 87.65 81.87 76.43 70.99 66.77 62.54 59.86
40.13 45.13 45.92 46.71 45.44 44.17 43.00 41.84 42.00 42.16 43.60 45.05 46.79 48.52 49.32 50.12 49.38 48.64 46.87 45.11 43.84 42.58 43.59 44.59 48.84 53.09 60.14 67.20 75.47 83.75 91.36 98.97 104.59 110.22 113.31 116.41 116.92 117.44 115.53 113.61 109.81 106.01 101.50 96.99 93.39 89.79 88.48 87.17 88.72 90.26 94.10 97.94 102.60 107.25 110.99 114.72 116.37 118.03 117.34 116.65 113.83 111.02 106.34 101.65 95.52 89.39 82.71 76.03 70.00 63.98 59.58 55.18 52.75
48.85 50.88 47.75 44.61 39.23 33.85 29.16 24.47 22.20 19.92 20.16 20.41 22.12 23.83 25.64 27.46 28.58 29.69 30.31 30.92 32.14 33.37 36.59 39.82 45.78 51.75 59.95 68.16 77.06 85.95 93.75 101.55 107.03 112.52 115.29 118.07 118.25 118.43 116.32 114.20 110.42 106.65 102.38 98.12 94.89 91.67 90.75 89.83 91.67 93.51 97.47 101.43 105.95 110.47 113.76 117.04 117.93 118.82 117.12 115.43 111.54 107.64 101.97 96.30 89.41 82.51 75.34 68.16 61.92 55.68 51.34 47.01 44.89
57.58 56.64 49.58 42.52 33.03 23.53 15.32 7.11 2.39 -2.32 -3.28 -4.23 -2.55 -0.87 1.97 4.80 7.78 10.75 13.74 16.73 20.44 24.15 29.60 35.04 42.72 50.41 59.76 69.12 78.64 88.16 96.15 104.13 109.47 114.82 117.27 119.72 119.57 119.42 117.10 114.79 111.04 107.29 103.27 99.24 96.39 93.54 93.01 92.49 94.63 96.77 100.84 104.92 109.31 113.69 116.53 119.37 119.49 119.61 116.91 114.22 109.24 104.26 97.61 90.96 83.30 75.64 67.97 60.30 53.84 47.39 43.11 38.83 37.02
69.02 64.55 53.13 41.70 27.90 14.09 2.47 -9.15 -15.89 -22.63 -24.19 -25.74 -23.45 -21.17 -16.81 -12.46 -7.33 -2.21 3.23 8.66 14.71 20.76 28.06 35.37 44.24 53.11 62.99 72.87 82.42 91.98 99.69 107.40 112.32 117.24 119.25 121.25 120.74 120.24 117.75 115.27 111.56 107.85 104.05 100.24 97.66 95.08 94.73 94.39 96.50 98.62 102.44 106.25 110.13 114.01 116.12 118.23 117.45 116.67 112.98 109.30 103.39 97.49 90.13 82.77 74.72 66.67 58.92 51.16 44.83 38.49 34.46 30.42 28.91
80.47 72.46 56.68 40.89 22.77 4.65 -10.38 -25.42 -34.18 -42.95 -45.10 -47.25 -44.36 -41.47 -35.59 -29.72 -22.44 -15.16 -7.29 0.59 8.98 17.36 26.53 35.70 45.75 55.81 66.21 76.62 86.21 95.79 103.23 110.66 115.16 119.66 121.22 122.78 121.92 121.06 118.40 115.74 112.08 108.41 104.83 101.24 98.93 96.62 96.45 96.29 98.38 100.48 104.03 107.58 110.95 114.32 115.71 117.10 115.41 113.73 109.06 104.38 97.55 90.71 82.64 74.58 66.14 57.71 49.87 42.02 35.81 29.60 25.81 22.02 20.79
91.29 79.68 59.71 39.74 17.71 -4.32 -22.19 -40.07 -50.20 -60.33 -62.42 -64.51 -60.47 -56.42 -48.69 -40.95 -31.43 -21.91 -11.74 -1.56 8.84 19.23 29.81 40.39 51.11 61.83 72.24 82.65 91.80 100.95 107.75 114.56 118.40 122.24 123.24 124.24 122.97 121.70 118.84 115.98 112.31 108.65 105.18 101.71 99.51 97.31 97.10 96.90 98.71 100.53 103.54 106.55 109.20 111.84 112.38 112.91 110.33 107.75 102.22 96.70 89.18 81.66 73.21 64.76 56.29 47.82 40.21 32.60 26.73 20.87 17.39 13.91 12.88
102.12 86.90 62.75 38.59 12.65 -13.29 -34.01 -54.73 -66.22 -77.71 -79.74 -81.77 -76.57 -71.38 -61.79 -52.19 -40.43 -28.67 -16.19 -3.71 8.70 21.10 33.09 45.08 56.47 67.85 78.27 88.68 97.40 106.11 112.28 118.45 121.64 124.82 125.26 125.69 124.02 122.34 119.28 116.23 112.55 108.88 105.53 102.18 100.09 98.00 97.76 97.51 99.04 100.57 103.05 105.53 107.45 109.36 109.05 108.73 105.25 101.77 95.39 89.01 80.81 72.60 63.77 54.94 46.43 37.93 30.55 23.18 17.65 12.13 8.96 5.79 4.97
108.19 89.85 62.39 34.94 6.16 -22.61 -45.12 -67.62 -79.58 -91.55 -92.84 -94.14 -87.38 -80.62 -69.02 -57.41 -43.54 -29.67 -15.25 -0.83 13.10 27.03 39.91 52.79 64.36 75.94 85.94 95.95 103.90 111.86 117.16 122.47 124.86 127.24 127.03 126.82 124.70 122.58 119.28 115.97 112.21 108.45 105.08 101.71 99.56 97.40 96.91 96.43 97.48 98.54 100.32 102.11 103.19 104.28 103.12 101.97 97.73 93.48 86.51 79.53 70.98 62.43 53.56 44.70 36.47 28.25 21.34 14.44 9.38 4.33 1.45 -1.43 -2.23
114.26 92.79 62.04 31.28 -0.33 -31.93 -56.23 -80.52 -92.95 -105.38 -105.95 -106.52 -98.19 -89.86 -76.25 -62.64 -46.66 -30.67 -14.31 2.06 17.51 32.96 46.73 60.51 72.26 84.02 93.61 103.21 110.41 117.61 122.05 126.49 128.07 129.66 128.80 127.95 125.39 122.82 119.27 115.72 111.87 108.02 104.63 101.25 99.02 96.80 96.07 95.35 95.92 96.50 97.59 98.68 98.94 99.20 97.20 95.20 90.20 85.20 77.62 70.04 61.15 52.25 43.35 34.46 26.51 18.56 12.13 5.70 1.11 -3.47 -6.06 -8.66 -9.44
112.59 88.84 56.11 23.38 -9.57 -42.52 -67.26 -92.01 -103.91 -115.80 -115.00 -114.19 -103.99 -93.79 -78.20 -62.60 -44.81 -27.02 -9.21 8.61 25.02 41.43 55.57 69.71 81.23 92.75 101.63 110.51 116.75 122.99 126.46 129.92 130.66 131.41 129.91 128.40 125.40 122.39 118.57 114.74 110.74 106.74 103.22 99.71 97.28 94.84 93.73 92.63 92.61 92.59 92.90 93.21 92.63 92.05 89.29 86.53 80.97 75.41 67.55 59.68 50.78 41.89 33.29 24.69 17.29 9.90 4.12 -1.65 -5.69 -9.72 -12.08 -14.43 -15.37
110.91 84.89 50.19 15.49 -18.81 -53.11 -78.30 -103.50 -114.86 -126.22 -124.05 -121.87 -109.80 -97.73 -80.15 -62.56 -42.96 -23.37 -4.10 15.16 32.53 49.90 64.41 78.92 90.20 101.48 109.65 117.82 123.10 128.38 130.87 133.36 133.26 133.15 131.01 128.86 125.41 121.95 117.86 113.77 109.61 105.46 101.82 98.18 95.53 92.89 91.40 89.90 89.29 88.67 88.21 87.75 86.32 84.90 81.38 77.86 71.74 65.63 57.47 49.32 40.42 31.52 23.22 14.92 8.08 1.23 -3.89 -9.01 -12.49 -15.97 -18.09 -20.20 -21.30
100.61 73.31 38.03 2.75 -31.40 -65.55 -89.90 -114.25 -124.14 -134.03 -129.95 -125.87 -111.78 -97.69 -78.29 -58.89 -37.90 -16.91 3.26 23.43 41.22 59.00 73.43 87.86 98.59 109.32 116.61 123.90 128.17 132.44 133.99 135.53 134.66 133.79 131.08 128.37 124.54 120.72 116.39 112.07 107.76 103.46 99.65 95.85 92.94 90.03 88.11 86.18 84.94 83.70 82.47 81.24 79.02 76.81 72.64 68.48 62.00 55.51 47.31 39.10 30.46 21.81 14.04 6.27 0.16 -5.96 -10.28 -14.60 -17.46 -20.32 -22.20 -24.07 -25.39
90.31 61.72 25.87 -9.98 -43.98 -77.99 -101.49 -125.00 -133.42 -141.84 -135.86 -129.88 -113.76 -97.65 -76.44 -55.22 -32.84 -10.45 10.63 31.70 49.91 68.11 82.46 96.81 106.99 117.17 123.58 129.98 133.24 136.50 137.11 137.71 136.07 134.43 131.15 127.88 123.68 119.48 114.93 110.38 105.92 101.46 97.49 93.53 90.35 87.18 84.82 82.46 80.60 78.73 76.73 74.73 71.72 68.72 63.91 59.10 52.25 45.40 37.14 28.88 20.49 12.10 4.86 -2.39 -7.76 -13.14 -16.67 -20.20 -22.43 -24.67 -26.31 -27.94 -29.49
71.91 43.12 8.05 -27.02 -59.53 -92.04 -113.60 -135.15 -141.40 -147.66 -139.51 -131.37 -113.35 -95.34 -72.70 -50.06 -26.81 -3.57 17.85 39.27 57.41 75.54 89.47 103.40 112.88 122.37 127.91 133.45 135.85 138.24 138.10 137.96 135.76 133.55 129.90 126.26 121.84 117.42 112.77 108.11 103.58 99.06 95.00 90.94 87.55 84.17 81.44 78.71 76.29 73.88 71.20 68.52 64.84 61.15 55.82 50.49 43.39 36.29 28.09 19.90 11.86 3.82 -2.81 -9.44 -14.01 -18.58 -21.26 -23.94 -25.49 -27.03 -28.33 -29.63 -31.27
53.51 24.53 -9.77 -44.07 -75.08 -106.09 -125.70 -145.31 -149.39 -153.47 -143.16 -132.86 -112.94 -93.02 -68.96 -44.89 -20.79 3.32 25.08 46.84 64.91 82.97 96.48 109.99 118.78 127.56 132.24 136.92 138.45 139.98 139.09 138.21 135.44 132.68 128.66 124.63 120.00 115.37 110.60 105.84 101.25 96.67 92.51 88.35 84.76 81.17 78.06 74.95 71.99 69.02 65.67 62.31 57.95 53.59 47.74 41.88 34.53 27.18 19.04 10.91 3.23 -4.45 -10.47 -16.49 -20.26 -24.03 -25.86 -27.68 -28.54 -29.39 -30.36 -31.32 -33.04
28.14 0.17 -31.95 -64.08 -92.29 -120.50 -137.24 -153.98 -155.50 -157.02 -144.68 -132.34 -111.01 -89.68 -64.85 -40.02 -15.74 8.54 30.04 51.54 69.06 86.59 99.45 112.30 120.39 128.49 132.52 136.55 137.54 138.53 137.26 135.98 132.99 129.99 125.88 121.77 117.15 112.54 107.86 103.18 98.69 94.20 90.09 85.98 82.32 78.67 75.32 71.98 68.61 65.23 61.36 57.48 52.59 47.69 41.43 35.16 27.61 20.06 11.99 3.92 -3.42 -10.77 -16.21 -21.64 -24.64 -27.65 -28.63 -29.62 -29.73 -29.83 -30.28 -30.72 -32.19
2.78 -24.18 -54.13 -84.08 -109.49 -134.91 -148.77 -162.64 -161.60 -160.57 -146.19 -131.82 -109.07 -86.33 -60.74 -35.15 -10.69 13.77 35.00 56.23 73.22 90.22 102.41 114.60 122.01 129.41 132.79 136.18 136.63 137.08 135.42 133.75 130.53 127.31 123.11 118.91 114.31 109.71 105.11 100.51 96.12 91.73 87.67 83.61 79.89 76.17 72.59 69.01 65.23 61.45 57.05 52.64 47.22 41.80 35.11 28.43 20.69 12.95 4.94 -3.06 -10.07 -17.09 -21.94 -26.80 -29.03 -31.26 -31.41 -31.56 -30.91 -30.27 -30.20 -30.12 -31.34
-27.21 -51.96 -78.38 -104.80 -126.24 -147.68 -157.97 -168.27 -164.58 -160.90 -144.93 -128.96 -105.57 -82.18 -56.67 -31.17 -7.32 16.54 36.86 57.19 73.20 89.22 100.58 111.93 118.75 125.57 128.63 131.70 132.04 132.38 130.76 129.13 126.07 123.00 119.03 115.06 110.73 106.39 102.08 97.76 93.63 89.51 85.66 81.80 78.16 74.52 70.85 67.17 63.13 59.08 54.29 49.51 43.68 37.86 30.85 23.84 15.92 8.00 0.03 -7.94 -14.68 -21.43 -25.77 -30.12 -31.65 -33.18 -32.51 -31.85 -30.38 -28.91 -28.08 -27.26 -27.82
-57.20 -79.75 -102.63 -125.52 -142.98 -160.45 -167.17 -173.90 -167.56 -161.23 -143.67 -126.11 -102.07 -78.03 -52.61 -27.19 -3.94 19.31 38.73 58.15 73.19 88.23 98.75 109.26 115.50 121.73 124.48 127.22 127.45 127.67 126.09 124.51 121.60 118.70 114.95 111.21 107.15 103.08 99.04 95.00 91.15 87.29 83.64 79.99 76.43 72.87 69.10 65.34 61.02 56.70 51.54 46.38 40.15 33.92 26.59 19.25 11.16 3.06 -4.88 -12.83 -19.30 -25.77 -29.61 -33.45 -34.27 -35.10 -33.61 -32.13 -29.84 -27.55 -25.97 -24.40 -24.29
-87.30 -106.72 -125.14 -143.56 -156.33 -169.10 -171.95 -174.80 -166.00 -157.21 -138.64 -120.08 -96.20 -72.31 -47.82 -23.33 -1.43 20.46 38.39 56.32 70.01 83.70 93.25 102.80 108.58 114.36 117.10 119.84 120.36 120.87 119.72 118.58 116.16 113.74 110.49 107.23 103.61 99.99 96.34 92.70 89.18 85.66 82.28 78.89 75.46 72.02 68.21 64.40 59.87 55.34 49.86 44.38 37.83 31.28 23.68 16.08 7.83 -0.43 -8.35 -16.27 -22.49 -28.72 -32.07 -35.42 -35.54 -35.67 -33.34 -31.01 -27.79 -24.56 -22.01 -19.46 -18.35
-117.39 -133.69 -147.65 -161.61 -169.68 -177.75 -176.73 -175.71 -164.45 -153.18 -133.62 -114.05 -90.32 -66.60 -43.03 -19.47 1.07 21.62 38.06 54.50 66.83 79.17 87.75 96.34 101.66 106.99 109.73 112.47 113.27 114.07 113.35 112.64 110.71 108.78 106.02 103.25 100.07 96.90 93.64 90.39 87.21 84.04 80.91 77.79 74.49 71.18 67.32 63.46 58.71 53.97 48.18 42.38 35.51 28.63 20.77 12.90 4.49 -3.91 -11.81 -19.71 -25.69 -31.67 -34.53 -37.39 -36.81 -36.24 -33.07 -29.89 -25.73 -21.57 -18.05 -14.52 -12.42
-141.35 -154.14 -163.40 -172.66 -176.04 -179.41 -174.76 -170.10 -156.85 -143.60 -123.68 -103.76 -80.93 -58.10 -36.17 -14.25 4.34 22.92 37.42 51.93 62.65 73.38 80.93 88.49 93.47 98.45 101.42 104.39 105.76 107.14 107.13 107.12 105.89 104.66 102.50 100.34 97.65 94.95 92.06 89.16 86.23 83.30 80.31 77.31 74.00 70.69 66.67 62.65 57.60 52.56 46.42 40.27 33.08 25.88 17.79 9.70 1.22 -7.26 -15.05 -22.84 -28.48 -34.11 -36.39 -38.67 -37.30 -35.93 -31.80 -27.67 -22.44 -17.22 -12.56 -7.91 -4.63
-165.30 -174.58 -179.15 -183.72 -182.40 -181.07 -172.78 -164.49 -149.25 -134.02 -113.74 -93.47 -71.53 -49.59 -29.31 -9.02 7.60 24.23 36.79 49.35 58.47 67.58 74.11 80.63 85.27 89.91 93.11 96.31 98.26 100.21 100.90 101.60 101.06 100.53 98.98 97.43 95.22 93.01 90.47 87.93 85.24 82.56 79.70 76.84 73.52 70.21 66.02 61.83 56.49 51.15 44.66 38.16 30.65 23.13 14.82 6.51 -2.05 -10.61 -18.29 -25.97 -31.27 -36.56 -38.26 -39.95 -37.79 -35.62 -30.53 -25.44 -19.15 -12.87 -7.08 -1.29 3.15
