test/esri_led_60/synt_tma_6000m_led_60.esri
nrows             510
ncols             462
xllcorner      398000.00
yllcorner     7846000.00
cellsize          500.00
NODATA_value    -9999
[rows 416 to 447 of 510, columns 284 to 354 of 462]
-373.45 -339.88 -306.31 -255.37 -204.42 -153.74 -103.07 -61.06 -19.06 15.55 50.16 81.97 113.78 140.97 168.17 178.80 189.44 175.73 162.02 133.69 105.36 77.62 49.87 29.40 8.93 -4.82 -18.58 -27.81 -37.05 -42.61 -48.18 -48.95 -49.71 -44.81 -39.91 -31.06 -22.21 -12.16 -2.12 7.31 16.74 25.00 33.25 40.13 47.01 50.31 53.60 48.63 43.66 27.37 11.07 -13.15 -37.38 -58.12 -78.87 -79.43 -79.98 -50.42 -20.86 30.84 82.53 136.39 190.25 225.10 259.95 266.96 273.96 263.89 253.82 239.23 224.64
-399.96 -360.11 -320.27 -263.08 -205.89 -151.01 -96.13 -53.22 -10.30 21.98 54.26 82.13 109.99 133.71 157.43 166.05 174.67 160.49 146.31 119.25 92.19 67.21 42.24 25.24 8.24 -1.98 -12.20 -18.18 -24.16 -27.25 -30.34 -30.15 -29.97 -25.97 -21.98 -15.43 -8.89 -1.74 5.42 11.88 18.34 23.63 28.93 33.03 37.14 38.37 39.60 33.96 28.33 13.04 -2.26 -24.29 -46.33 -64.09 -81.85 -77.95 -74.04 -37.64 -1.23 59.05 119.33 181.25 243.18 282.50 321.82 328.25 334.67 321.12 307.58 289.30 271.03
-378.48 -336.84 -295.21 -239.61 -184.01 -132.36 -80.71 -42.62 -4.53 20.72 45.97 64.84 83.72 98.72 113.72 117.76 121.80 109.36 96.92 75.88 54.84 36.87 18.90 8.48 -1.95 -5.96 -9.98 -10.13 -10.27 -8.75 -7.23 -5.11 -2.99 -0.44 2.12 4.90 7.68 10.53 13.37 16.15 18.93 21.56 24.19 26.63 29.06 29.70 30.34 25.58 20.82 8.25 -4.32 -21.80 -39.29 -51.49 -63.69 -54.86 -46.03 -6.46 33.11 95.31 157.51 220.54 283.57 322.69 361.82 366.23 370.65 353.28 335.91 313.05 290.18
-357.00 -313.57 -270.14 -216.13 -162.12 -113.71 -65.29 -32.02 1.24 19.46 37.67 47.55 57.44 63.73 70.02 69.48 68.94 58.23 47.52 32.51 17.49 6.53 -4.44 -8.29 -12.14 -9.95 -7.76 -2.07 3.62 9.74 15.87 19.93 23.98 25.10 26.22 25.24 24.26 22.79 21.32 20.42 19.52 19.49 19.45 20.22 20.99 21.04 21.09 17.20 13.31 3.46 -6.38 -19.31 -32.24 -38.88 -45.52 -31.77 -18.03 24.71 67.45 131.57 195.69 259.83 323.96 362.89 401.82 404.22 406.63 385.43 364.24 336.79 309.34
-298.99 -257.12 -215.25 -168.15 -121.04 -80.87 -40.70 -16.39 7.93 15.13 22.33 18.73 15.14 8.29 1.44 -5.74 -12.92 -20.16 -27.39 -32.66 -37.93 -38.67 -39.41 -34.44 -29.47 -19.10 -8.74 4.87 18.48 31.12 43.77 50.58 57.40 56.29 55.19 48.81 42.42 35.25 28.08 22.88 17.67 15.16 12.66 12.56 12.46 13.02 13.58 11.68 9.78 3.81 -2.15 -9.08 -16.00 -15.65 -15.30 3.35 22.00 65.51 109.01 171.31 233.60 295.45 357.30 393.55 429.80 428.34 426.87 400.41 373.95 341.17 308.39
-240.97 -200.67 -160.37 -120.16 -79.95 -48.03 -16.10 -0.75 14.61 10.80 6.99 -10.09 -27.17 -47.15 -67.13 -80.96 -94.78 -98.54 -102.30 -97.83 -93.36 -83.87 -74.38 -60.59 -46.80 -28.26 -9.72 11.81 33.33 52.50 71.66 81.24 90.81 87.49 84.16 72.37 60.58 47.71 34.84 25.33 15.83 10.84 5.86 4.89 3.92 5.00 6.07 6.16 6.26 4.17 2.08 1.16 0.24 7.58 14.91 38.47 62.04 106.30 150.57 211.04 271.52 331.08 390.64 424.21 457.79 452.45 447.12 415.39 383.66 345.55 307.44
-169.45 -132.59 -95.74 -63.88 -32.01 -9.46 13.08 18.52 23.95 8.16 -7.64 -39.02 -70.40 -104.00 -137.60 -158.11 -178.63 -178.53 -178.43 -163.82 -149.20 -129.41 -109.62 -87.20 -64.78 -38.29 -11.81 17.53 46.86 72.56 98.26 110.45 122.64 116.51 110.38 92.53 74.68 55.77 36.85 22.99 9.14 1.80 -5.53 -7.10 -8.67 -6.72 -4.76 -2.42 -0.07 1.62 3.32 7.95 12.59 26.15 39.72 67.24 94.77 139.00 183.22 241.60 299.97 357.67 415.37 446.43 477.49 467.31 457.13 419.45 381.76 339.25 296.74
-97.92 -64.52 -31.12 -7.59 15.93 29.10 42.27 37.78 33.30 5.51 -22.27 -67.96 -113.64 -160.85 -208.06 -235.26 -262.47 -258.52 -254.57 -229.81 -205.04 -174.95 -144.86 -113.81 -82.76 -48.32 -13.89 23.25 60.39 92.62 124.85 139.66 154.47 145.54 136.60 112.69 88.78 63.82 38.86 20.65 2.45 -7.24 -16.92 -19.09 -21.26 -18.43 -15.59 -11.00 -6.41 -0.92 4.56 14.75 24.94 44.73 64.52 96.02 127.51 171.69 215.87 272.15 328.43 384.27 440.10 468.65 497.20 482.17 467.15 423.51 379.87 332.96 286.05
-27.42 0.53 28.47 43.60 58.72 63.03 67.33 54.18 41.03 4.08 -32.87 -88.29 -143.71 -199.51 -255.30 -286.44 -317.57 -310.91 -304.24 -272.68 -241.12 -203.96 -166.80 -129.90 -93.01 -53.68 -14.35 27.03 68.42 103.81 139.20 154.72 170.24 158.74 147.24 118.72 90.21 60.57 30.93 9.12 -12.70 -24.61 -36.52 -39.69 -42.87 -39.89 -36.92 -30.86 -24.80 -16.37 -7.93 6.42 20.78 44.72 68.67 102.35 136.04 179.45 222.85 276.54 330.24 383.42 436.60 462.57 488.53 470.54 452.55 406.55 360.56 313.49 266.43
43.09 65.58 88.07 94.79 101.52 96.96 92.40 70.58 48.77 2.65 -43.46 -108.62 -173.79 -238.17 -302.55 -337.61 -372.67 -363.29 -353.91 -315.56 -277.20 -232.97 -188.74 -146.00 -103.26 -59.04 -14.82 30.82 76.45 115.00 153.54 169.77 186.01 171.94 157.87 124.75 91.64 57.32 22.99 -2.42 -27.84 -41.98 -56.11 -60.29 -64.47 -61.36 -58.25 -50.72 -43.20 -31.81 -20.42 -1.90 16.61 44.71 72.81 108.69 144.57 187.20 229.83 280.94 332.05 382.57 433.10 456.48 479.87 458.91 437.95 389.60 341.25 294.03 246.80
108.54 123.10 137.65 135.62 133.59 120.64 107.69 79.23 50.78 0.35 -50.08 -117.61 -185.15 -250.37 -315.58 -350.39 -385.20 -374.85 -364.50 -324.17 -283.84 -236.96 -190.08 -145.34 -100.60 -56.05 -11.49 32.86 77.21 113.54 149.86 163.87 177.87 162.03 146.19 111.10 76.01 39.12 2.22 -25.75 -53.73 -69.94 -86.14 -92.13 -98.11 -96.43 -94.75 -87.16 -79.57 -65.94 -52.32 -30.66 -9.01 21.21 51.42 87.58 123.74 164.53 205.32 252.04 298.76 343.33 387.90 407.28 426.67 406.37 386.07 341.80 297.52 255.98 214.43
174.00 180.62 187.24 176.46 165.67 144.32 122.98 87.89 52.80 -1.95 -56.69 -126.60 -196.51 -262.57 -328.62 -363.17 -397.73 -386.41 -375.09 -332.79 -290.49 -240.95 -191.42 -144.68 -97.94 -53.06 -8.17 34.90 77.97 112.08 146.18 157.96 169.74 152.12 134.51 97.44 60.38 20.92 -18.55 -49.08 -79.62 -97.90 -116.17 -123.96 -131.74 -131.50 -131.25 -123.60 -115.94 -100.08 -84.21 -59.43 -34.64 -2.30 30.04 66.47 102.90 141.86 180.82 223.14 265.47 304.09 342.70 358.09 373.47 353.83 334.20 294.00 253.80 217.92 182.05
233.52 230.45 227.39 207.47 187.55 158.82 130.09 90.91 51.73 -3.28 -58.28 -125.69 -193.10 -255.70 -318.29 -350.34 -382.40 -370.49 -358.59 -316.46 -274.33 -224.89 -175.44 -129.79 -84.14 -42.63 -1.11 36.70 74.50 103.02 131.54 139.39 147.25 128.13 109.01 71.19 33.38 -7.61 -48.60 -81.03 -113.46 -133.43 -153.39 -163.45 -173.50 -176.11 -178.73 -172.23 -165.72 -147.76 -129.79 -101.81 -73.82 -40.02 -6.22 29.64 65.50 102.12 138.73 175.60 212.47 243.13 273.78 284.12 294.46 277.02 259.57 226.33 193.09 165.29 137.50
293.03 280.28 267.53 238.48 209.43 173.31 137.20 93.93 50.65 -4.61 -59.86 -124.78 -189.70 -248.83 -307.96 -337.51 -367.07 -354.58 -342.09 -300.13 -258.18 -208.82 -159.46 -114.91 -70.35 -32.20 5.96 38.49 71.03 93.96 116.89 120.83 124.77 104.14 83.51 44.95 6.38 -36.14 -78.66 -112.98 -147.30 -168.96 -190.62 -202.93 -215.25 -220.73 -226.21 -220.86 -215.51 -195.44 -175.37 -144.18 -113.00 -77.74 -42.49 -7.19 28.11 62.38 96.65 128.05 159.46 182.17 204.87 210.16 215.44 200.20 184.95 158.67 132.38 112.66 92.94
331.46 310.30 289.13 253.14 217.14 177.16 137.19 93.78 50.37 -1.80 -53.98 -114.25 -174.52 -229.46 -284.39 -311.34 -338.29 -324.84 -311.40 -269.91 -228.42 -180.78 -133.15 -92.03 -50.92 -18.34 14.24 40.04 65.84 82.80 99.76 100.08 100.39 78.65 56.91 18.22 -20.47 -63.64 -106.81 -142.07 -177.33 -199.83 -222.34 -236.71 -251.08 -259.98 -268.89 -265.22 -261.56 -239.18 -216.79 -181.77 -146.74 -109.43 -72.13 -36.86 -1.60 30.98 63.55 90.37 117.19 132.73 148.28 148.28 148.28 133.23 118.18 95.59 73.01 57.85 42.69
369.88 340.31 310.73 267.79 224.84 181.01 137.17 93.63 50.09 1.00 -48.10 -103.73 -159.35 -210.09 -260.83 -285.17 -309.51 -295.11 -280.71 -239.68 -198.66 -152.74 -106.83 -69.16 -31.49 -4.49 22.51 41.58 60.65 71.64 82.63 79.33 76.02 53.17 30.31 -8.51 -47.33 -91.15 -134.97 -171.16 -207.36 -230.71 -254.06 -270.48 -286.91 -299.23 -311.56 -309.59 -307.61 -282.92 -258.22 -219.35 -180.47 -141.12 -101.77 -66.54 -31.31 -0.43 30.46 52.69 74.92 83.30 91.68 86.40 81.13 66.26 51.40 32.52 13.63 3.04 -7.56
352.27 320.36 288.45 246.50 204.55 164.73 124.90 87.62 50.34 9.03 -32.28 -79.73 -127.17 -171.25 -215.33 -236.30 -257.26 -243.32 -229.37 -192.01 -154.64 -114.27 -73.91 -42.83 -11.76 7.86 27.47 39.23 51.00 56.40 61.81 56.14 50.47 28.73 7.00 -28.59 -64.18 -104.79 -145.39 -179.67 -213.96 -237.07 -260.19 -278.31 -296.42 -311.47 -326.52 -325.75 -324.98 -298.34 -271.70 -229.19 -186.68 -144.33 -101.99 -65.32 -28.66 1.93 32.51 52.13 71.75 75.37 78.99 68.41 57.83 38.47 19.10 -3.90 -26.89 -41.09 -55.30
334.66 300.41 266.16 225.21 184.26 148.45 112.63 81.61 50.58 17.06 -16.47 -55.73 -94.99 -132.41 -169.83 -187.43 -205.02 -191.53 -178.04 -144.33 -110.62 -75.80 -40.98 -16.51 7.97 20.20 32.42 36.88 41.34 41.16 40.99 32.95 24.91 4.30 -16.31 -48.67 -81.03 -118.42 -155.81 -188.18 -220.55 -243.44 -266.32 -286.13 -305.94 -323.71 -341.47 -341.91 -342.35 -313.76 -285.17 -239.03 -192.88 -147.55 -102.22 -64.11 -26.00 4.28 34.55 51.57 68.58 67.44 66.29 50.42 34.54 10.67 -13.21 -40.31 -67.41 -85.22 -103.03
236.71 209.03 181.34 153.44 125.53 104.37 83.21 66.17 49.13 29.28 9.42 -15.93 -41.27 -66.48 -91.68 -103.59 -115.50 -105.82 -96.13 -72.70 -49.27 -26.16 -3.04 10.83 24.70 27.57 30.44 26.67 22.90 16.81 10.72 1.55 -7.63 -23.20 -38.77 -61.58 -84.40 -111.70 -139.00 -164.98 -190.95 -212.86 -234.76 -256.63 -278.51 -298.02 -317.53 -318.21 -318.90 -289.15 -259.41 -210.24 -161.07 -111.30 -61.53 -19.79 21.94 53.45 84.96 101.51 118.07 115.14 112.21 91.13 70.04 35.60 1.16 -40.26 -81.69 -113.76 -145.83
138.76 117.64 96.53 81.66 66.80 60.29 53.78 50.73 47.68 41.49 35.31 23.88 12.44 -0.54 -13.53 -19.76 -25.99 -20.11 -14.23 -1.08 12.07 23.49 34.91 38.17 41.42 34.94 28.46 16.46 4.46 -7.54 -19.54 -29.86 -40.18 -50.71 -61.24 -74.50 -87.76 -104.98 -122.19 -141.77 -161.35 -182.28 -203.20 -227.14 -251.08 -272.33 -293.58 -294.51 -295.44 -264.54 -233.64 -181.45 -129.26 -75.05 -20.84 24.52 69.89 102.63 135.37 151.46 167.55 162.84 158.13 131.84 105.54 60.53 15.52 -40.22 -95.96 -142.30 -188.64
-20.24 -28.47 -36.71 -29.51 -22.31 -6.32 9.68 25.92 42.16 53.42 64.68 71.22 77.76 81.48 85.20 86.64 88.08 87.41 86.73 84.39 82.04 77.49 72.94 63.20 53.45 36.38 19.31 -1.84 -23.00 -41.56 -60.11 -70.73 -81.35 -83.37 -85.39 -83.56 -81.73 -83.14 -84.55 -94.33 -104.11 -123.98 -143.85 -171.22 -198.59 -222.24 -245.88 -247.02 -248.15 -215.84 -183.53 -127.15 -70.77 -9.63 51.51 102.99 154.46 189.99 225.52 243.12 260.71 257.01 253.31 222.20 191.09 130.44 69.78 -9.59 -88.97 -159.86 -230.76
-179.24 -174.59 -169.94 -140.68 -111.42 -72.92 -34.42 1.11 36.65 65.34 94.04 118.56 143.08 163.51 183.93 193.04 202.15 194.92 187.69 169.85 152.01 131.49 110.96 88.22 65.48 37.82 10.16 -20.15 -50.47 -75.57 -100.68 -111.60 -122.52 -116.04 -109.55 -92.62 -75.70 -61.31 -46.92 -46.89 -46.86 -65.68 -84.50 -115.30 -146.10 -172.14 -198.18 -199.52 -200.86 -167.14 -133.42 -72.85 -12.28 55.79 123.86 181.45 239.04 277.36 315.68 334.78 353.88 351.19 348.49 312.57 276.65 200.35 124.05 21.04 -81.97 -177.42 -272.87
-344.04 -326.74 -309.44 -258.22 -207.00 -146.57 -86.15 -32.49 21.17 65.71 110.25 151.43 192.61 229.29 265.97 282.73 299.49 285.58 271.66 238.65 205.63 170.38 135.13 101.07 67.02 30.23 -6.55 -44.88 -83.22 -114.04 -144.86 -155.33 -165.80 -149.86 -133.92 -100.98 -68.03 -37.21 -6.39 3.57 13.54 -4.79 -23.11 -58.42 -93.73 -123.43 -153.12 -155.21 -157.30 -121.25 -85.20 -18.60 47.99 124.96 201.93 267.24 332.55 374.82 417.10 439.24 461.38 461.87 462.36 423.05 383.74 291.00 198.26 68.75 -60.76 -184.71 -308.65
-508.84 -478.89 -448.94 -375.76 -302.57 -220.22 -137.87 -66.09 5.70 66.08 126.46 184.30 242.14 295.08 348.02 372.43 396.83 376.23 355.63 307.44 259.25 209.28 159.30 113.93 68.55 22.64 -23.27 -69.62 -115.97 -152.50 -189.04 -199.06 -209.08 -183.69 -158.29 -109.33 -60.37 -13.12 34.13 54.03 73.94 56.11 38.29 -1.54 -41.37 -74.71 -108.06 -110.90 -113.74 -75.36 -36.98 35.65 108.27 194.13 280.00 353.03 426.05 472.29 518.53 543.71 568.89 572.55 576.22 533.53 490.84 381.66 272.48 116.46 -39.56 -191.99 -344.43
-613.33 -578.83 -544.34 -461.32 -378.31 -285.64 -192.98 -112.12 -31.27 37.66 106.59 173.66 240.73 302.58 364.43 393.26 422.08 398.51 374.93 319.35 263.76 206.53 149.30 98.58 47.87 -1.75 -51.37 -100.37 -149.38 -187.15 -224.91 -232.84 -240.77 -208.46 -176.16 -116.93 -57.70 -0.36 56.97 82.92 108.86 91.35 73.85 31.10 -11.64 -47.63 -83.61 -87.00 -90.38 -49.79 -9.20 68.58 146.37 239.46 332.55 412.38 492.21 543.30 594.40 623.95 653.49 661.13 668.77 625.06 581.34 461.97 342.59 169.09 -4.41 -176.62 -348.84
-717.82 -678.78 -639.74 -546.89 -454.04 -351.06 -248.08 -158.16 -68.24 9.25 86.73 163.02 239.31 310.08 380.85 414.09 447.33 420.78 394.24 331.25 268.27 203.78 139.29 83.24 27.19 -26.14 -79.47 -131.13 -182.79 -221.79 -260.79 -266.62 -272.46 -233.24 -194.02 -124.52 -55.03 12.39 79.82 111.80 143.78 126.59 109.41 63.74 18.08 -20.54 -59.16 -63.10 -67.03 -24.23 18.57 101.51 184.46 284.78 385.10 471.73 558.36 614.31 670.27 704.18 738.10 749.71 761.32 716.59 671.85 542.28 412.70 221.72 30.74 -161.25 -353.24
-730.42 -698.94 -667.46 -583.15 -498.84 -402.86 -306.88 -220.77 -134.67 -58.09 18.48 94.10 169.72 238.49 307.25 339.74 372.24 348.72 325.20 266.55 207.89 146.19 84.50 30.71 -23.09 -72.66 -122.23 -168.61 -215.00 -248.52 -282.05 -283.50 -284.96 -243.12 -201.28 -130.56 -59.84 7.92 75.68 107.77 139.87 123.12 106.38 60.91 15.43 -23.50 -62.44 -66.40 -70.36 -26.53 17.31 102.49 187.67 291.15 394.62 485.61 576.60 638.40 700.21 740.27 780.33 796.48 812.63 770.02 727.40 597.78 468.17 275.29 82.41 -113.27 -308.95
-743.02 -719.10 -695.18 -619.41 -543.64 -454.65 -365.67 -283.39 -201.11 -125.43 -49.76 25.19 100.14 166.89 233.64 265.39 297.14 276.66 256.17 201.84 147.51 88.61 29.71 -21.83 -73.36 -119.17 -164.98 -206.10 -247.22 -275.26 -303.31 -300.38 -297.45 -252.99 -208.53 -136.59 -64.64 3.45 71.54 103.75 135.96 119.65 103.35 58.07 12.79 -26.47 -65.72 -69.70 -73.69 -28.82 16.05 103.46 190.88 297.51 404.15 499.49 594.83 662.49 730.16 776.36 822.56 843.25 863.94 823.44 782.95 653.29 523.63 328.86 134.08 -65.29 -264.67
-697.20 -688.47 -679.73 -623.81 -567.88 -497.63 -427.37 -358.24 -289.10 -220.90 -152.70 -84.64 -16.58 41.64 99.85 127.95 156.06 142.34 128.63 85.90 43.16 -6.55 -56.27 -100.37 -144.47 -181.06 -217.64 -248.06 -278.48 -297.25 -316.03 -307.89 -299.75 -255.21 -210.67 -142.48 -74.29 -11.36 51.57 80.03 108.50 91.26 74.02 28.75 -16.52 -56.61 -96.70 -101.71 -106.72 -61.83 -16.95 71.47 159.89 268.23 376.57 475.38 574.19 648.26 722.32 776.79 831.25 859.99 888.74 855.20 821.67 698.40 575.13 386.80 198.46 4.56 -189.35
-651.39 -657.84 -664.29 -628.21 -592.13 -540.60 -489.08 -433.08 -377.08 -316.36 -255.64 -194.47 -133.30 -83.62 -33.95 -9.49 14.97 8.03 1.09 -30.05 -61.19 -101.71 -142.24 -178.90 -215.57 -242.94 -270.31 -290.03 -309.75 -319.25 -328.75 -315.40 -302.05 -257.43 -212.80 -148.37 -83.94 -26.17 31.59 56.32 81.05 62.87 44.69 -0.57 -45.82 -86.75 -127.69 -133.72 -139.75 -94.85 -49.94 39.49 128.91 238.95 348.99 451.27 553.56 634.02 714.49 777.21 839.93 876.73 913.53 886.96 860.39 743.51 626.63 444.74 262.85 74.41 -114.02
-597.16 -618.52 -639.89 -623.31 -606.74 -575.22 -543.70 -502.84 -461.98 -410.11 -358.25 -304.54 -250.84 -209.65 -168.47 -147.32 -126.16 -126.05 -125.93 -145.01 -164.09 -194.65 -225.21 -253.42 -281.63 -298.69 -315.74 -324.48 -333.21 -334.49 -335.77 -318.65 -301.54 -257.52 -213.51 -153.05 -92.59 -40.28 12.02 31.93 51.84 30.23 8.62 -39.94 -88.50 -133.63 -178.77 -188.58 -198.40 -155.13 -111.85 -22.23 67.40 178.87 290.35 395.77 501.20 587.55 673.89 746.41 818.92 868.64 918.36 903.98 889.60 781.51 673.43 498.97 324.50 143.13 -38.25
-542.93 -579.20 -615.48 -618.42 -621.35 -609.83 -598.32 -572.59 -546.87 -503.87 -460.86 -414.62 -368.38 -335.68 -302.99 -285.14 -267.30 -260.13 -252.96 -259.97 -266.99 -287.59 -308.19 -327.94 -347.69 -354.43 -361.18 -358.93 -356.68 -349.73 -342.79 -321.91 -301.02 -257.62 -214.21 -157.72 -101.23 -54.39 -7.55 7.54 22.62 -2.41 -27.45 -79.31 -131.17 -180.51 -229.84 -243.44 -257.05 -215.40 -173.76 -83.94 5.88 118.79 231.70 340.27 448.85 541.07 633.30 715.61 797.91 860.55 923.19 921.00 918.81 819.52 720.23 553.19 386.16 211.84 37.52
