test/esri_led_60/synt_tma_0m_led_60.esri
nrows             510
ncols             462
xllcorner      398000.00
yllcorner     7846000.00
cellsize          500.00
NODATA_value    -9999
[rows 330 to 362 of 510, columns 375 to 449 of 462]
35.65 36.78 38.25 39.73 41.42 43.12 44.91 46.70 48.52 50.34 52.20 54.05 55.98 57.90 59.90 61.90 63.91 65.93 67.85 69.77 71.43 73.10 74.36 75.61 76.36 77.11 77.31 77.51 77.22 76.92 76.24 75.56 74.67 73.77 72.83 71.90 71.05 70.21 69.51 68.82 68.24 67.66 67.07 66.49 65.76 65.03 64.03 63.03 61.69 60.36 58.68 57.01 55.06 53.11 50.99 48.87 46.70 44.54 42.44 40.34 38.39 36.44 34.66 32.89 31.25 29.61 28.03 26.44 24.81 23.18 21.42 19.65 17.71 15.76 13.64
29.74 30.61 32.05 33.49 35.36 37.23 39.37 41.51 43.81 46.10 48.48 50.86 53.30 55.74 58.20 60.66 63.05 65.45 67.64 69.83 71.67 73.51 74.86 76.21 76.98 77.76 77.96 78.15 77.84 77.53 76.83 76.14 75.24 74.34 73.41 72.47 71.63 70.79 70.09 69.38 68.76 68.14 67.47 66.81 65.96 65.11 63.95 62.79 61.27 59.74 57.87 56.00 53.87 51.74 49.46 47.19 44.91 42.63 40.47 38.32 36.36 34.41 32.68 30.94 29.39 27.84 26.37 24.90 23.41 21.91 20.29 18.67 16.88 15.08 13.12
24.08 24.79 26.28 27.78 29.90 32.02 34.56 37.09 39.87 42.64 45.53 48.41 51.32 54.24 57.09 59.95 62.64 65.33 67.72 70.11 72.05 74.00 75.38 76.76 77.53 78.29 78.46 78.62 78.27 77.91 77.19 76.46 75.53 74.61 73.65 72.69 71.81 70.94 70.18 69.41 68.70 67.99 67.21 66.42 65.42 64.41 63.07 61.73 60.02 58.31 56.27 54.23 51.94 49.66 47.28 44.90 42.56 40.22 38.05 35.88 33.95 32.02 30.35 28.68 27.22 25.75 24.40 23.04 21.68 20.31 18.84 17.37 15.74 14.11 12.32
18.43 18.96 20.52 22.07 24.44 26.81 29.74 32.67 35.93 39.19 42.58 45.97 49.35 52.73 55.99 59.24 62.23 65.22 67.80 70.39 72.44 74.49 75.90 77.32 78.08 78.83 78.96 79.08 78.69 78.30 77.54 76.78 75.83 74.88 73.89 72.91 72.00 71.09 70.26 69.44 68.65 67.85 66.94 66.03 64.87 63.71 62.19 60.68 58.78 56.89 54.67 52.45 50.02 47.59 45.10 42.61 40.21 37.81 35.62 33.44 31.54 29.63 28.03 26.42 25.04 23.67 22.42 21.18 19.95 18.71 17.39 16.07 14.60 13.13 11.52
13.30 13.79 15.49 17.19 19.87 22.55 25.90 29.26 32.98 36.71 40.55 44.40 48.19 51.97 55.53 59.09 62.29 65.48 68.18 70.87 72.96 75.04 76.43 77.83 78.53 79.23 79.29 79.36 78.90 78.45 77.63 76.82 75.81 74.81 73.77 72.73 71.75 70.76 69.84 68.92 68.00 67.07 66.01 64.94 63.61 62.27 60.58 58.89 56.83 54.77 52.41 50.05 47.53 45.00 42.46 39.93 37.52 35.11 32.96 30.80 28.96 27.12 25.59 24.06 22.78 21.50 20.37 19.24 18.13 17.03 15.87 14.71 13.43 12.16 10.77
8.17 8.61 10.46 12.30 15.30 18.29 22.07 25.84 30.03 34.23 38.53 42.84 47.02 51.20 55.07 58.94 62.34 65.75 68.55 71.36 73.47 75.59 76.96 78.33 78.98 79.63 79.63 79.63 79.11 78.59 77.72 76.85 75.80 74.75 73.65 72.55 71.49 70.44 69.42 68.40 67.35 66.29 65.07 63.85 62.35 60.84 58.97 57.10 54.87 52.65 50.15 47.66 45.04 42.42 39.83 37.24 34.83 32.42 30.30 28.17 26.39 24.61 23.15 21.70 20.52 19.33 18.31 17.29 16.32 15.36 14.35 13.35 12.27 11.18 10.02
3.71 4.22 6.31 8.40 11.75 15.10 19.29 23.48 28.10 32.72 37.41 42.10 46.59 51.08 55.17 59.25 62.77 66.29 69.12 71.96 74.04 76.13 77.43 78.73 79.29 79.85 79.77 79.68 79.08 78.48 77.54 76.60 75.47 74.34 73.16 71.98 70.82 69.66 68.51 67.36 66.15 64.94 63.55 62.16 60.48 58.80 56.77 54.74 52.38 50.02 47.44 44.86 42.20 39.54 36.97 34.39 32.03 29.68 27.63 25.59 23.90 22.20 20.85 19.50 18.42 17.34 16.44 15.53 14.71 13.89 13.08 12.26 11.41 10.56 9.67
-0.76 -0.16 2.17 4.50 8.20 11.91 16.52 21.13 26.17 31.21 36.29 41.37 46.17 50.97 55.26 59.56 63.19 66.82 69.69 72.56 74.61 76.66 77.90 79.13 79.61 80.08 79.90 79.73 79.05 78.37 77.35 76.34 75.14 73.93 72.67 71.41 70.14 68.88 67.60 66.32 64.96 63.59 62.03 60.47 58.61 56.76 54.57 52.37 49.89 47.40 44.73 42.06 39.37 36.67 34.11 31.55 29.24 26.93 24.97 23.00 21.40 19.80 18.55 17.29 16.32 15.34 14.56 13.78 13.10 12.43 11.80 11.17 10.55 9.93 9.32
-4.51 -3.71 -1.06 1.58 5.65 9.73 14.73 19.73 25.13 30.53 35.90 41.27 46.28 51.29 55.71 60.12 63.79 67.46 70.29 73.13 75.10 77.07 78.21 79.34 79.71 80.08 79.80 79.53 78.76 77.99 76.89 75.79 74.50 73.21 71.85 70.48 69.09 67.71 66.28 64.86 63.33 61.80 60.07 58.33 56.32 54.30 51.97 49.65 47.08 44.50 41.80 39.10 36.43 33.76 31.26 28.77 26.58 24.38 22.54 20.70 19.22 17.75 16.62 15.49 14.63 13.78 13.14 12.49 11.99 11.49 11.09 10.68 10.34 10.00 9.73
-8.27 -7.25 -4.30 -1.34 3.11 7.56 12.94 18.32 24.09 29.85 35.51 41.18 46.40 51.62 56.15 60.69 64.39 68.09 70.89 73.70 75.59 77.48 78.52 79.55 79.81 80.08 79.70 79.33 78.47 77.61 76.43 75.24 73.87 72.49 71.02 69.56 68.05 66.54 64.97 63.40 61.70 60.01 58.10 56.20 54.02 51.84 49.38 46.93 44.26 41.60 38.87 36.13 33.49 30.84 28.42 26.00 23.91 21.82 20.11 18.39 17.04 15.70 14.69 13.68 12.95 12.22 11.72 11.21 10.88 10.56 10.37 10.19 10.13 10.07 10.13
-11.33 -9.99 -6.68 -3.37 1.44 6.26 11.97 17.68 23.71 29.74 35.60 41.46 46.79 52.13 56.69 61.26 64.93 68.61 71.33 74.06 75.85 77.64 78.57 79.49 79.65 79.81 79.34 78.87 77.92 76.98 75.71 74.44 72.97 71.51 69.93 68.36 66.72 65.09 63.37 61.65 59.79 57.93 55.87 53.80 51.49 49.17 46.62 44.07 41.36 38.66 35.94 33.23 30.66 28.09 25.80 23.51 21.58 19.65 18.11 16.56 15.38 14.20 13.35 12.49 11.92 11.34 11.00 10.67 10.55 10.42 10.50 10.57 10.84 11.10 11.53
-14.38 -12.73 -9.06 -5.39 -0.22 4.96 10.99 17.03 23.33 29.63 35.68 41.74 47.18 52.63 57.23 61.84 65.48 69.12 71.77 74.42 76.11 77.80 78.61 79.43 79.48 79.53 78.97 78.41 77.37 76.34 74.99 73.64 72.08 70.52 68.85 67.17 65.40 63.63 61.77 59.90 57.88 55.86 53.64 51.41 48.96 46.51 43.86 41.21 38.46 35.71 33.02 30.32 27.84 25.35 23.18 21.02 19.25 17.48 16.10 14.73 13.72 12.70 12.00 11.31 10.88 10.46 10.29 10.13 10.21 10.29 10.63 10.96 11.54 12.13 12.93
-16.73 -14.69 -10.65 -6.61 -1.13 4.35 10.63 16.91 23.38 29.84 35.98 42.12 47.59 53.05 57.62 62.19 65.76 69.33 71.88 74.44 76.02 77.61 78.33 79.04 79.01 78.97 78.33 77.69 76.59 75.49 74.06 72.64 71.00 69.36 67.58 65.80 63.92 62.03 60.02 58.01 55.85 53.68 51.32 48.96 46.40 43.83 41.13 38.42 35.67 32.93 30.30 27.67 25.31 22.94 20.96 18.97 17.41 15.84 14.68 13.52 12.72 11.91 11.41 10.91 10.68 10.45 10.48 10.52 10.84 11.16 11.78 12.40 13.32 14.24 15.43
-19.08 -16.65 -12.24 -7.84 -2.04 3.75 10.27 16.79 23.42 30.04 36.27 42.50 47.99 53.47 58.01 62.54 66.04 69.53 71.99 74.45 75.94 77.43 78.04 78.66 78.54 78.42 77.70 76.98 75.81 74.64 73.14 71.64 69.92 68.20 66.32 64.44 62.43 60.42 58.27 56.12 53.81 51.50 49.00 46.50 43.83 41.16 38.39 35.62 32.88 30.14 27.57 25.01 22.78 20.54 18.73 16.92 15.56 14.20 13.26 12.31 11.72 11.12 10.81 10.51 10.47 10.43 10.68 10.92 11.48 12.03 12.94 13.84 15.10 16.36 17.93
-20.66 -17.81 -13.07 -8.34 -2.31 3.72 10.37 17.02 23.69 30.36 36.57 42.78 48.21 53.63 58.08 62.52 65.92 69.32 71.69 74.06 75.46 76.86 77.41 77.96 77.78 77.60 76.83 76.06 74.84 73.62 72.07 70.52 68.73 66.94 64.98 63.01 60.89 58.77 56.50 54.23 51.79 49.35 46.74 44.13 41.38 38.64 35.84 33.05 30.35 27.64 25.18 22.73 20.66 18.59 17.00 15.41 14.30 13.18 12.49 11.81 11.46 11.12 11.05 10.99 11.18 11.38 11.86 12.34 13.15 13.97 15.16 16.36 17.93 19.51 21.42
-22.24 -18.96 -13.90 -8.83 -2.58 3.68 10.46 17.25 23.96 30.68 36.87 43.06 48.42 53.78 58.14 62.50 65.81 69.11 71.39 73.66 74.98 76.30 76.78 77.26 77.02 76.78 75.97 75.15 73.88 72.61 71.01 69.40 67.54 65.69 63.63 61.58 59.35 57.12 54.72 52.33 49.76 47.20 44.48 41.76 38.93 36.11 33.29 30.48 27.81 25.14 22.79 20.44 18.55 16.65 15.27 13.89 13.03 12.16 11.73 11.30 11.21 11.11 11.29 11.46 11.89 12.32 13.04 13.76 14.83 15.90 17.39 18.87 20.76 22.66 24.91
-22.92 -19.25 -13.92 -8.60 -2.22 4.15 10.94 17.73 24.37 31.02 37.09 43.16 48.39 53.61 57.85 62.08 65.28 68.49 70.68 72.88 74.15 75.42 75.86 76.31 76.05 75.79 74.95 74.11 72.82 71.53 69.88 68.24 66.32 64.41 62.28 60.14 57.82 55.50 52.99 50.49 47.82 45.15 42.34 39.54 36.67 33.80 31.00 28.19 25.60 23.00 20.80 18.59 16.89 15.20 14.07 12.95 12.36 11.78 11.64 11.50 11.70 11.90 12.35 12.80 13.49 14.19 15.16 16.14 17.46 18.79 20.53 22.27 24.43 26.58 29.09
-23.60 -19.53 -13.95 -8.37 -1.87 4.62 11.42 18.22 24.79 31.35 37.31 43.26 48.35 53.44 57.55 61.66 64.76 67.86 69.98 72.10 73.32 74.54 74.95 75.36 75.08 74.79 73.94 73.08 71.76 70.44 68.76 67.08 65.10 63.13 60.92 58.71 56.29 53.87 51.26 48.65 45.87 43.10 40.21 37.32 34.41 31.50 28.70 25.90 23.38 20.87 18.80 16.73 15.24 13.75 12.87 12.00 11.70 11.40 11.55 11.71 12.19 12.68 13.41 14.14 15.10 16.05 17.28 18.52 20.10 21.68 23.68 25.67 28.09 30.50 33.26
-23.23 -18.82 -13.09 -7.36 -0.87 5.63 12.30 18.98 25.36 31.74 37.48 43.22 48.13 53.03 56.99 60.95 63.95 66.95 69.01 71.08 72.28 73.48 73.89 74.30 74.02 73.74 72.88 72.03 70.69 69.36 67.65 65.93 63.90 61.88 59.59 57.30 54.79 52.28 49.57 46.86 44.00 41.14 38.19 35.25 32.32 29.40 26.64 23.89 21.48 19.08 17.18 15.29 14.04 12.78 12.19 11.60 11.61 11.61 12.09 12.57 13.37 14.17 15.20 16.23 17.46 18.69 20.16 21.64 23.44 25.24 27.43 29.61 32.18 34.75 37.63
-22.85 -18.12 -12.23 -6.35 0.14 6.63 13.18 19.74 25.93 32.12 37.65 43.19 47.90 52.61 56.42 60.23 63.13 66.03 68.05 70.06 71.24 72.41 72.82 73.23 72.96 72.69 71.83 70.98 69.63 68.28 66.53 64.79 62.70 60.62 58.26 55.90 53.29 50.69 47.89 45.08 42.14 39.19 36.18 33.18 30.24 27.30 24.59 21.88 19.58 17.29 15.57 13.86 12.84 11.82 11.51 11.20 11.51 11.83 12.63 13.43 14.55 15.66 16.99 18.31 19.82 21.32 23.04 24.77 26.79 28.81 31.18 33.55 36.28 39.01 42.01
-21.32 -16.35 -10.43 -4.51 1.85 8.20 14.52 20.83 26.74 32.65 37.91 43.16 47.64 52.12 55.77 59.42 62.22 65.03 67.01 68.99 70.17 71.35 71.78 72.22 71.96 71.71 70.86 70.01 68.64 67.28 65.49 63.70 61.55 59.40 56.95 54.50 51.81 49.11 46.21 43.32 40.30 37.28 34.24 31.20 28.28 25.36 22.73 20.10 17.95 15.80 14.30 12.80 12.04 11.29 11.29 11.28 11.93 12.58 13.71 14.84 16.28 17.72 19.34 20.96 22.71 24.47 26.40 28.33 30.49 32.66 35.12 37.58 40.33 43.08 46.04
-19.79 -14.58 -8.63 -2.68 3.55 9.78 15.85 21.93 27.56 33.18 38.16 43.13 47.38 51.63 55.12 58.60 61.31 64.03 65.97 67.92 69.11 70.29 70.74 71.20 70.96 70.73 69.88 69.04 67.66 66.27 64.44 62.61 60.39 58.18 55.64 53.11 50.32 47.52 44.53 41.55 38.46 35.37 32.29 29.22 26.32 23.41 20.86 18.32 16.32 14.32 13.03 11.74 11.25 10.76 11.07 11.37 12.35 13.33 14.79 16.26 18.02 19.78 21.69 23.60 25.61 27.62 29.75 31.88 34.20 36.51 39.05 41.60 44.37 47.14 50.07
-17.12 -11.80 -5.93 -0.06 5.93 11.91 17.66 23.41 28.68 33.95 38.61 43.27 47.26 51.26 54.57 57.89 60.52 63.15 65.08 67.00 68.20 69.40 69.88 70.36 70.14 69.93 69.07 68.21 66.79 65.37 63.47 61.57 59.27 56.96 54.32 51.69 48.79 45.89 42.81 39.73 36.59 33.44 30.36 27.27 24.42 21.58 19.15 16.72 14.91 13.10 12.06 11.02 10.82 10.63 11.26 11.89 13.21 14.52 16.31 18.11 20.17 22.23 24.40 26.57 28.78 30.99 33.26 35.52 37.88 40.24 42.75 45.26 47.90 50.55 53.27
-14.45 -9.02 -3.23 2.55 8.30 14.05 19.47 24.90 29.81 34.73 39.06 43.40 47.14 50.88 54.03 57.18 59.73 62.27 64.18 66.08 67.30 68.51 69.02 69.52 69.32 69.12 68.25 67.39 65.93 64.48 62.51 60.54 58.14 55.75 53.00 50.26 47.26 44.25 41.09 37.92 34.72 31.51 28.42 25.33 22.53 19.74 17.43 15.13 13.51 11.88 11.09 10.30 10.40 10.50 11.46 12.41 14.06 15.71 17.83 19.95 22.32 24.68 27.11 29.54 31.95 34.37 36.76 39.15 41.56 43.98 46.45 48.91 51.44 53.96 56.47
-10.88 -5.45 0.16 5.76 11.19 16.63 21.67 26.71 31.24 35.78 39.78 43.78 47.27 50.76 53.75 56.74 59.21 61.68 63.56 65.45 66.67 67.90 68.42 68.94 68.73 68.52 67.62 66.72 65.19 63.66 61.60 59.53 57.02 54.50 51.64 48.77 45.66 42.54 39.29 36.04 32.80 29.56 26.49 23.42 20.72 18.02 15.88 13.74 12.35 10.95 10.44 9.93 10.35 10.76 12.05 13.33 15.30 17.27 19.69 22.11 24.73 27.34 29.97 32.60 35.14 37.68 40.11 42.54 44.89 47.25 49.55 51.86 54.12 56.38 58.55
-7.32 -1.87 3.54 8.96 14.08 19.20 23.87 28.53 32.68 36.83 40.49 44.16 47.40 50.63 53.47 56.30 58.69 61.08 62.94 64.81 66.05 67.29 67.82 68.35 68.13 67.92 66.98 66.05 64.45 62.85 60.69 58.52 55.89 53.26 50.27 47.28 44.05 40.82 37.49 34.16 30.88 27.60 24.56 21.52 18.91 16.30 14.32 12.35 11.18 10.02 9.79 9.56 10.29 11.02 12.63 14.24 16.54 18.83 21.54 24.26 27.13 30.01 32.83 35.66 38.32 40.99 43.46 45.93 48.22 50.52 52.66 54.80 56.80 58.80 60.62
-3.28 2.07 7.24 12.42 17.19 21.97 26.24 30.52 34.30 38.08 41.43 44.79 47.80 50.80 53.49 56.18 58.50 60.81 62.66 64.50 65.73 66.96 67.48 68.00 67.74 67.49 66.48 65.47 63.77 62.07 59.78 57.48 54.71 51.95 48.83 45.71 42.38 39.04 35.65 32.26 28.97 25.69 22.71 19.74 17.27 14.80 13.03 11.27 10.37 9.47 9.54 9.61 10.66 11.71 13.63 15.55 18.13 20.70 23.66 26.61 29.67 32.73 35.67 38.61 41.31 44.01 46.42 48.83 50.96 53.09 54.97 56.85 58.49 60.12 61.50
0.76 6.02 10.95 15.87 20.30 24.73 28.62 32.51 35.92 39.33 42.37 45.42 48.19 50.97 53.51 56.06 58.30 60.55 62.37 64.19 65.41 66.64 67.14 67.64 67.35 67.06 65.98 64.90 63.09 61.29 58.87 56.45 53.54 50.64 47.39 44.14 40.70 37.26 33.81 30.35 27.07 23.78 20.87 17.96 15.63 13.30 11.74 10.18 9.55 8.92 9.29 9.66 11.03 12.40 14.63 16.85 19.71 22.57 25.77 28.97 32.21 35.45 38.50 41.56 44.29 47.02 49.37 51.73 53.70 55.67 57.29 58.90 60.18 61.45 62.39
4.71 9.82 14.48 19.15 23.25 27.35 30.89 34.43 37.53 40.62 43.40 46.19 48.78 51.36 53.79 56.21 58.39 60.58 62.36 64.14 65.33 66.53 66.98 67.44 67.07 66.70 65.52 64.33 62.40 60.47 57.91 55.35 52.31 49.27 45.90 42.54 39.02 35.51 32.03 28.55 25.31 22.07 19.28 16.48 14.34 12.20 10.89 9.58 9.24 8.90 9.58 10.26 11.92 13.58 16.08 18.57 21.65 24.73 28.08 31.43 34.77 38.10 41.17 44.25 46.91 49.58 51.79 53.99 55.73 57.46 58.75 60.04 60.90 61.77 62.23
8.67 13.62 18.02 22.42 26.19 29.96 33.16 36.36 39.13 41.91 44.43 46.96 49.36 51.76 54.07 56.37 58.49 60.60 62.35 64.09 65.26 66.42 66.82 67.23 66.79 66.35 65.06 63.77 61.71 59.65 56.95 54.25 51.07 47.90 44.42 40.94 37.35 33.75 30.25 26.75 23.56 20.36 17.68 15.01 13.05 11.10 10.04 8.98 8.93 8.88 9.86 10.85 12.81 14.77 17.53 20.29 23.58 26.88 30.39 33.90 37.33 40.75 43.84 46.93 49.54 52.15 54.20 56.26 57.76 59.26 60.22 61.18 61.63 62.08 62.08
12.02 16.80 20.95 25.11 28.60 32.10 35.03 37.96 40.50 43.04 45.38 47.71 49.98 52.25 54.46 56.68 58.74 60.79 62.49 64.18 65.29 66.39 66.72 67.05 66.51 65.97 64.56 63.16 60.96 58.77 55.95 53.12 49.83 46.54 42.98 39.43 35.81 32.19 28.73 25.26 22.17 19.08 16.58 14.07 12.35 10.64 9.85 9.07 9.32 9.56 10.84 12.11 14.32 16.53 19.49 22.44 25.86 29.28 32.85 36.42 39.83 43.24 46.24 49.25 51.71 54.17 56.01 57.86 59.07 60.29 60.91 61.52 61.58 61.63 61.18
15.36 19.97 23.88 27.80 31.01 34.23 36.89 39.55 41.86 44.16 46.32 48.47 50.60 52.74 54.86 56.99 58.99 60.98 62.63 64.27 65.32 66.37 66.62 66.88 66.24 65.60 64.07 62.54 60.22 57.89 54.94 51.98 48.58 45.18 41.55 37.91 34.27 30.63 27.20 23.77 20.78 17.80 15.47 13.14 11.66 10.17 9.67 9.16 9.71 10.25 11.81 13.37 15.83 18.29 21.44 24.59 28.14 31.69 35.31 38.94 42.33 45.72 48.65 51.57 53.88 56.19 57.82 59.45 60.39 61.33 61.60 61.87 61.52 61.17 60.28
17.77 22.21 25.92 29.63 32.65 35.67 38.15 40.63 42.80 44.96 47.00 49.05 51.10 53.16 55.22 57.29 59.23 61.17 62.76 64.35 65.32 66.30 66.46 66.63 65.89 65.14 63.50 61.86 59.43 57.00 53.95 50.90 47.44 43.98 40.33 36.69 33.09 29.48 26.16 22.83 20.01 17.20 15.09 12.99 11.77 10.55 10.34 10.13 10.95 11.77 13.57 15.38 18.02 20.66 23.92 27.17 30.74 34.31 37.87 41.44 44.71 47.99 50.74 53.49 55.58 57.67 59.05 60.42 61.07 61.72 61.67 61.62 60.93 60.24 58.98
