test/esri_led_60/synt_tma_2400m_led_60.esri
nrows             510
ncols             462
xllcorner      398000.00
yllcorner     7846000.00
cellsize          500.00
NODATA_value    -9999
[rows 429 to 461 of 510, columns 219 to 291 of 462]
46.00 50.84 55.72 60.59 65.29 70.00 74.38 78.77 82.74 86.72 90.25 93.78 96.92 100.06 102.83 105.60 107.90 110.20 111.67 113.15 113.18 113.21 111.05 108.88 103.91 98.95 91.11 83.26 73.14 63.02 51.75 40.48 29.38 18.27 8.51 -1.24 -8.74 -16.24 -20.91 -25.58 -27.27 -28.97 -28.01 -27.05 -24.26 -21.47 -17.97 -14.48 -11.36 -8.24 -6.15 -4.06 -3.03 -2.01 -1.62 -1.23 -0.94 -0.66 -0.13 0.41 1.17 1.94 2.56 3.19 3.07 2.95 1.54 0.13 -2.87 -5.88 -10.53 -15.18 -21.29
37.32 42.23 47.20 52.16 56.99 61.82 66.40 70.99 75.25 79.52 83.44 87.36 90.95 94.53 97.77 101.00 103.72 106.44 108.25 110.06 110.31 110.56 108.46 106.37 101.31 96.25 88.18 80.10 69.67 59.25 47.70 36.16 24.91 13.67 3.98 -5.71 -12.89 -20.08 -24.20 -28.32 -29.22 -30.13 -28.17 -26.22 -22.26 -18.31 -13.58 -8.85 -4.56 -0.26 2.82 5.90 7.61 9.31 9.94 10.57 10.56 10.55 10.26 9.96 9.52 9.08 8.37 7.66 6.35 5.04 2.76 0.48 -2.99 -6.46 -11.17 -15.87 -21.66
28.63 33.62 38.68 43.73 48.69 53.64 58.43 63.21 67.76 72.32 76.63 80.94 84.97 89.01 92.71 96.41 99.54 102.68 104.83 106.97 107.44 107.90 105.88 103.85 98.70 93.56 85.25 76.94 66.20 55.47 43.65 31.83 20.45 9.07 -0.55 -10.17 -17.05 -23.93 -27.49 -31.05 -31.17 -31.29 -28.34 -25.38 -20.27 -15.16 -9.19 -3.23 2.24 7.72 11.79 15.86 18.25 20.63 21.50 22.37 22.07 21.76 20.64 19.51 17.86 16.21 14.17 12.13 9.63 7.12 3.97 0.82 -3.11 -7.05 -11.80 -16.55 -22.03
20.07 24.98 30.01 35.04 40.05 45.06 49.99 54.92 59.72 64.52 69.16 73.79 78.19 82.59 86.62 90.65 94.04 97.42 99.70 101.97 102.45 102.92 100.81 98.70 93.40 88.09 79.58 71.07 60.13 49.18 37.20 25.21 13.74 2.27 -7.32 -16.91 -23.64 -30.37 -33.67 -36.97 -36.71 -36.44 -32.96 -29.49 -23.73 -17.97 -11.26 -4.55 1.69 7.93 12.69 17.45 20.30 23.16 24.13 25.10 24.43 23.75 21.80 19.84 17.07 14.31 11.15 7.99 4.67 1.35 -2.11 -5.57 -9.24 -12.90 -16.87 -20.84 -25.17
11.50 16.34 21.34 26.35 31.41 36.47 41.55 46.62 51.67 56.72 61.68 66.65 71.41 76.17 80.54 84.90 88.53 92.16 94.56 96.96 97.45 97.94 95.75 93.55 88.09 82.63 73.91 65.20 54.05 42.90 30.74 18.59 7.03 -4.52 -14.08 -23.65 -30.23 -36.82 -39.86 -42.90 -42.24 -41.59 -37.59 -33.60 -27.19 -20.78 -13.32 -5.87 1.14 8.15 13.60 19.04 22.36 25.68 26.76 27.83 26.79 25.74 22.96 20.17 16.29 12.40 8.13 3.86 -0.28 -4.42 -8.18 -11.95 -15.36 -18.76 -21.95 -25.14 -28.30
3.47 8.07 12.93 17.79 22.82 27.85 33.00 38.15 43.37 48.58 53.75 58.93 63.90 68.87 73.37 77.88 81.53 85.19 87.49 89.80 90.11 90.43 88.06 85.69 80.12 74.55 65.82 57.09 46.00 34.90 22.83 10.76 -0.71 -12.19 -21.72 -31.26 -37.89 -44.52 -47.67 -50.82 -50.31 -49.81 -45.93 -42.06 -35.69 -29.32 -21.79 -14.25 -7.03 0.20 5.93 11.66 15.20 18.73 19.78 20.82 19.39 17.96 14.43 10.91 6.11 1.30 -3.79 -8.87 -13.40 -17.93 -21.46 -24.98 -27.46 -29.94 -31.64 -33.34 -34.66
-4.57 -0.20 4.51 9.23 14.23 19.23 24.46 29.68 35.06 40.43 45.82 51.21 56.38 61.56 66.21 70.85 74.53 78.21 80.42 82.63 82.78 82.92 80.38 77.83 72.16 66.48 57.74 48.99 37.95 26.91 14.93 2.94 -8.46 -19.86 -29.37 -38.87 -45.55 -52.22 -55.48 -58.75 -58.39 -58.02 -54.28 -50.53 -44.20 -37.87 -30.25 -22.64 -15.19 -7.75 -1.74 4.28 8.03 11.79 12.80 13.82 11.99 10.17 5.91 1.65 -4.07 -9.80 -15.70 -21.60 -26.53 -31.45 -34.73 -38.01 -39.56 -41.11 -41.33 -41.54 -41.02
-12.02 -8.03 -3.54 0.94 5.84 10.74 15.96 21.19 26.61 32.03 37.47 42.91 48.11 53.30 57.87 62.45 65.96 69.47 71.45 73.42 73.34 73.27 70.66 68.04 62.52 57.01 48.66 40.32 29.82 19.32 7.87 -3.58 -14.60 -25.61 -34.98 -44.36 -51.21 -58.06 -61.79 -65.53 -65.85 -66.17 -63.20 -60.23 -54.65 -49.07 -42.05 -35.03 -27.93 -20.84 -14.94 -9.04 -5.32 -1.61 -0.74 0.13 -2.09 -4.31 -9.21 -14.12 -20.61 -27.10 -33.62 -40.13 -45.21 -50.28 -53.02 -55.77 -56.08 -56.40 -54.82 -53.24 -50.61
-19.48 -15.85 -11.60 -7.34 -2.55 2.25 7.47 12.69 18.16 23.63 29.13 34.62 39.83 45.04 49.54 54.05 57.39 60.73 62.47 64.20 63.91 63.63 60.94 58.25 52.89 47.54 39.59 31.64 21.68 11.72 0.81 -10.10 -20.73 -31.36 -40.60 -49.84 -56.87 -63.90 -68.10 -72.31 -73.32 -74.32 -72.13 -69.94 -65.11 -60.28 -53.85 -47.42 -40.67 -33.92 -28.14 -22.37 -18.68 -15.00 -14.28 -13.56 -16.17 -18.78 -24.34 -29.90 -37.16 -44.41 -51.54 -58.66 -63.88 -69.10 -71.32 -73.53 -72.61 -71.69 -68.32 -64.95 -60.20
-26.58 -23.36 -19.36 -15.37 -10.72 -6.07 -0.93 4.20 9.59 14.97 20.33 25.70 30.70 35.71 39.95 44.19 47.25 50.31 51.82 53.32 52.99 52.66 50.26 47.86 43.20 38.55 31.68 24.80 16.11 7.42 -2.30 -12.02 -21.79 -31.55 -40.43 -49.31 -56.55 -63.79 -68.73 -73.68 -75.81 -77.95 -77.10 -76.24 -72.75 -69.26 -63.98 -58.69 -52.76 -46.83 -41.51 -36.19 -32.75 -29.32 -28.84 -28.36 -31.39 -34.42 -40.60 -46.78 -54.77 -62.76 -70.50 -78.24 -83.67 -89.11 -90.93 -92.75 -90.81 -88.87 -83.97 -79.08 -72.51
-33.69 -30.86 -27.13 -23.40 -18.89 -14.38 -9.33 -4.28 1.01 6.31 11.54 16.77 21.57 26.38 30.36 34.34 37.11 39.89 41.16 42.44 42.07 41.70 39.58 37.47 33.51 29.56 23.76 17.97 10.54 3.11 -5.41 -13.94 -22.84 -31.74 -40.26 -48.78 -56.23 -63.68 -69.37 -75.05 -78.31 -81.58 -82.06 -82.54 -80.39 -78.24 -74.11 -69.97 -64.86 -59.74 -54.88 -50.02 -46.82 -43.63 -43.40 -43.17 -46.61 -50.05 -56.86 -63.66 -72.39 -81.11 -89.46 -97.82 -103.46 -109.11 -110.54 -111.98 -109.01 -106.05 -99.63 -93.21 -84.81
-40.72 -38.25 -34.74 -31.24 -26.88 -22.51 -17.62 -12.73 -7.67 -2.61 2.28 7.16 11.54 15.93 19.48 23.04 25.51 27.97 29.18 30.40 30.37 30.34 29.10 27.85 25.37 22.88 19.03 15.18 9.92 4.66 -1.88 -8.41 -15.86 -23.31 -31.16 -39.01 -46.62 -54.24 -60.83 -67.43 -72.14 -76.85 -79.07 -81.29 -80.90 -80.51 -77.91 -75.32 -71.33 -67.34 -63.17 -59.01 -56.20 -53.40 -53.48 -53.56 -57.43 -61.31 -68.76 -76.22 -85.75 -95.29 -104.44 -113.59 -119.80 -126.00 -127.58 -129.16 -125.87 -122.58 -115.43 -108.27 -98.84
-47.76 -45.64 -42.35 -39.07 -34.86 -30.65 -25.91 -21.18 -16.35 -11.53 -6.99 -2.44 1.52 5.48 8.61 11.75 13.90 16.05 17.20 18.36 18.67 18.98 18.61 18.24 17.22 16.19 14.30 12.40 9.30 6.21 1.66 -2.88 -8.88 -14.88 -22.05 -29.23 -37.02 -44.80 -52.30 -59.80 -65.96 -72.12 -76.08 -80.03 -81.41 -82.78 -81.72 -80.66 -77.80 -74.94 -71.47 -67.99 -65.58 -63.17 -63.55 -63.94 -68.25 -72.56 -80.67 -88.78 -99.12 -109.47 -119.42 -129.37 -136.13 -142.90 -144.62 -146.34 -142.73 -139.12 -131.23 -123.33 -112.86
-54.86 -52.96 -49.81 -46.66 -42.58 -38.50 -33.99 -29.49 -25.05 -20.62 -16.63 -12.65 -9.31 -5.98 -3.39 -0.79 1.10 2.99 4.36 5.73 6.87 8.01 9.20 10.39 11.65 12.90 13.85 14.80 14.74 14.69 12.89 11.10 7.09 3.08 -3.15 -9.38 -17.29 -25.19 -33.71 -42.23 -50.05 -57.86 -63.80 -69.74 -73.12 -76.50 -77.17 -77.85 -76.27 -74.70 -72.02 -69.35 -67.38 -65.41 -66.11 -66.82 -71.55 -76.29 -85.06 -93.84 -105.10 -116.35 -127.34 -138.33 -146.09 -153.85 -156.41 -158.96 -155.92 -152.88 -145.26 -137.64 -127.14
-61.97 -60.28 -57.27 -54.25 -50.31 -46.36 -42.08 -37.80 -33.76 -29.72 -26.28 -22.85 -20.14 -17.44 -15.38 -13.33 -11.69 -10.06 -8.48 -6.90 -4.93 -2.95 -0.21 2.54 6.08 9.61 13.40 17.19 20.18 23.17 24.12 25.08 23.06 21.04 15.75 10.47 2.44 -5.59 -15.12 -24.66 -34.13 -43.60 -51.52 -59.45 -64.83 -70.21 -72.62 -75.03 -74.74 -74.45 -72.58 -70.71 -69.18 -67.65 -68.67 -69.69 -74.85 -80.01 -89.45 -98.90 -111.07 -123.24 -135.26 -147.28 -156.05 -164.81 -168.20 -171.59 -169.12 -166.65 -159.30 -151.94 -141.41
-68.99 -67.33 -64.35 -61.36 -57.54 -53.71 -49.74 -45.77 -42.28 -38.78 -36.09 -33.40 -31.48 -29.56 -28.10 -26.63 -25.14 -23.65 -21.56 -19.46 -16.17 -12.88 -7.98 -3.08 3.39 9.87 17.15 24.43 31.04 37.65 41.81 45.97 46.21 46.46 42.21 37.97 29.77 21.58 10.91 0.25 -10.99 -22.23 -32.24 -42.24 -49.68 -57.11 -61.27 -65.44 -66.42 -67.40 -66.31 -65.21 -64.08 -62.95 -64.22 -65.50 -70.99 -76.49 -86.54 -96.60 -109.67 -122.74 -135.91 -149.07 -159.13 -169.19 -173.92 -178.65 -177.46 -176.27 -170.01 -163.76 -154.05
-76.00 -74.38 -71.43 -68.47 -64.77 -61.06 -57.40 -53.74 -50.79 -47.85 -45.90 -43.95 -42.81 -41.68 -40.81 -39.94 -38.60 -37.25 -34.64 -32.02 -27.42 -22.81 -15.75 -8.69 0.71 10.12 20.89 31.66 41.90 52.14 59.50 66.86 69.37 71.88 68.67 65.46 57.11 48.75 36.95 25.15 12.15 -0.86 -12.95 -25.03 -34.52 -44.02 -49.93 -55.84 -58.09 -60.35 -60.03 -59.71 -58.98 -58.26 -59.78 -61.30 -67.14 -72.98 -83.63 -94.29 -108.27 -122.24 -136.55 -150.86 -162.21 -173.56 -179.63 -185.71 -185.80 -185.89 -180.73 -175.57 -166.68
-82.44 -80.65 -77.65 -74.64 -71.09 -67.54 -64.30 -61.06 -58.82 -56.57 -55.51 -54.45 -54.19 -53.93 -53.63 -53.33 -51.97 -50.62 -47.19 -43.77 -37.48 -31.19 -21.60 -12.00 0.65 13.30 27.76 42.21 56.14 70.06 80.57 91.07 95.69 100.31 97.94 95.57 86.85 78.13 65.07 52.01 37.20 22.39 8.29 -5.80 -17.20 -28.60 -36.07 -43.55 -46.91 -50.27 -50.59 -50.91 -50.46 -50.02 -51.65 -53.28 -59.29 -65.30 -76.35 -87.39 -102.05 -116.71 -131.99 -147.28 -159.85 -172.43 -179.93 -187.43 -189.04 -190.65 -186.93 -183.22 -175.56
-88.87 -86.93 -83.87 -80.81 -77.41 -74.01 -71.20 -68.38 -66.84 -65.30 -65.13 -64.96 -65.57 -66.18 -66.45 -66.73 -65.35 -63.98 -59.75 -55.53 -47.55 -39.57 -27.44 -15.32 0.59 16.49 34.62 52.76 70.37 87.98 101.63 115.28 122.01 128.74 127.20 125.67 116.59 107.52 93.20 78.87 62.25 45.64 29.53 13.43 0.13 -13.18 -22.22 -31.27 -35.73 -40.20 -41.15 -42.11 -41.94 -41.77 -43.52 -45.27 -51.45 -57.62 -69.06 -80.50 -95.84 -111.18 -127.44 -143.69 -157.50 -171.30 -180.23 -189.15 -192.28 -195.40 -193.13 -190.86 -184.43
-94.01 -91.75 -88.61 -85.47 -82.32 -79.16 -76.93 -74.69 -74.01 -73.32 -74.14 -74.95 -76.44 -77.94 -78.69 -79.45 -77.88 -76.31 -71.05 -65.78 -55.91 -46.03 -31.27 -16.51 2.54 21.58 43.07 64.57 85.34 106.11 122.29 138.46 146.70 154.94 153.75 152.56 142.79 133.02 117.30 101.57 83.21 64.85 46.98 29.11 14.25 -0.61 -10.86 -21.11 -26.36 -31.62 -32.98 -34.34 -34.28 -34.22 -35.90 -37.58 -43.67 -49.77 -61.22 -72.68 -88.25 -103.81 -120.54 -137.26 -151.83 -166.40 -176.36 -186.32 -190.66 -195.00 -193.98 -192.97 -187.67
-99.16 -96.57 -93.35 -90.14 -87.23 -84.32 -82.66 -81.01 -81.17 -81.34 -83.14 -84.95 -87.32 -89.70 -90.93 -92.17 -90.41 -88.64 -82.34 -76.03 -64.26 -52.49 -35.10 -17.71 4.48 26.68 51.52 76.37 100.31 124.24 142.94 161.64 171.39 181.13 180.29 179.44 168.98 158.52 141.40 124.27 104.17 84.06 64.43 44.79 28.38 11.96 0.51 -10.94 -16.99 -23.04 -24.81 -26.58 -26.62 -26.67 -28.28 -29.90 -35.90 -41.91 -53.39 -64.87 -80.65 -96.44 -113.64 -130.84 -146.17 -161.50 -172.49 -183.48 -189.04 -194.59 -194.83 -195.07 -190.92
-102.31 -99.30 -96.07 -92.83 -90.31 -87.80 -86.89 -85.99 -87.14 -88.29 -91.11 -93.94 -97.13 -100.32 -101.89 -103.47 -101.33 -99.19 -91.70 -84.22 -70.53 -56.84 -37.00 -17.17 7.69 32.55 59.98 87.41 113.53 139.66 159.86 180.05 190.41 200.76 199.59 198.42 186.89 175.35 156.74 138.12 116.46 94.80 73.80 52.80 35.34 17.89 5.75 -6.39 -12.81 -19.24 -21.12 -23.00 -22.94 -22.89 -24.24 -25.59 -31.20 -36.82 -47.87 -58.91 -74.31 -89.70 -106.67 -123.64 -138.99 -154.34 -165.63 -176.93 -183.02 -189.12 -190.03 -190.93 -187.46
-105.45 -102.04 -98.78 -95.51 -93.39 -91.27 -91.12 -90.97 -93.10 -95.23 -99.08 -102.93 -106.93 -110.94 -112.85 -114.77 -112.26 -109.75 -101.07 -92.40 -76.79 -61.18 -38.90 -16.63 10.90 38.42 68.44 98.45 126.76 155.07 176.77 198.47 209.43 220.39 218.89 217.40 204.79 192.19 172.08 151.97 128.75 105.53 83.17 60.81 42.31 23.82 10.99 -1.84 -8.64 -15.44 -17.43 -19.42 -19.26 -19.11 -20.19 -21.27 -26.51 -31.74 -42.35 -52.96 -67.96 -82.96 -99.70 -116.43 -131.80 -147.17 -158.77 -170.37 -177.01 -183.64 -185.22 -186.80 -184.00
-106.04 -102.26 -99.12 -95.98 -94.44 -92.90 -93.66 -94.42 -97.59 -100.77 -105.58 -110.40 -115.07 -119.74 -121.80 -123.86 -120.82 -117.78 -107.89 -98.00 -80.65 -63.30 -39.05 -14.80 14.61 44.02 75.56 107.09 136.37 165.65 187.65 209.66 220.23 230.81 228.33 225.86 211.89 197.92 176.38 154.83 130.40 105.97 82.79 59.62 40.72 21.82 8.90 -4.02 -10.72 -17.41 -19.18 -20.96 -20.48 -20.00 -20.61 -21.23 -25.80 -30.36 -40.11 -49.85 -63.87 -77.90 -93.69 -109.48 -124.08 -138.68 -149.77 -160.85 -167.23 -173.60 -175.11 -176.62 -173.88
-106.63 -102.48 -99.46 -96.45 -95.49 -94.53 -96.20 -97.86 -102.08 -106.30 -112.08 -117.87 -123.20 -128.54 -130.74 -132.94 -129.38 -125.81 -114.71 -103.61 -84.52 -65.42 -39.20 -12.97 18.33 49.62 82.67 115.72 145.97 176.22 198.53 220.84 231.04 241.24 237.78 234.32 218.98 203.65 180.67 157.69 132.05 106.40 82.42 58.43 39.12 19.82 6.81 -6.20 -12.79 -19.38 -20.94 -22.49 -21.69 -20.89 -21.04 -21.18 -25.09 -28.99 -37.87 -46.74 -59.79 -72.83 -87.68 -102.53 -116.36 -130.19 -140.76 -151.33 -157.45 -163.56 -165.00 -166.45 -163.76
-104.30 -100.01 -97.36 -94.72 -94.56 -94.39 -97.08 -99.76 -104.99 -110.21 -116.78 -123.35 -129.08 -134.81 -136.90 -138.99 -134.76 -130.53 -118.31 -106.08 -85.62 -65.17 -37.67 -10.17 22.01 54.18 87.53 120.87 150.79 180.70 202.14 223.58 232.51 241.44 236.52 231.60 214.84 198.08 173.97 149.85 123.55 97.25 73.14 49.02 30.03 11.03 -1.44 -13.92 -19.93 -25.94 -26.96 -27.98 -26.66 -25.34 -24.87 -24.40 -27.45 -30.50 -38.22 -45.95 -57.60 -69.25 -82.61 -95.98 -108.41 -120.85 -130.22 -139.59 -144.74 -149.89 -150.61 -151.32 -148.12
-101.97 -97.54 -95.26 -92.99 -93.62 -94.25 -97.95 -101.65 -107.89 -114.12 -121.48 -128.83 -134.96 -141.08 -143.06 -145.04 -140.15 -135.26 -121.90 -108.55 -86.73 -64.91 -36.14 -7.37 25.69 58.75 92.38 126.02 155.60 185.19 205.75 226.32 233.98 241.65 235.27 228.89 210.70 192.52 167.27 142.01 115.05 88.09 63.86 39.62 20.93 2.24 -9.70 -21.64 -27.07 -32.50 -32.99 -33.47 -31.63 -29.80 -28.71 -27.62 -29.81 -32.01 -38.58 -45.15 -55.40 -65.66 -77.55 -89.43 -100.47 -111.51 -119.67 -127.84 -132.03 -136.22 -136.21 -136.19 -132.47
-96.62 -92.43 -90.86 -89.30 -90.94 -92.59 -97.36 -102.13 -109.23 -116.33 -124.16 -131.99 -138.13 -144.26 -145.79 -147.32 -141.64 -135.96 -121.65 -107.35 -84.70 -62.05 -32.86 -3.66 29.16 61.98 94.64 127.31 155.30 183.30 201.93 220.57 226.29 232.02 223.97 215.92 196.56 177.19 151.36 125.53 98.66 71.78 48.21 24.64 6.99 -10.66 -21.47 -32.28 -36.71 -41.14 -40.84 -40.55 -38.09 -35.63 -33.89 -32.15 -33.46 -34.77 -40.10 -45.44 -54.13 -62.83 -72.97 -83.11 -92.40 -101.69 -108.24 -114.79 -117.57 -120.34 -119.16 -117.97 -113.34
-91.27 -87.33 -86.47 -85.60 -88.26 -90.92 -96.76 -102.60 -110.57 -118.54 -126.85 -135.15 -141.30 -147.44 -148.52 -149.61 -143.13 -136.66 -121.41 -106.16 -82.67 -59.19 -29.57 0.04 32.62 65.21 96.90 128.59 155.00 181.40 198.11 214.82 218.61 222.39 212.68 202.96 182.41 161.85 135.45 109.05 82.26 55.48 32.57 9.67 -6.95 -23.56 -33.24 -42.91 -46.34 -49.77 -48.70 -47.63 -44.55 -41.46 -39.07 -36.68 -37.11 -37.53 -41.63 -45.73 -52.86 -59.99 -68.40 -76.80 -84.34 -91.88 -96.81 -101.74 -103.10 -104.47 -102.11 -99.75 -94.21
-83.12 -79.90 -80.11 -80.32 -84.19 -88.05 -94.96 -101.86 -110.47 -119.09 -127.49 -135.89 -141.58 -147.28 -147.56 -147.84 -140.45 -133.07 -117.08 -101.10 -77.35 -53.60 -24.42 4.75 36.04 67.33 96.92 126.50 150.26 174.02 187.99 201.96 203.41 204.85 193.54 182.22 160.95 139.69 113.45 87.21 61.33 35.46 14.00 -7.45 -22.36 -37.28 -45.34 -53.39 -55.53 -57.67 -55.71 -53.75 -50.09 -46.42 -43.50 -40.59 -40.28 -39.98 -42.99 -46.00 -51.67 -57.35 -64.05 -70.76 -76.52 -82.29 -85.53 -88.76 -88.58 -88.41 -84.74 -81.06 -74.48
-74.98 -72.48 -73.76 -75.03 -80.11 -85.19 -93.15 -101.11 -110.38 -119.64 -128.13 -136.62 -141.87 -147.12 -146.60 -146.07 -137.77 -129.47 -112.76 -96.05 -72.03 -48.01 -19.27 9.46 39.46 69.45 96.93 124.41 145.52 166.64 177.87 189.11 188.21 187.31 174.40 161.48 139.50 117.53 91.45 65.37 40.40 15.44 -4.56 -24.56 -37.78 -51.00 -57.44 -63.87 -64.72 -65.56 -62.72 -59.88 -55.63 -51.38 -47.93 -44.49 -43.46 -42.43 -44.35 -46.27 -50.49 -54.71 -59.71 -64.71 -68.71 -72.71 -74.24 -75.77 -74.06 -72.35 -67.36 -62.37 -54.75
-64.72 -63.38 -66.04 -68.69 -75.09 -81.49 -90.43 -99.37 -109.01 -118.66 -126.84 -135.02 -139.41 -143.80 -142.16 -140.52 -131.24 -121.95 -104.73 -87.50 -63.71 -39.92 -12.33 15.26 43.16 71.06 95.63 120.21 138.00 155.80 163.89 171.97 168.66 165.35 151.13 136.91 114.81 92.70 67.51 42.32 18.99 -4.33 -22.26 -40.19 -51.25 -62.32 -66.86 -71.41 -70.87 -70.32 -66.67 -63.01 -58.37 -53.73 -50.04 -46.35 -44.93 -43.52 -44.71 -45.91 -49.03 -52.16 -55.81 -59.46 -62.00 -64.53 -64.63 -64.73 -61.70 -58.68 -52.57 -46.46 -37.96
-54.46 -54.29 -58.32 -62.34 -70.07 -77.79 -87.71 -97.62 -107.65 -117.67 -125.55 -133.43 -136.95 -140.48 -137.73 -134.98 -124.70 -114.43 -96.70 -78.96 -55.40 -31.83 -5.39 21.06 46.86 72.66 94.33 116.00 130.48 144.97 149.90 154.84 149.11 143.39 127.87 112.35 90.11 67.88 43.58 19.28 -2.41 -24.10 -39.96 -55.81 -64.73 -73.64 -76.29 -78.94 -77.01 -75.09 -70.61 -66.14 -61.11 -56.08 -52.15 -48.22 -46.41 -44.60 -45.07 -45.54 -47.58 -49.62 -51.91 -54.21 -55.28 -56.35 -55.02 -53.68 -49.35 -45.01 -37.78 -30.54 -21.17
