test/esri_led_60/synt_tma_2400m_led_60.esri
nrows             510
ncols             462
xllcorner      398000.00
yllcorner     7846000.00
cellsize          500.00
NODATA_value    -9999
[rows 462 to 494 of 510, columns 365 to 437 of 462]
-52.89 -56.14 -57.04 -57.95 -57.11 -56.28 -54.37 -52.47 -50.02 -47.57 -44.86 -42.15 -39.32 -36.48 -33.63 -30.78 -28.09 -25.41 -23.22 -21.03 -19.75 -18.47 -18.39 -18.31 -19.36 -20.41 -22.02 -23.62 -24.88 -26.14 -26.14 -26.14 -24.39 -22.63 -19.19 -15.74 -11.13 -6.52 -1.44 3.64 8.61 13.58 18.07 22.55 26.41 30.27 33.49 36.71 39.38 42.05 44.27 46.49 48.34 50.19 51.69 53.19 54.37 55.55 56.45 57.36 58.04 58.72 59.21 59.70 59.99 60.28 60.39 60.50 60.48 60.47 60.47 60.47 60.79
-56.28 -58.92 -59.27 -59.63 -58.26 -56.89 -54.44 -51.98 -48.91 -45.84 -42.44 -39.05 -35.53 -32.01 -28.56 -25.12 -22.03 -18.94 -16.58 -14.23 -13.04 -11.85 -12.13 -12.40 -14.02 -15.64 -17.96 -20.28 -22.27 -24.25 -24.88 -25.52 -24.21 -22.90 -19.70 -16.49 -11.94 -7.38 -2.21 2.96 8.08 13.19 17.82 22.44 26.33 30.22 33.33 36.43 38.83 41.23 43.08 44.93 46.40 47.87 49.09 50.31 51.36 52.42 53.38 54.34 55.24 56.14 56.96 57.78 58.45 59.12 59.56 60.01 60.18 60.35 60.32 60.29 60.34
-57.96 -59.98 -59.83 -59.68 -57.93 -56.19 -53.41 -50.63 -47.24 -43.84 -40.10 -36.35 -32.45 -28.54 -24.72 -20.90 -17.48 -14.06 -11.49 -8.92 -7.68 -6.44 -6.84 -7.25 -9.19 -11.14 -13.92 -16.69 -19.18 -21.67 -22.76 -23.85 -22.89 -21.92 -18.93 -15.93 -11.45 -6.98 -1.81 3.36 8.50 13.65 18.25 22.85 26.61 30.37 33.18 36.00 37.97 39.94 41.29 42.64 43.65 44.65 45.55 46.45 47.39 48.33 49.39 50.45 51.61 52.78 53.95 55.13 56.17 57.21 57.95 58.68 59.00 59.32 59.23 59.14 58.92
-59.64 -61.03 -60.39 -59.74 -57.61 -55.48 -52.38 -49.28 -45.56 -41.85 -37.75 -33.65 -29.36 -25.08 -20.87 -16.67 -12.93 -9.19 -6.40 -3.62 -2.32 -1.02 -1.56 -2.10 -4.37 -6.64 -9.87 -13.11 -16.10 -19.10 -20.64 -22.19 -21.57 -20.95 -18.15 -15.36 -10.97 -6.58 -1.41 3.76 8.93 14.10 18.68 23.26 26.88 30.51 33.04 35.57 37.11 38.65 39.50 40.35 40.89 41.43 42.01 42.59 43.42 44.24 45.40 46.56 47.99 49.41 50.95 52.48 53.89 55.29 56.33 57.36 57.82 58.28 58.14 57.99 57.49
-58.17 -59.04 -58.12 -57.20 -55.01 -52.82 -49.80 -46.78 -43.21 -39.63 -35.64 -31.64 -27.37 -23.10 -18.79 -14.47 -10.51 -6.55 -3.49 -0.43 1.11 2.66 2.25 1.84 -0.44 -2.72 -6.10 -9.47 -12.68 -15.88 -17.65 -19.42 -18.98 -18.54 -15.88 -13.21 -8.90 -4.59 0.53 5.64 10.73 15.82 20.24 24.66 28.00 31.34 33.44 35.54 36.53 37.52 37.78 38.04 38.07 38.10 38.35 38.60 39.35 40.09 41.39 42.68 44.38 46.09 47.94 49.79 51.49 53.18 54.39 55.60 56.09 56.58 56.29 56.00 55.21
-56.71 -57.06 -55.86 -54.66 -52.41 -50.16 -47.23 -44.29 -40.85 -37.41 -33.52 -29.64 -25.38 -21.12 -16.70 -12.28 -8.09 -3.91 -0.57 2.76 4.55 6.33 6.05 5.77 3.48 1.19 -2.32 -5.84 -9.26 -12.67 -14.66 -16.64 -16.39 -16.14 -13.60 -11.06 -6.83 -2.59 2.46 7.52 12.53 17.54 21.80 26.06 29.12 32.17 33.84 35.51 35.95 36.39 36.06 35.73 35.24 34.76 34.69 34.62 35.28 35.94 37.37 38.80 40.78 42.76 44.94 47.11 49.08 51.06 52.45 53.84 54.36 54.88 54.45 54.02 52.92
-51.66 -51.63 -50.43 -49.22 -47.28 -45.34 -42.92 -40.51 -37.68 -34.85 -31.54 -28.23 -24.39 -20.55 -16.31 -12.06 -7.79 -3.52 0.12 3.75 5.92 8.09 8.18 8.27 6.26 4.25 0.91 -2.43 -5.75 -9.07 -11.00 -12.94 -12.66 -12.38 -9.84 -7.29 -3.07 1.15 6.15 11.14 16.01 20.88 24.89 28.90 31.57 34.23 35.39 36.54 36.37 36.21 35.27 34.33 33.35 32.37 32.00 31.64 32.26 32.88 34.46 36.03 38.25 40.46 42.85 45.24 47.32 49.40 50.77 52.14 52.51 52.87 52.18 51.50 50.07
-46.61 -46.21 -45.00 -43.79 -42.16 -40.52 -38.62 -36.73 -34.50 -32.28 -29.55 -26.81 -23.40 -19.98 -15.92 -11.85 -7.48 -3.12 0.81 4.73 7.29 9.86 10.31 10.77 9.04 7.31 4.15 0.98 -2.24 -5.46 -7.35 -9.23 -8.93 -8.63 -6.07 -3.52 0.69 4.89 9.83 14.76 19.49 24.22 27.97 31.73 34.02 36.30 36.94 37.57 36.80 36.03 34.48 32.93 31.45 29.97 29.32 28.67 29.24 29.81 31.54 33.26 35.72 38.17 40.76 43.36 45.56 47.75 49.10 50.44 50.66 50.87 49.92 48.98 47.21
-38.42 -37.79 -36.80 -35.82 -34.79 -33.76 -32.73 -31.70 -30.47 -29.23 -27.45 -25.67 -23.01 -20.36 -16.73 -13.10 -8.82 -4.53 -0.37 3.80 6.80 9.79 10.76 11.73 10.49 9.24 6.52 3.80 0.95 -1.89 -3.45 -5.02 -4.45 -3.88 -1.13 1.63 5.94 10.25 15.18 20.11 24.70 29.29 32.76 36.24 38.10 39.97 40.09 40.20 38.87 37.53 35.45 33.37 31.48 29.60 28.74 27.88 28.45 29.02 30.87 32.72 35.31 37.89 40.50 43.12 45.17 47.22 48.27 49.32 49.14 48.97 47.61 46.26 44.13
-30.23 -29.37 -28.61 -27.85 -27.43 -27.00 -26.84 -26.67 -26.43 -26.18 -25.35 -24.52 -22.63 -20.73 -17.55 -14.36 -10.15 -5.94 -1.54 2.87 6.30 9.73 11.20 12.68 11.93 11.18 8.89 6.61 4.15 1.68 0.44 -0.80 0.03 0.87 3.82 6.77 11.19 15.61 20.54 25.46 29.91 34.35 37.55 40.74 42.19 43.64 43.23 42.83 40.93 39.03 36.41 33.80 31.51 29.22 28.16 27.09 27.66 28.23 30.21 32.19 34.90 37.61 40.24 42.88 44.78 46.69 47.44 48.19 47.63 47.06 45.31 43.55 41.05
-19.90 -18.93 -18.55 -18.17 -18.54 -18.91 -19.83 -20.74 -21.71 -22.68 -23.03 -23.39 -22.48 -21.58 -19.05 -16.51 -12.56 -8.61 -4.10 0.41 4.21 8.01 10.02 12.02 11.86 11.71 10.04 8.37 6.51 4.65 3.98 3.30 4.64 5.98 9.33 12.69 17.38 22.07 27.08 32.10 36.45 40.81 43.73 46.66 47.73 48.80 47.96 47.12 44.79 42.46 39.50 36.54 34.03 31.52 30.40 29.27 29.89 30.52 32.58 34.63 37.32 40.00 42.41 44.82 46.26 47.70 47.83 47.96 46.75 45.53 43.22 40.91 38.03
-9.57 -8.49 -8.50 -8.50 -9.66 -10.83 -12.82 -14.81 -16.99 -19.17 -20.72 -22.26 -22.34 -22.43 -20.55 -18.67 -14.97 -11.28 -6.66 -2.05 2.12 6.30 8.83 11.35 11.80 12.24 11.19 10.14 8.88 7.62 7.51 7.40 9.24 11.08 14.85 18.61 23.57 28.52 33.63 38.74 43.00 47.26 49.92 52.59 53.28 53.96 52.69 51.41 48.65 45.90 42.58 39.27 36.55 33.83 32.64 31.45 32.13 32.81 34.95 37.08 39.74 42.40 44.58 46.76 47.74 48.72 48.23 47.74 45.87 44.00 41.13 38.27 35.01
1.64 2.70 2.20 1.70 -0.35 -2.39 -5.54 -8.69 -12.16 -15.63 -18.45 -21.26 -22.43 -23.60 -22.50 -21.39 -18.11 -14.82 -10.27 -5.71 -1.30 3.10 6.08 9.05 10.09 11.13 10.76 10.39 9.86 9.33 9.95 10.58 13.10 15.62 19.96 24.30 29.67 35.04 40.34 45.65 49.87 54.10 56.55 59.01 59.40 59.79 58.23 56.67 53.71 50.74 47.35 43.96 41.29 38.62 37.57 36.52 37.35 38.17 40.35 42.53 45.01 47.49 49.19 50.88 51.09 51.30 49.87 48.45 45.68 42.92 39.39 35.86 32.25
12.84 13.89 12.90 11.90 8.97 6.04 1.73 -2.57 -7.33 -12.10 -16.18 -20.26 -22.51 -24.77 -24.44 -24.12 -21.25 -18.37 -13.87 -9.37 -4.73 -0.09 3.33 6.75 8.39 10.02 10.34 10.65 10.85 11.05 12.40 13.75 16.95 20.16 25.07 29.99 35.77 41.56 47.05 52.55 56.74 60.93 63.18 65.43 65.52 65.62 63.77 61.92 58.76 55.59 52.12 48.66 46.03 43.41 42.50 41.59 42.56 43.54 45.76 47.98 50.28 52.58 53.79 55.00 54.44 53.88 51.52 49.16 45.50 41.85 37.65 33.45 29.50
23.49 24.35 22.76 21.16 17.31 13.46 8.02 2.59 -3.40 -9.40 -14.68 -19.95 -23.25 -26.54 -26.99 -27.45 -25.05 -22.65 -18.33 -14.00 -9.28 -4.55 -0.82 2.91 5.03 7.15 8.09 9.03 9.94 10.86 12.96 15.06 19.00 22.94 28.51 34.08 40.34 46.61 52.36 58.11 62.31 66.52 68.62 70.72 70.64 70.56 68.62 66.69 63.60 60.51 57.29 54.07 51.81 49.56 49.03 48.51 49.76 51.02 53.29 55.56 57.58 59.60 60.14 60.69 59.13 57.57 54.06 50.55 45.85 41.15 36.25 31.35 27.14
34.14 34.82 32.62 30.43 25.65 20.88 14.31 7.74 0.52 -6.70 -13.17 -19.65 -23.98 -28.31 -29.54 -30.77 -28.85 -26.92 -22.78 -18.64 -13.82 -9.01 -4.98 -0.94 1.67 4.27 5.84 7.40 9.03 10.66 13.52 16.37 21.05 25.73 31.95 38.17 44.92 51.66 57.66 63.66 67.88 72.10 74.05 76.01 75.76 75.50 73.48 71.45 68.44 65.42 62.45 59.48 57.59 55.70 55.57 55.43 56.97 58.50 60.82 63.15 64.88 66.61 66.49 66.37 63.81 61.25 56.59 51.93 46.19 40.45 34.85 29.25 24.78
42.70 42.95 40.02 37.10 31.40 25.70 18.11 10.51 2.25 -6.01 -13.45 -20.89 -26.04 -31.18 -33.04 -34.90 -33.38 -31.87 -27.93 -24.00 -19.22 -14.43 -10.26 -6.08 -3.18 -0.28 1.72 3.71 5.88 8.04 11.51 14.98 20.29 25.60 32.39 39.19 46.38 53.57 59.79 66.02 70.26 74.50 76.38 78.25 77.95 77.65 75.77 73.88 71.25 68.63 66.26 63.89 62.72 61.54 62.07 62.60 64.59 66.58 69.02 71.45 72.88 74.31 73.44 72.57 68.93 65.28 59.41 53.54 46.75 39.96 33.72 27.49 22.90
51.25 51.08 47.43 43.77 37.15 30.52 21.90 13.28 3.98 -5.32 -13.73 -22.13 -28.10 -34.06 -36.54 -39.02 -37.91 -36.81 -33.09 -29.36 -24.61 -19.85 -15.54 -11.22 -8.03 -4.83 -2.41 0.02 2.72 5.43 9.51 13.58 19.52 25.46 32.84 40.22 47.84 55.47 61.92 68.38 72.64 76.91 78.70 80.48 80.15 79.81 78.06 76.31 74.07 71.83 70.06 68.30 67.84 67.38 68.58 69.77 72.21 74.66 77.21 79.76 80.88 82.00 80.39 78.78 74.05 69.32 62.23 55.14 47.30 39.46 32.60 25.73 21.02
56.27 55.37 50.84 46.32 38.78 31.25 21.78 12.31 2.29 -7.73 -16.71 -25.70 -32.09 -38.49 -41.26 -44.04 -43.15 -42.25 -38.67 -35.09 -30.42 -25.75 -21.46 -17.17 -13.93 -10.69 -8.13 -5.57 -2.64 0.30 4.69 9.09 15.41 21.73 29.47 37.22 45.13 53.03 59.61 66.19 70.45 74.71 76.46 78.21 77.96 77.71 76.34 74.96 73.42 71.87 71.08 70.28 70.89 71.50 73.64 75.78 78.87 81.96 84.73 87.50 88.35 89.21 86.88 84.55 78.78 73.00 64.78 56.56 47.79 39.02 31.66 24.31 19.63
61.29 59.67 54.26 48.86 40.42 31.98 21.67 11.35 0.60 -10.14 -19.70 -29.26 -36.09 -42.91 -45.99 -49.07 -48.38 -47.69 -44.25 -40.81 -36.22 -31.64 -27.38 -23.12 -19.83 -16.54 -13.85 -11.16 -8.00 -4.84 -0.12 4.59 11.29 17.99 26.11 34.22 42.41 50.59 57.30 64.01 68.26 72.51 74.22 75.93 75.77 75.62 74.61 73.60 72.76 71.92 72.09 72.27 73.94 75.61 78.70 81.79 85.53 89.27 92.26 95.24 95.83 96.42 93.37 90.32 83.50 76.68 67.33 57.98 48.28 38.57 30.73 22.89 18.25
61.73 59.06 52.65 46.25 36.96 27.67 16.77 5.86 -5.20 -16.25 -25.88 -35.50 -42.23 -48.96 -51.90 -54.83 -54.02 -53.22 -49.74 -46.27 -41.76 -37.25 -33.15 -29.05 -25.97 -22.89 -20.41 -17.92 -14.91 -11.90 -7.23 -2.57 4.17 10.91 19.12 27.33 35.57 43.82 50.51 57.21 61.40 65.58 67.28 68.99 69.04 69.09 68.66 68.23 68.37 68.52 69.98 71.44 74.49 77.54 81.83 86.13 90.69 95.25 98.57 101.88 102.28 102.68 99.00 95.31 87.57 79.82 69.48 59.14 48.66 38.18 29.99 21.81 17.34
62.16 58.46 51.04 43.63 33.50 23.37 11.87 0.37 -11.00 -22.37 -32.06 -41.75 -48.38 -55.02 -57.80 -60.59 -59.66 -58.74 -55.24 -51.73 -47.30 -42.86 -38.92 -34.98 -32.11 -29.24 -26.96 -24.68 -21.82 -18.96 -14.35 -9.73 -2.95 3.84 12.13 20.43 28.74 37.04 43.73 50.41 54.54 58.66 60.35 62.04 62.31 62.57 62.71 62.85 63.98 65.11 67.86 70.62 75.04 79.46 84.96 90.46 95.85 101.23 104.88 108.52 108.73 108.95 104.63 100.31 91.63 82.95 71.63 60.30 49.05 37.79 29.26 20.73 16.42
57.54 52.55 44.07 35.58 24.74 13.90 2.13 -9.64 -20.84 -32.04 -41.23 -50.41 -56.37 -62.33 -64.44 -66.55 -65.10 -63.66 -59.87 -56.08 -51.63 -47.18 -43.47 -39.75 -37.30 -34.85 -33.09 -31.32 -28.97 -26.62 -22.42 -18.22 -11.72 -5.21 2.91 11.03 19.20 27.37 33.92 40.47 44.49 48.50 50.22 51.93 52.49 53.05 53.92 54.78 57.09 59.40 63.66 67.92 73.92 79.92 86.79 93.66 99.99 106.33 110.39 114.46 114.57 114.68 109.82 104.96 95.47 85.98 73.79 61.60 49.67 37.73 28.91 20.08 15.95
52.93 46.64 37.09 27.54 15.99 4.43 -7.61 -19.65 -30.69 -41.72 -50.40 -59.08 -64.36 -69.64 -71.07 -72.51 -70.54 -68.58 -64.51 -60.43 -55.96 -51.49 -48.01 -44.53 -42.49 -40.45 -39.21 -37.96 -36.12 -34.28 -30.49 -26.71 -20.48 -14.26 -6.32 1.63 9.66 17.69 24.11 30.53 34.44 38.35 40.08 41.82 42.68 43.54 45.12 46.71 50.20 53.69 59.46 65.23 72.80 80.38 88.62 96.85 104.14 111.42 115.91 120.40 120.41 120.41 115.01 109.61 99.31 89.01 75.95 62.90 50.28 37.67 28.55 19.43 15.47
43.41 35.70 25.14 14.58 2.54 -9.50 -21.44 -33.38 -43.75 -54.12 -61.73 -69.34 -73.37 -77.40 -77.64 -77.89 -74.97 -72.06 -67.40 -62.74 -58.09 -53.45 -50.18 -46.92 -45.43 -43.93 -43.43 -42.92 -41.87 -40.82 -37.73 -34.63 -28.94 -23.24 -15.66 -8.08 -0.31 7.46 13.69 19.92 23.72 27.53 29.32 31.12 32.35 33.57 35.95 38.33 43.07 47.80 55.13 62.45 71.64 80.83 90.47 100.11 108.37 116.64 121.60 126.56 126.54 126.51 120.65 114.80 103.78 92.75 78.88 65.02 51.72 38.43 28.93 19.43 15.47
33.89 24.76 13.19 1.62 -10.91 -23.43 -35.27 -47.10 -56.82 -66.53 -73.07 -79.61 -82.38 -85.16 -84.21 -83.26 -79.40 -75.53 -70.29 -65.05 -60.23 -55.40 -52.36 -49.31 -48.36 -47.41 -47.65 -47.89 -47.62 -47.35 -44.96 -42.56 -37.39 -32.22 -25.00 -17.79 -10.28 -2.76 3.27 9.31 13.01 16.71 18.56 20.42 22.02 23.61 26.78 29.96 35.93 41.91 50.79 59.68 70.48 81.29 92.32 103.36 112.61 121.86 127.29 132.73 132.67 132.60 126.30 119.99 108.24 96.49 81.81 67.14 53.16 39.19 29.31 19.43 15.48
20.29 9.80 -2.60 -15.00 -27.71 -40.42 -51.76 -63.10 -71.70 -80.30 -85.29 -90.28 -91.33 -92.39 -89.82 -87.24 -82.07 -76.90 -70.79 -64.69 -59.51 -54.34 -51.45 -48.56 -48.19 -47.82 -48.92 -50.01 -50.69 -51.37 -49.83 -48.28 -43.77 -39.25 -32.50 -25.74 -18.52 -11.31 -5.45 0.41 4.05 7.69 9.67 11.65 13.65 15.65 19.61 23.56 30.70 37.85 48.16 58.47 70.75 83.03 95.35 107.67 117.84 128.01 133.92 139.82 139.78 139.74 133.07 126.40 114.00 101.60 86.14 70.69 55.96 41.23 30.78 20.33 16.07
6.69 -5.17 -18.39 -31.62 -44.51 -57.40 -68.25 -79.10 -86.58 -94.07 -97.51 -100.95 -100.29 -99.62 -95.42 -91.22 -84.74 -78.26 -71.29 -64.33 -58.80 -53.28 -50.54 -47.80 -48.01 -48.22 -50.18 -52.14 -53.76 -55.39 -54.69 -54.00 -50.15 -46.29 -39.99 -33.69 -26.77 -19.85 -14.17 -8.49 -4.91 -1.33 0.78 2.88 5.28 7.69 12.43 17.17 25.47 33.78 45.52 57.25 71.01 84.76 98.37 111.98 123.08 134.17 140.55 146.92 146.90 146.88 139.84 132.80 119.76 106.71 90.47 74.23 58.76 43.28 32.26 21.24 16.66
-9.28 -22.29 -36.05 -49.81 -62.56 -75.32 -85.34 -95.37 -101.44 -107.50 -109.10 -110.71 -108.06 -105.42 -99.38 -93.34 -85.37 -77.40 -69.42 -61.43 -55.44 -49.44 -46.78 -44.13 -44.90 -45.67 -48.50 -51.33 -53.93 -56.52 -56.71 -56.90 -53.72 -50.54 -44.68 -38.83 -32.16 -25.50 -19.94 -14.37 -10.79 -7.20 -4.93 -2.66 0.14 2.94 8.36 13.78 23.05 32.32 45.22 58.11 73.07 88.03 102.70 117.38 129.26 141.14 147.97 154.79 154.85 154.92 147.63 140.34 126.77 113.19 96.24 79.29 63.02 46.75 34.96 23.18 17.95
-25.25 -39.41 -53.71 -68.00 -80.62 -93.23 -102.44 -111.65 -116.29 -120.93 -120.69 -120.46 -115.84 -111.22 -103.34 -95.46 -86.00 -76.53 -67.54 -58.54 -52.07 -45.61 -43.03 -40.46 -41.78 -43.11 -46.82 -50.53 -54.09 -57.66 -58.73 -59.80 -57.29 -54.78 -49.37 -43.96 -37.55 -31.15 -25.71 -20.26 -16.67 -13.08 -10.64 -8.21 -5.01 -1.81 4.29 10.39 20.62 30.86 44.92 58.97 75.13 91.29 107.03 122.77 135.45 148.12 155.39 162.65 162.80 162.95 155.42 147.88 133.78 119.68 102.01 84.34 67.28 50.22 37.67 25.11 19.23
-40.94 -55.89 -70.38 -84.87 -97.07 -109.28 -117.50 -125.73 -128.89 -132.05 -130.01 -127.97 -121.48 -114.98 -105.38 -95.79 -84.95 -74.10 -64.16 -54.23 -47.31 -40.39 -37.87 -35.35 -37.18 -39.01 -43.51 -48.00 -52.44 -56.89 -58.73 -60.57 -58.63 -56.70 -51.64 -46.58 -40.35 -34.11 -28.72 -23.33 -19.69 -16.06 -13.47 -10.87 -7.37 -3.86 2.73 9.32 20.23 31.13 46.00 60.87 77.88 94.90 111.43 127.97 141.28 154.59 162.28 169.97 170.32 170.67 163.08 155.49 141.09 126.69 108.50 90.31 72.55 54.78 41.40 28.02 21.24
-56.62 -72.36 -87.05 -101.73 -113.53 -125.33 -132.57 -139.80 -141.48 -143.16 -139.33 -135.49 -127.11 -118.74 -107.43 -96.12 -83.90 -71.67 -60.79 -49.91 -42.54 -35.17 -32.71 -30.25 -32.58 -34.91 -40.20 -45.48 -50.80 -56.11 -58.73 -61.34 -59.98 -58.61 -53.91 -49.20 -43.14 -37.08 -31.74 -26.40 -22.72 -19.03 -16.29 -13.54 -9.72 -5.91 1.17 8.25 19.83 31.41 47.08 62.76 80.63 98.50 115.83 133.16 147.11 161.06 169.18 177.30 177.84 178.38 170.74 163.10 148.40 133.70 114.99 96.28 77.81 59.35 45.13 30.92 23.26
-68.87 -84.92 -99.45 -113.98 -125.21 -136.44 -142.74 -149.05 -149.52 -149.99 -144.79 -139.60 -129.88 -120.16 -107.68 -95.20 -82.07 -68.93 -57.47 -46.00 -38.39 -30.78 -28.43 -26.08 -28.82 -31.57 -37.47 -43.36 -49.32 -55.28 -58.44 -61.60 -60.61 -59.62 -55.11 -50.61 -44.62 -38.64 -33.31 -27.97 -24.26 -20.55 -17.73 -14.92 -10.97 -7.02 0.29 7.59 19.49 31.38 47.47 63.56 81.92 100.28 118.11 135.95 150.39 164.83 173.39 181.96 182.87 183.79 176.40 169.02 154.40 139.79 120.94 102.09 83.23 64.36 49.48 34.60 26.04
