test/esri_led_60/synt_tma_0m_led_60.esri
nrows             510
ncols             462
xllcorner      398000.00
yllcorner     7846000.00
cellsize          500.00
NODATA_value    -9999
[rows 132 to 164 of 510, columns 150 to 224 of 462]
14.22 15.72 17.22 18.73 20.25 21.88 23.52 25.37 27.21 29.34 31.47 33.90 36.32 39.02 41.71 44.57 47.44 50.32 53.20 55.91 58.61 60.92 63.23 64.96 66.68 67.69 68.70 68.96 69.23 68.83 68.44 67.61 66.77 65.80 64.84 64.06 63.28 62.91 62.53 62.56 62.60 62.77 62.94 62.77 62.60 61.49 60.38 57.80 55.22 50.81 46.40 40.07 33.74 25.70 17.65 8.39 -0.86 -10.59 -20.32 -29.68 -39.03 -47.21 -55.39 -61.82 -68.25 -72.66 -77.08 -79.51 -81.95 -82.67 -83.38 -82.75 -82.11 -80.53 -78.94
13.67 15.11 16.56 18.04 19.52 21.13 22.74 24.58 26.42 28.53 30.65 33.05 35.46 38.11 40.76 43.57 46.38 49.21 52.04 54.72 57.40 59.73 62.07 63.90 65.73 66.94 68.16 68.72 69.28 69.25 69.23 68.81 68.38 67.79 67.21 66.73 66.24 66.02 65.79 65.79 65.79 65.74 65.70 65.15 64.60 63.01 61.41 58.31 55.21 50.32 45.43 38.74 32.05 23.83 15.61 6.39 -2.83 -12.32 -21.80 -30.73 -39.66 -47.28 -54.91 -60.71 -66.52 -70.31 -74.10 -75.95 -77.81 -78.04 -78.27 -77.26 -76.26 -74.42 -72.59
12.97 14.37 15.76 17.20 18.63 20.21 21.80 23.60 25.40 27.47 29.54 31.88 34.21 36.77 39.33 42.03 44.73 47.47 50.21 52.86 55.50 57.89 60.28 62.29 64.29 65.80 67.31 68.27 69.23 69.67 70.11 70.14 70.16 69.95 69.73 69.46 69.18 68.95 68.71 68.47 68.24 67.76 67.28 66.16 65.04 62.84 60.63 56.98 53.33 48.03 42.74 35.86 28.98 20.81 12.64 3.72 -5.21 -14.19 -23.17 -31.45 -39.74 -46.65 -53.56 -58.66 -63.77 -66.91 -70.06 -71.38 -72.70 -72.52 -72.34 -71.06 -69.78 -67.80 -65.81
12.28 13.62 14.96 16.35 17.75 19.30 20.85 22.62 24.39 26.41 28.44 30.70 32.97 35.43 37.89 40.49 43.09 45.74 48.39 50.99 53.60 56.05 58.49 60.67 62.85 64.65 66.46 67.82 69.18 70.09 70.99 71.47 71.95 72.10 72.26 72.19 72.12 71.87 71.63 71.16 70.69 69.77 68.85 67.16 65.47 62.66 59.85 55.65 51.44 45.75 40.05 32.98 25.90 17.79 9.68 1.05 -7.58 -16.06 -24.54 -32.18 -39.82 -46.02 -52.22 -56.61 -61.01 -63.51 -66.01 -66.80 -67.59 -67.00 -66.41 -64.86 -63.31 -61.17 -59.04
11.44 12.73 14.01 15.36 16.71 18.21 19.71 21.43 23.14 25.08 27.02 29.16 31.31 33.62 35.94 38.38 40.83 43.36 45.89 48.47 51.05 53.60 56.16 58.60 61.04 63.27 65.49 67.39 69.29 70.77 72.24 73.25 74.26 74.79 75.31 75.39 75.46 75.07 74.69 73.80 72.91 71.36 69.81 67.38 64.96 61.43 57.90 53.12 48.35 42.31 36.28 29.16 22.03 14.16 6.29 -1.84 -9.97 -17.76 -25.55 -32.40 -39.25 -44.65 -50.05 -53.71 -57.37 -59.26 -61.14 -61.45 -61.77 -60.86 -59.95 -58.21 -56.47 -54.27 -52.06
10.61 11.84 13.06 14.36 15.67 17.12 18.58 20.24 21.89 23.75 25.60 27.63 29.65 31.82 33.99 36.28 38.57 40.98 43.40 45.95 48.50 51.16 53.82 56.53 59.24 61.88 64.53 66.96 69.39 71.45 73.50 75.03 76.57 77.47 78.37 78.58 78.80 78.27 77.75 76.44 75.13 72.95 70.77 67.60 64.44 60.19 55.95 50.60 45.25 38.88 32.51 25.34 18.16 10.53 2.90 -4.73 -12.36 -19.46 -26.57 -32.62 -38.68 -43.28 -47.88 -50.81 -53.73 -55.00 -56.27 -56.11 -55.95 -54.72 -53.49 -51.56 -49.64 -47.37 -45.09
9.64 10.80 11.97 13.22 14.46 15.86 17.25 18.82 20.39 22.12 23.86 25.72 27.59 29.56 31.53 33.64 35.75 38.04 40.33 42.88 45.44 48.28 51.12 54.22 57.31 60.53 63.74 66.87 69.99 72.77 75.54 77.70 79.86 81.18 82.51 82.84 83.16 82.41 81.66 79.81 77.95 74.99 72.03 67.99 63.96 58.92 53.88 47.93 41.99 35.33 28.66 21.53 14.40 7.12 -0.15 -7.16 -14.18 -20.50 -26.82 -32.03 -37.24 -41.03 -44.82 -47.04 -49.26 -49.97 -50.69 -50.14 -49.59 -48.13 -46.66 -44.63 -42.61 -40.33 -38.04
8.67 9.77 10.88 12.07 13.26 14.59 15.92 17.41 18.89 20.50 22.12 23.82 25.52 27.30 29.08 31.00 32.92 35.09 37.26 39.82 42.37 45.40 48.42 51.90 55.38 59.17 62.96 66.77 70.59 74.09 77.58 80.37 83.16 84.90 86.64 87.09 87.53 86.55 85.58 83.17 80.76 77.02 73.28 68.38 63.48 57.64 51.80 45.27 38.73 31.77 24.82 17.72 10.63 3.71 -3.20 -9.60 -16.00 -21.54 -27.08 -31.44 -35.81 -38.78 -41.76 -43.27 -44.79 -44.95 -45.11 -44.18 -43.24 -41.54 -39.83 -37.70 -35.57 -33.28 -31.00
7.56 8.60 9.64 10.76 11.88 13.13 14.39 15.76 17.14 18.60 20.06 21.57 23.08 24.64 26.21 27.94 29.66 31.73 33.79 36.41 39.02 42.32 45.63 49.64 53.64 58.17 62.69 67.38 72.07 76.45 80.82 84.37 87.92 90.16 92.41 93.01 93.61 92.39 91.17 88.16 85.15 80.56 75.97 70.13 64.30 57.61 50.92 43.78 36.64 29.40 22.16 15.14 8.12 1.59 -4.94 -10.71 -16.47 -21.24 -26.01 -29.58 -33.14 -35.37 -37.61 -38.51 -39.41 -39.13 -38.84 -37.61 -36.39 -34.55 -32.70 -30.54 -28.38 -26.14 -23.91
6.46 7.43 8.40 9.45 10.51 11.68 12.85 14.12 15.39 16.70 18.01 19.32 20.63 21.98 23.34 24.87 26.40 28.36 30.32 32.99 35.66 39.25 42.84 47.37 51.90 57.16 62.42 67.99 73.55 78.81 84.07 88.38 92.68 95.43 98.18 98.93 99.68 98.22 96.75 93.14 89.53 84.09 78.65 71.88 65.11 57.58 50.04 42.29 34.55 27.03 19.51 12.56 5.61 -0.53 -6.67 -11.81 -16.95 -20.95 -24.95 -27.71 -30.47 -31.96 -33.46 -33.75 -34.04 -33.30 -32.56 -31.05 -29.54 -27.55 -25.57 -23.37 -21.18 -19.00 -16.81
5.22 6.11 7.00 7.98 8.96 10.04 11.11 12.25 13.39 14.53 15.67 16.78 17.89 19.02 20.15 21.51 22.86 24.76 26.66 29.47 32.27 36.25 40.22 45.42 50.61 56.77 62.94 69.54 76.14 82.45 88.75 93.97 99.18 102.55 105.92 106.91 107.90 106.26 104.62 100.44 96.27 90.00 83.74 76.04 68.35 59.98 51.62 43.26 34.91 27.10 19.30 12.39 5.48 -0.32 -6.13 -10.72 -15.32 -18.66 -22.00 -24.09 -26.19 -27.08 -27.98 -27.81 -27.64 -26.58 -25.53 -23.86 -22.18 -20.15 -18.11 -15.97 -13.82 -11.74 -9.66
3.98 4.80 5.61 6.51 7.41 8.39 9.37 10.39 11.40 12.37 13.34 14.24 15.14 16.06 16.97 18.15 19.33 21.16 23.00 25.94 28.88 33.24 37.61 43.47 49.33 56.39 63.45 71.09 78.73 86.08 93.44 99.56 105.67 109.67 113.67 114.90 116.13 114.30 112.48 107.74 103.01 95.92 88.82 80.21 71.59 62.39 53.19 44.23 35.27 27.18 19.09 12.22 5.36 -0.11 -5.58 -9.63 -13.68 -16.37 -19.05 -20.48 -21.90 -22.21 -22.51 -21.87 -21.23 -19.87 -18.50 -16.66 -14.82 -12.74 -10.66 -8.56 -6.45 -4.48 -2.51
2.62 3.35 4.07 4.88 5.69 6.57 7.44 8.32 9.19 9.99 10.79 11.49 12.19 12.90 13.62 14.65 15.69 17.52 19.35 22.49 25.64 30.49 35.34 41.96 48.59 56.67 64.74 73.54 82.34 90.87 99.39 106.53 113.68 118.42 123.16 124.76 126.36 124.48 122.61 117.44 112.27 104.48 96.68 87.25 77.83 67.87 57.91 48.40 38.88 30.49 22.11 15.23 8.35 3.11 -2.13 -5.79 -9.45 -11.66 -13.88 -14.84 -15.79 -15.70 -15.61 -14.69 -13.77 -12.25 -10.73 -8.85 -6.97 -4.94 -2.92 -0.93 1.05 2.86 4.68
1.26 1.90 2.54 3.26 3.98 4.74 5.51 6.25 6.99 7.61 8.24 8.74 9.23 9.75 10.26 11.15 12.05 13.87 15.69 19.05 22.40 27.73 33.06 40.46 47.85 56.95 66.04 76.00 85.96 95.65 105.34 113.51 121.68 127.17 132.66 134.62 136.59 134.66 132.73 127.13 121.53 113.03 104.54 94.30 84.06 73.35 62.64 52.56 42.49 33.81 25.13 18.24 11.35 6.33 1.31 -1.95 -5.22 -6.96 -8.70 -9.19 -9.68 -9.20 -8.71 -7.51 -6.30 -4.63 -2.96 -1.04 0.88 2.85 4.82 6.69 8.55 10.21 11.86
-0.21 0.34 0.88 1.50 2.11 2.77 3.42 4.02 4.62 5.08 5.54 5.86 6.17 6.52 6.86 7.65 8.45 10.31 12.17 15.78 19.39 25.24 31.09 39.29 47.49 57.62 67.75 78.89 90.04 100.92 111.81 121.06 130.30 136.62 142.93 145.38 147.83 146.02 144.20 138.36 132.53 123.54 114.55 103.71 92.86 81.57 70.28 59.75 49.22 40.28 31.35 24.40 17.45 12.55 7.64 4.59 1.55 0.06 -1.42 -1.66 -1.91 -1.24 -0.58 0.72 2.01 3.68 5.36 7.19 9.03 10.85 12.68 14.36 16.04 17.48 18.93
-1.67 -1.23 -0.78 -0.27 0.25 0.79 1.33 1.80 2.26 2.55 2.85 2.98 3.11 3.28 3.46 4.15 4.84 6.75 8.65 12.51 16.37 22.75 29.12 38.13 47.13 58.30 69.47 81.79 94.11 106.20 118.29 128.60 138.92 146.06 153.20 156.14 159.08 157.37 155.66 149.59 143.52 134.05 124.57 113.12 101.67 89.79 77.91 66.93 55.95 46.76 37.56 30.56 23.56 18.76 13.97 11.14 8.31 7.09 5.87 5.86 5.86 6.71 7.56 8.94 10.33 12.00 13.67 15.42 17.18 18.85 20.53 22.03 23.52 24.76 26.00
-3.21 -2.88 -2.54 -2.12 -1.71 -1.29 -0.86 -0.53 -0.20 -0.06 0.09 0.06 0.04 0.08 0.12 0.75 1.37 3.34 5.30 9.41 13.53 20.39 27.25 36.98 46.70 58.80 70.91 84.29 97.67 110.84 124.01 135.33 146.64 154.59 162.55 166.04 169.53 168.08 166.64 160.56 154.48 144.80 135.11 123.34 111.57 99.37 87.17 75.93 64.69 55.34 46.00 38.95 31.90 27.14 22.38 19.64 16.89 15.75 14.61 14.65 14.69 15.53 16.37 17.68 19.00 20.53 22.07 23.65 25.22 26.68 28.15 29.41 30.67 31.67 32.67
-4.76 -4.52 -4.29 -3.98 -3.68 -3.37 -3.06 -2.86 -2.66 -2.66 -2.67 -2.85 -3.03 -3.12 -3.22 -2.66 -2.10 -0.07 1.95 6.32 10.68 18.02 25.37 35.82 46.28 59.31 72.34 86.79 101.23 115.49 129.74 142.05 154.36 163.13 171.89 175.93 179.98 178.80 177.62 171.53 165.45 155.55 145.65 133.57 121.48 108.95 96.42 84.92 73.43 63.93 54.43 47.34 40.25 35.53 30.80 28.14 25.47 24.40 23.34 23.43 23.52 24.35 25.18 26.42 27.67 29.07 30.48 31.87 33.26 34.51 35.76 36.79 37.82 38.58 39.34
-6.34 -6.21 -6.09 -5.89 -5.69 -5.50 -5.30 -5.22 -5.14 -5.27 -5.40 -5.71 -6.01 -6.21 -6.40 -5.89 -5.38 -3.30 -1.23 3.32 7.87 15.57 23.27 34.25 45.24 58.95 72.66 87.88 103.09 118.15 133.21 146.29 159.37 168.81 178.24 182.81 187.38 186.57 185.75 179.88 174.01 164.21 154.41 142.36 130.30 117.78 105.25 93.77 82.29 72.83 63.37 56.33 49.29 44.61 39.93 37.28 34.62 33.53 32.44 32.44 32.44 33.14 33.83 34.89 35.95 37.14 38.33 39.48 40.64 41.64 42.64 43.42 44.20 44.71 45.22
-7.91 -7.90 -7.89 -7.80 -7.71 -7.63 -7.54 -7.58 -7.62 -7.88 -8.14 -8.57 -9.00 -9.29 -9.59 -9.12 -8.66 -6.53 -4.41 0.33 5.07 13.12 21.17 32.68 44.20 58.58 72.97 88.96 104.96 120.82 136.69 150.54 164.38 174.48 184.59 189.68 194.78 194.34 193.89 188.23 182.58 172.88 163.17 151.15 139.12 126.60 114.08 102.62 91.15 81.73 72.31 65.32 58.33 53.69 49.06 46.42 43.78 42.65 41.53 41.45 41.36 41.92 42.47 43.35 44.23 45.21 46.18 47.10 48.02 48.77 49.53 50.06 50.58 50.85 51.11
-9.48 -9.58 -9.69 -9.71 -9.73 -9.75 -9.77 -9.91 -10.06 -10.41 -10.77 -11.29 -11.81 -12.18 -12.54 -12.12 -11.69 -9.56 -7.43 -2.62 2.20 10.40 18.60 30.35 42.09 56.77 71.46 87.80 104.14 120.39 136.64 150.88 165.12 175.61 186.11 191.60 197.09 197.04 196.98 191.72 186.46 177.15 167.84 156.20 144.56 132.42 120.28 109.16 98.05 88.92 79.79 73.03 66.26 61.76 57.26 54.66 52.06 50.88 49.70 49.48 49.27 49.63 50.00 50.66 51.31 52.05 52.79 53.46 54.14 54.65 55.17 55.46 55.76 55.79 55.83
-11.05 -11.27 -11.48 -11.61 -11.74 -11.87 -12.00 -12.24 -12.49 -12.95 -13.40 -14.01 -14.62 -15.06 -15.50 -15.12 -14.73 -12.59 -10.45 -5.56 -0.68 7.68 16.04 28.01 39.98 54.96 69.94 86.64 103.33 119.96 136.58 151.22 165.85 176.74 187.64 193.52 199.41 199.74 200.08 195.21 190.33 181.42 172.50 161.25 150.00 138.24 126.48 115.71 104.94 96.11 87.28 80.74 74.20 69.83 65.47 62.90 60.33 59.10 57.86 57.52 57.17 57.35 57.53 57.96 58.40 58.90 59.39 59.83 60.26 60.53 60.81 60.87 60.93 60.74 60.55
-12.57 -12.90 -13.23 -13.46 -13.70 -13.93 -14.15 -14.48 -14.81 -15.34 -15.87 -16.53 -17.19 -17.68 -18.16 -17.81 -17.46 -15.36 -13.26 -8.43 -3.60 4.67 12.94 24.80 36.65 51.49 66.33 82.87 99.41 115.91 132.40 146.96 161.52 172.43 183.35 189.40 195.45 196.11 196.77 192.39 188.01 179.72 171.43 160.90 150.36 139.33 128.30 118.21 108.13 99.88 91.63 85.54 79.44 75.36 71.29 68.86 66.42 65.19 63.95 63.51 63.06 63.08 63.10 63.34 63.58 63.87 64.17 64.40 64.63 64.72 64.80 64.68 64.56 64.19 63.82
-14.09 -14.53 -14.97 -15.32 -15.66 -15.98 -16.30 -16.72 -17.14 -17.73 -18.33 -19.05 -19.76 -20.29 -20.81 -20.50 -20.19 -18.13 -16.07 -11.30 -6.53 1.66 9.85 21.59 33.33 48.02 62.72 79.11 95.50 111.86 128.22 142.70 157.18 168.12 179.07 185.28 191.49 192.48 193.47 189.58 185.69 178.03 170.36 160.54 150.72 140.42 130.12 120.72 111.32 103.65 95.99 90.33 84.68 80.89 77.11 74.81 72.51 71.28 70.05 69.50 68.96 68.81 68.67 68.71 68.76 68.85 68.95 68.98 69.01 68.90 68.79 68.49 68.18 67.64 67.09
-15.51 -16.07 -16.63 -17.07 -17.52 -17.93 -18.34 -18.82 -19.30 -19.94 -20.57 -21.30 -22.04 -22.57 -23.10 -22.81 -22.52 -20.54 -18.55 -13.95 -9.35 -1.46 6.43 17.73 29.03 43.17 57.30 73.05 88.79 104.50 120.21 134.13 148.04 158.60 169.15 175.23 181.31 182.48 183.65 180.25 176.86 169.96 163.06 154.18 145.30 136.00 126.71 118.27 109.83 103.01 96.19 91.20 86.21 82.89 79.56 77.54 75.52 74.40 73.28 72.73 72.18 71.96 71.74 71.67 71.61 71.58 71.55 71.46 71.37 71.16 70.94 70.52 70.11 69.46 68.81
-16.94 -17.61 -18.28 -18.83 -19.38 -19.88 -20.38 -20.92 -21.47 -22.14 -22.81 -23.56 -24.31 -24.85 -25.38 -25.12 -24.85 -22.94 -21.04 -16.61 -12.18 -4.58 3.01 13.87 24.74 38.31 51.88 66.98 82.09 97.15 112.21 125.56 138.91 149.07 159.23 165.18 171.13 172.48 173.83 170.93 168.03 161.90 155.76 147.82 139.88 131.59 123.30 115.82 108.35 102.37 96.38 92.06 87.73 84.88 82.02 80.28 78.53 77.52 76.52 75.96 75.41 75.11 74.81 74.63 74.45 74.30 74.15 73.94 73.74 73.41 73.08 72.56 72.04 71.28 70.53
-18.25 -19.03 -19.81 -20.47 -21.12 -21.69 -22.27 -22.86 -23.45 -24.12 -24.80 -25.52 -26.24 -26.74 -27.23 -26.95 -26.68 -24.85 -23.02 -18.82 -14.62 -7.47 -0.31 9.87 20.06 32.75 45.43 59.50 73.56 87.54 101.51 113.86 126.21 135.60 144.98 150.49 155.99 157.32 158.64 156.14 153.65 148.29 142.93 136.02 129.11 121.98 114.84 108.51 102.17 97.21 92.25 88.75 85.26 83.03 80.79 79.46 78.13 77.37 76.61 76.18 75.74 75.48 75.22 75.04 74.86 74.70 74.53 74.31 74.09 73.75 73.40 72.87 72.33 71.56 70.79
-19.56 -20.46 -21.35 -22.10 -22.85 -23.50 -24.15 -24.79 -25.42 -26.10 -26.79 -27.48 -28.17 -28.63 -29.08 -28.79 -28.50 -26.75 -25.00 -21.03 -17.06 -10.35 -3.64 5.88 15.39 27.19 38.98 52.01 65.03 77.93 90.82 102.17 113.52 122.12 130.72 135.79 140.85 142.15 143.45 141.35 139.26 134.68 130.10 124.23 118.35 112.37 106.39 101.19 96.00 92.05 88.11 85.45 82.79 81.18 79.57 78.65 77.74 77.23 76.71 76.39 76.08 75.86 75.63 75.46 75.28 75.10 74.92 74.68 74.45 74.09 73.73 73.18 72.63 71.84 71.05
-20.75 -21.75 -22.75 -23.60 -24.44 -25.16 -25.88 -26.54 -27.19 -27.85 -28.50 -29.12 -29.74 -30.09 -30.45 -30.09 -29.73 -28.01 -26.30 -22.55 -18.81 -12.59 -6.36 2.37 11.09 21.82 32.54 44.28 56.02 67.54 79.06 89.09 99.13 106.64 114.15 118.49 122.83 123.87 124.91 123.06 121.20 117.30 113.40 108.52 103.64 98.82 93.99 89.98 85.96 83.10 80.24 78.50 76.76 75.87 74.98 74.59 74.20 74.05 73.89 73.82 73.74 73.67 73.61 73.55 73.49 73.41 73.32 73.18 73.03 72.76 72.48 72.01 71.54 70.82 70.10
-21.94 -23.05 -24.15 -25.09 -26.03 -26.82 -27.60 -28.28 -28.97 -29.59 -30.22 -30.76 -31.30 -31.56 -31.82 -31.39 -30.96 -29.28 -27.60 -24.08 -20.56 -14.82 -9.09 -1.15 6.79 16.45 26.10 36.56 47.01 57.16 67.30 76.02 84.74 91.15 97.57 101.19 104.80 105.59 106.38 104.76 103.15 99.92 96.69 92.81 88.92 85.26 81.60 78.76 75.93 74.15 72.38 71.56 70.74 70.56 70.39 70.53 70.67 70.87 71.08 71.24 71.40 71.49 71.59 71.65 71.70 71.72 71.73 71.68 71.62 71.43 71.24 70.85 70.45 69.80 69.15
-23.01 -24.22 -25.42 -26.44 -27.47 -28.31 -29.15 -29.84 -30.53 -31.10 -31.67 -32.09 -32.50 -32.60 -32.70 -32.13 -31.56 -29.83 -28.11 -24.74 -21.38 -16.08 -10.79 -3.62 3.55 12.10 20.65 29.75 38.85 47.50 56.15 63.39 70.63 75.76 80.90 83.59 86.27 86.60 86.92 85.35 83.77 81.05 78.32 75.27 72.23 69.60 66.98 65.24 63.50 62.75 62.01 62.09 62.17 62.74 63.30 64.01 64.72 65.36 66.00 66.48 66.97 67.32 67.67 67.94 68.21 68.41 68.62 68.75 68.87 68.85 68.83 68.60 68.36 67.85 67.35
-24.08 -25.38 -26.69 -27.80 -28.91 -29.80 -30.70 -31.39 -32.09 -32.60 -33.11 -33.41 -33.71 -33.64 -33.58 -32.87 -32.15 -30.38 -28.61 -25.41 -22.20 -17.34 -12.48 -6.09 0.30 7.76 15.21 22.95 30.69 37.84 44.99 50.76 56.52 60.37 64.23 65.99 67.75 67.61 67.47 65.93 64.40 62.17 59.94 57.74 55.53 53.95 52.36 51.71 51.06 51.35 51.65 52.63 53.61 54.91 56.21 57.49 58.78 59.85 60.91 61.72 62.53 63.14 63.75 64.23 64.71 65.11 65.51 65.82 66.12 66.27 66.42 66.35 66.27 65.91 65.54
-25.04 -26.43 -27.82 -29.01 -30.19 -31.13 -32.06 -32.75 -33.43 -33.86 -34.29 -34.43 -34.57 -34.29 -34.01 -33.08 -32.15 -30.25 -28.34 -25.18 -22.02 -17.49 -12.96 -7.22 -1.48 4.98 11.45 17.91 24.38 30.09 35.79 40.09 44.39 46.91 49.44 50.17 50.91 50.16 49.42 47.74 46.06 44.12 42.17 40.59 39.00 38.24 37.48 37.73 37.99 39.16 40.33 42.10 43.87 45.84 47.80 49.63 51.46 52.97 54.48 55.65 56.82 57.73 58.65 59.40 60.16 60.81 61.47 62.01 62.56 62.94 63.32 63.45 63.59 63.43 63.27
