test/esri_led_60/synt_tma_1200m_led_60.esri
nrows             510
ncols             462
xllcorner      398000.00
yllcorner     7846000.00
cellsize          500.00
NODATA_value    -9999
[rows 330 to 362 of 510, columns 74 to 147 of 462]
-4.29 -2.12 0.05 2.35 4.65 6.98 9.30 11.53 13.76 15.79 17.83 19.57 21.32 22.75 24.17 25.26 26.35 27.11 27.87 28.30 28.73 28.84 28.95 28.74 28.53 28.00 27.46 26.61 25.76 24.62 23.48 22.09 20.70 19.14 17.58 15.94 14.30 12.71 11.11 9.68 8.25 7.11 5.96 5.18 4.40 4.02 3.64 3.65 3.67 4.05 4.42 5.11 5.79 6.72 7.64 8.74 9.84 11.05 12.26 13.50 14.75 15.98 17.20 18.34 19.49 20.49 21.49 22.30 23.11 23.69 24.27 24.58 24.90 24.92
-3.49 -1.39 0.70 2.89 5.08 7.27 9.46 11.54 13.63 15.53 17.42 19.05 20.69 22.01 23.34 24.35 25.36 26.05 26.75 27.13 27.52 27.60 27.68 27.45 27.23 26.71 26.19 25.38 24.58 23.53 22.47 21.22 19.97 18.59 17.20 15.78 14.36 13.01 11.66 10.49 9.32 8.43 7.54 7.00 6.46 6.29 6.13 6.34 6.54 7.09 7.63 8.45 9.27 10.31 11.36 12.55 13.74 15.01 16.29 17.57 18.86 20.10 21.33 22.45 23.57 24.52 25.47 26.19 26.91 27.38 27.84 28.02 28.20 28.08
-2.45 -0.44 1.57 3.63 5.70 7.74 9.79 11.72 13.66 15.41 17.16 18.66 20.17 21.39 22.62 23.55 24.48 25.11 25.74 26.07 26.41 26.45 26.49 26.24 26.00 25.48 24.96 24.19 23.42 22.45 21.47 20.34 19.20 17.99 16.77 15.56 14.34 13.23 12.11 11.19 10.27 9.63 8.99 8.68 8.38 8.42 8.47 8.86 9.25 9.95 10.65 11.60 12.56 13.70 14.85 16.13 17.40 18.73 20.06 21.38 22.69 23.93 25.17 26.26 27.35 28.24 29.13 29.77 30.40 30.76 31.12 31.18 31.25 31.01
-1.42 0.51 2.44 4.38 6.33 8.22 10.12 11.90 13.68 15.29 16.89 18.27 19.65 20.77 21.90 22.75 23.60 24.17 24.73 25.02 25.30 25.30 25.30 25.04 24.77 24.25 23.74 23.00 22.27 21.37 20.46 19.45 18.44 17.39 16.34 15.33 14.32 13.44 12.56 11.90 11.23 10.83 10.44 10.37 10.30 10.55 10.81 11.39 11.96 12.82 13.67 14.76 15.84 17.10 18.35 19.70 21.06 22.44 23.83 25.18 26.52 27.76 29.00 30.06 31.13 31.96 32.79 33.34 33.90 34.15 34.40 34.35 34.30 33.95
-0.23 1.62 3.47 5.29 7.11 8.86 10.60 12.22 13.84 15.30 16.75 18.01 19.26 20.28 21.31 22.08 22.85 23.35 23.86 24.09 24.32 24.28 24.24 23.94 23.65 23.12 22.60 21.89 21.18 20.34 19.49 18.58 17.68 16.77 15.87 15.06 14.24 13.58 12.92 12.48 12.04 11.88 11.72 11.86 12.00 12.45 12.90 13.64 14.39 15.38 16.38 17.57 18.77 20.12 21.46 22.88 24.30 25.73 27.17 28.53 29.90 31.13 32.37 33.40 34.43 35.21 35.99 36.48 36.96 37.13 37.30 37.16 37.01 36.57
0.96 2.73 4.50 6.20 7.89 9.49 11.08 12.54 14.01 15.31 16.62 17.74 18.87 19.79 20.71 21.41 22.10 22.54 22.98 23.16 23.34 23.26 23.18 22.85 22.53 22.00 21.46 20.78 20.09 19.31 18.52 17.72 16.91 16.16 15.41 14.78 14.15 13.71 13.27 13.07 12.86 12.93 12.99 13.35 13.71 14.35 14.99 15.90 16.81 17.94 19.08 20.39 21.70 23.14 24.57 26.06 27.55 29.02 30.50 31.89 33.27 34.50 35.73 36.74 37.74 38.47 39.20 39.61 40.02 40.11 40.19 39.96 39.73 39.20
2.23 3.92 5.62 7.20 8.78 10.23 11.67 12.98 14.28 15.44 16.59 17.59 18.59 19.42 20.24 20.86 21.47 21.85 22.23 22.36 22.49 22.36 22.23 21.87 21.52 20.97 20.43 19.75 19.07 18.34 17.61 16.89 16.17 15.55 14.93 14.47 14.01 13.76 13.51 13.51 13.51 13.77 14.04 14.58 15.12 15.93 16.74 17.78 18.83 20.08 21.32 22.73 24.13 25.63 27.14 28.67 30.21 31.72 33.22 34.62 36.02 37.24 38.47 39.45 40.43 41.13 41.82 42.18 42.54 42.58 42.61 42.31 42.02 41.44
3.49 5.11 6.74 8.21 9.67 10.97 12.27 13.41 14.55 15.56 16.57 17.44 18.32 19.04 19.77 20.31 20.85 21.16 21.48 21.56 21.63 21.46 21.29 20.90 20.51 19.95 19.39 18.72 18.06 17.37 16.69 16.06 15.43 14.94 14.45 14.15 13.86 13.80 13.74 13.95 14.15 14.62 15.09 15.81 16.54 17.51 18.48 19.66 20.85 22.21 23.57 25.06 26.55 28.13 29.70 31.29 32.88 34.41 35.95 37.36 38.77 39.99 41.20 42.17 43.13 43.78 44.43 44.75 45.07 45.04 45.02 44.67 44.32 43.68
4.73 6.31 7.88 9.24 10.60 11.76 12.91 13.90 14.90 15.76 16.62 17.37 18.12 18.75 19.37 19.84 20.30 20.56 20.82 20.84 20.86 20.64 20.42 20.00 19.57 18.99 18.41 17.75 17.10 16.45 15.80 15.24 14.69 14.30 13.92 13.77 13.61 13.72 13.82 14.20 14.57 15.20 15.84 16.71 17.59 18.68 19.78 21.07 22.35 23.79 25.24 26.79 28.35 29.97 31.59 33.21 34.83 36.38 37.94 39.36 40.78 41.99 43.21 44.16 45.11 45.75 46.38 46.68 46.97 46.92 46.87 46.50 46.13 45.47
5.98 7.50 9.02 10.27 11.52 12.54 13.56 14.40 15.24 15.95 16.67 17.30 17.93 18.45 18.98 19.37 19.76 19.95 20.15 20.12 20.09 19.82 19.56 19.10 18.64 18.04 17.44 16.79 16.13 15.52 14.91 14.42 13.94 13.67 13.40 13.38 13.37 13.64 13.90 14.45 14.99 15.79 16.59 17.61 18.63 19.86 21.08 22.47 23.86 25.38 26.91 28.53 30.14 31.81 33.47 35.13 36.78 38.36 39.93 41.36 42.79 44.00 45.21 46.15 47.09 47.71 48.33 48.61 48.88 48.81 48.73 48.34 47.94 47.26
7.14 8.61 10.09 11.25 12.42 13.31 14.20 14.89 15.59 16.16 16.74 17.25 17.76 18.19 18.62 18.93 19.24 19.37 19.50 19.41 19.33 19.01 18.70 18.20 17.70 17.08 16.45 15.80 15.15 14.56 13.98 13.55 13.13 12.95 12.76 12.86 12.96 13.36 13.76 14.44 15.11 16.04 16.96 18.09 19.23 20.54 21.85 23.31 24.77 26.34 27.92 29.57 31.23 32.92 34.61 36.29 37.96 39.55 41.14 42.57 44.01 45.23 46.45 47.39 48.34 48.96 49.58 49.86 50.14 50.07 50.00 49.61 49.22 48.54
8.29 9.73 11.16 12.24 13.31 14.07 14.83 15.38 15.93 16.37 16.81 17.20 17.59 17.92 18.25 18.49 18.72 18.79 18.86 18.71 18.57 18.20 17.84 17.30 16.76 16.12 15.47 14.82 14.16 13.61 13.05 12.68 12.32 12.22 12.13 12.34 12.56 13.09 13.61 14.42 15.23 16.28 17.33 18.57 19.82 21.22 22.62 24.15 25.68 27.30 28.93 30.62 32.32 34.03 35.75 37.44 39.14 40.74 42.34 43.79 45.23 46.46 47.68 48.63 49.58 50.21 50.84 51.12 51.40 51.33 51.27 50.89 50.50 49.82
9.28 10.69 12.10 13.09 14.08 14.73 15.38 15.80 16.22 16.53 16.84 17.11 17.38 17.61 17.85 18.00 18.15 18.15 18.15 17.94 17.73 17.32 16.90 16.32 15.73 15.06 14.39 13.73 13.07 12.53 12.00 11.68 11.36 11.33 11.31 11.61 11.91 12.54 13.16 14.07 14.98 16.12 17.25 18.57 19.89 21.34 22.80 24.37 25.93 27.59 29.24 30.96 32.67 34.40 36.13 37.84 39.54 41.16 42.77 44.23 45.69 46.93 48.17 49.14 50.11 50.76 51.41 51.72 52.02 51.98 51.94 51.58 51.22 50.56
10.27 11.65 13.03 13.94 14.86 15.39 15.93 16.22 16.51 16.69 16.86 17.02 17.17 17.31 17.45 17.51 17.58 17.51 17.44 17.17 16.90 16.43 15.96 15.33 14.71 14.01 13.31 12.64 11.98 11.46 10.94 10.67 10.40 10.44 10.49 10.88 11.27 11.99 12.71 13.72 14.73 15.95 17.18 18.56 19.95 21.46 22.98 24.58 26.19 27.87 29.56 31.29 33.02 34.77 36.51 38.23 39.95 41.57 43.20 44.67 46.15 47.41 48.67 49.65 50.64 51.31 51.98 52.31 52.64 52.63 52.62 52.28 51.94 51.30
11.04 12.39 13.74 14.59 15.44 15.88 16.31 16.49 16.66 16.72 16.78 16.82 16.86 16.90 16.94 16.92 16.90 16.75 16.60 16.26 15.92 15.39 14.85 14.18 13.50 12.77 12.05 11.37 10.70 10.19 9.69 9.45 9.21 9.31 9.40 9.86 10.31 11.10 11.89 12.96 14.03 15.31 16.59 18.02 19.46 21.00 22.54 24.16 25.79 27.49 29.18 30.92 32.66 34.42 36.18 37.91 39.64 41.28 42.93 44.42 45.92 47.20 48.49 49.51 50.52 51.23 51.93 52.30 52.67 52.69 52.71 52.40 52.09 51.47
11.81 13.13 14.45 15.24 16.02 16.36 16.70 16.75 16.81 16.76 16.70 16.63 16.56 16.50 16.43 16.33 16.22 15.99 15.76 15.35 14.94 14.34 13.75 13.03 12.30 11.54 10.78 10.10 9.42 8.92 8.43 8.23 8.02 8.17 8.32 8.84 9.36 10.22 11.07 12.21 13.34 14.68 16.01 17.48 18.96 20.53 22.10 23.74 25.39 27.10 28.80 30.56 32.31 34.08 35.85 37.59 39.33 40.99 42.65 44.17 45.69 47.00 48.31 49.36 50.41 51.14 51.88 52.29 52.69 52.74 52.80 52.51 52.23 51.63
12.30 13.59 14.88 15.61 16.33 16.59 16.84 16.81 16.77 16.61 16.44 16.27 16.10 15.94 15.78 15.58 15.38 15.06 14.75 14.26 13.77 13.11 12.44 11.67 10.89 10.09 9.30 8.60 7.91 7.42 6.94 6.76 6.57 6.76 6.94 7.50 8.06 8.96 9.86 11.03 12.19 13.56 14.92 16.41 17.90 19.49 21.07 22.72 24.37 26.09 27.80 29.57 31.33 33.11 34.89 36.65 38.41 40.10 41.78 43.33 44.87 46.21 47.56 48.64 49.72 50.50 51.27 51.71 52.14 52.23 52.31 52.05 51.79 51.20
12.79 14.05 15.31 15.98 16.64 16.82 16.99 16.86 16.72 16.46 16.19 15.92 15.64 15.39 15.13 14.83 14.54 14.14 13.73 13.17 12.60 11.87 11.14 10.31 9.48 8.65 7.82 7.11 6.40 5.92 5.44 5.28 5.13 5.34 5.56 6.16 6.76 7.70 8.64 9.84 11.05 12.44 13.83 15.34 16.85 18.44 20.04 21.70 23.36 25.08 26.80 28.58 30.35 32.14 33.94 35.72 37.50 39.20 40.91 42.48 44.06 45.43 46.80 47.92 49.04 49.85 50.66 51.13 51.60 51.72 51.83 51.59 51.36 50.78
12.96 14.19 15.41 16.02 16.63 16.74 16.85 16.64 16.43 16.08 15.73 15.37 15.01 14.66 14.31 13.93 13.54 13.05 12.56 11.90 11.25 10.45 9.64 8.76 7.87 7.00 6.13 5.40 4.67 4.19 3.71 3.57 3.42 3.66 3.90 4.52 5.13 6.09 7.04 8.26 9.48 10.87 12.27 13.79 15.30 16.90 18.50 20.16 21.83 23.56 25.30 27.08 28.87 30.69 32.51 34.31 36.11 37.85 39.58 41.18 42.78 44.18 45.59 46.73 47.87 48.71 49.54 50.03 50.53 50.66 50.79 50.56 50.33 49.75
13.14 14.32 15.51 16.06 16.62 16.66 16.71 16.42 16.13 15.70 15.27 14.82 14.37 13.93 13.49 13.02 12.54 11.96 11.38 10.64 9.91 9.03 8.15 7.20 6.26 5.35 4.44 3.69 2.95 2.47 1.99 1.86 1.72 1.98 2.23 2.87 3.51 4.48 5.45 6.68 7.91 9.31 10.72 12.23 13.75 15.35 16.95 18.63 20.30 22.04 23.79 25.59 27.39 29.23 31.07 32.90 34.73 36.49 38.25 39.88 41.51 42.94 44.37 45.54 46.71 47.57 48.43 48.94 49.45 49.60 49.75 49.53 49.30 48.71
12.99 14.12 15.24 15.75 16.26 16.25 16.24 15.90 15.57 15.08 14.59 14.07 13.56 13.04 12.53 11.97 11.41 10.74 10.08 9.26 8.44 7.49 6.54 5.53 4.52 3.57 2.62 1.85 1.07 0.59 0.10 -0.04 -0.17 0.09 0.34 0.98 1.62 2.59 3.55 4.77 5.99 7.39 8.79 10.30 11.82 13.42 15.02 16.71 18.39 20.15 21.91 23.74 25.57 27.44 29.31 31.16 33.02 34.81 36.59 38.24 39.89 41.33 42.77 43.95 45.13 45.99 46.86 47.37 47.88 48.02 48.16 47.92 47.68 47.07
12.84 13.91 14.98 15.44 15.89 15.83 15.78 15.39 15.00 14.45 13.91 13.33 12.74 12.15 11.56 10.92 10.28 9.53 8.78 7.87 6.97 5.95 4.92 3.85 2.78 1.79 0.80 -0.00 -0.80 -1.30 -1.80 -1.93 -2.06 -1.80 -1.55 -0.91 -0.27 0.69 1.65 2.87 4.08 5.47 6.86 8.37 9.88 11.49 13.09 14.79 16.48 18.26 20.04 21.90 23.75 25.65 27.54 29.43 31.31 33.12 34.93 36.60 38.27 39.73 41.18 42.37 43.56 44.42 45.29 45.80 46.30 46.44 46.57 46.32 46.07 45.43
12.36 13.36 14.36 14.77 15.18 15.09 15.01 14.59 14.18 13.60 13.03 12.41 11.79 11.14 10.50 9.79 9.08 8.26 7.43 6.45 5.47 4.37 3.27 2.14 1.01 -0.03 -1.07 -1.90 -2.73 -3.24 -3.76 -3.91 -4.06 -3.82 -3.57 -2.96 -2.34 -1.40 -0.46 0.73 1.92 3.30 4.67 6.18 7.68 9.30 10.91 12.62 14.33 16.14 17.95 19.83 21.72 23.65 25.58 27.49 29.40 31.23 33.06 34.73 36.40 37.84 39.29 40.46 41.62 42.46 43.30 43.77 44.25 44.35 44.45 44.16 43.87 43.21
11.88 12.81 13.75 14.11 14.47 14.35 14.23 13.79 13.35 12.75 12.15 11.49 10.83 10.13 9.43 8.66 7.89 6.98 6.08 5.02 3.97 2.80 1.63 0.43 -0.76 -1.84 -2.93 -3.79 -4.65 -5.19 -5.73 -5.89 -6.06 -5.83 -5.60 -5.00 -4.40 -3.49 -2.57 -1.40 -0.23 1.13 2.49 3.99 5.49 7.10 8.72 10.45 12.18 14.02 15.85 17.77 19.69 21.66 23.62 25.56 27.50 29.34 31.18 32.85 34.53 35.96 37.40 38.54 39.69 40.50 41.31 41.75 42.19 42.26 42.32 42.00 41.68 40.98
11.12 11.98 12.84 13.16 13.48 13.35 13.21 12.78 12.34 11.74 11.14 10.47 9.80 9.07 8.34 7.52 6.70 5.74 4.77 3.65 2.52 1.29 0.05 -1.21 -2.46 -3.60 -4.73 -5.63 -6.53 -7.11 -7.68 -7.87 -8.06 -7.87 -7.67 -7.11 -6.55 -5.67 -4.79 -3.65 -2.51 -1.18 0.16 1.65 3.14 4.77 6.40 8.15 9.91 11.78 13.65 15.60 17.56 19.55 21.55 23.50 25.46 27.30 29.14 30.79 32.44 33.84 35.23 36.33 37.42 38.17 38.92 39.30 39.69 39.69 39.70 39.33 38.96 38.21
10.36 11.14 11.93 12.20 12.48 12.34 12.20 11.76 11.33 10.73 10.13 9.45 8.76 8.01 7.25 6.38 5.52 4.49 3.46 2.27 1.08 -0.23 -1.53 -2.85 -4.16 -5.35 -6.54 -7.48 -8.42 -9.02 -9.62 -9.85 -10.07 -9.91 -9.74 -9.22 -8.69 -7.85 -7.00 -5.90 -4.80 -3.48 -2.17 -0.68 0.80 2.44 4.08 5.86 7.64 9.54 11.44 13.43 15.43 17.45 19.47 21.45 23.42 25.26 27.10 28.73 30.36 31.71 33.07 34.11 35.15 35.84 36.53 36.85 37.18 37.13 37.08 36.66 36.24 35.45
9.40 10.11 10.82 11.07 11.32 11.18 11.05 10.64 10.23 9.66 9.09 8.42 7.75 6.99 6.22 5.33 4.43 3.36 2.28 1.03 -0.22 -1.59 -2.96 -4.33 -5.70 -6.95 -8.19 -9.18 -10.17 -10.81 -11.46 -11.73 -12.00 -11.88 -11.77 -11.29 -10.82 -10.02 -9.23 -8.17 -7.10 -5.82 -4.53 -3.05 -1.58 0.07 1.72 3.52 5.33 7.26 9.19 11.22 13.24 15.28 17.32 19.29 21.27 23.08 24.90 26.48 28.06 29.35 30.64 31.60 32.56 33.16 33.77 34.01 34.26 34.14 34.02 33.55 33.07 32.24
8.45 9.08 9.71 9.93 10.16 10.03 9.90 9.52 9.13 8.59 8.05 7.39 6.74 5.97 5.20 4.27 3.34 2.22 1.10 -0.21 -1.52 -2.95 -4.38 -5.81 -7.25 -8.54 -9.84 -10.88 -11.92 -12.61 -13.30 -13.62 -13.93 -13.86 -13.79 -13.37 -12.94 -12.20 -11.46 -10.43 -9.41 -8.15 -6.89 -5.42 -3.95 -2.30 -0.64 1.19 3.02 4.98 6.95 9.00 11.05 13.11 15.17 17.14 19.11 20.91 22.70 24.23 25.76 26.99 28.21 29.08 29.96 30.49 31.01 31.17 31.34 31.15 30.97 30.43 29.90 29.04
7.40 7.97 8.55 8.76 8.97 8.86 8.76 8.43 8.09 7.59 7.10 6.47 5.85 5.09 4.32 3.38 2.43 1.28 0.12 -1.24 -2.60 -4.09 -5.58 -7.07 -8.57 -9.92 -11.28 -12.37 -13.47 -14.22 -14.97 -15.34 -15.71 -15.70 -15.70 -15.33 -14.97 -14.29 -13.60 -12.63 -11.66 -10.43 -9.20 -7.75 -6.29 -4.63 -2.96 -1.12 0.72 2.70 4.68 6.75 8.81 10.86 12.92 14.87 16.82 18.56 20.31 21.77 23.23 24.36 25.49 26.27 27.05 27.48 27.91 27.99 28.07 27.82 27.57 26.99 26.41 25.52
6.35 6.86 7.38 7.58 7.78 7.70 7.62 7.33 7.05 6.60 6.15 5.55 4.96 4.20 3.45 2.49 1.53 0.33 -0.86 -2.27 -3.69 -5.23 -6.78 -8.33 -9.89 -11.30 -12.71 -13.87 -15.02 -15.82 -16.63 -17.06 -17.49 -17.55 -17.60 -17.30 -17.00 -16.37 -15.75 -14.82 -13.90 -12.70 -11.51 -10.07 -8.62 -6.96 -5.29 -3.44 -1.58 0.42 2.42 4.49 6.57 8.62 10.67 12.60 14.52 16.22 17.91 19.30 20.69 21.73 22.77 23.45 24.14 24.47 24.81 24.81 24.81 24.49 24.17 23.54 22.92 22.01
5.30 5.79 6.27 6.48 6.69 6.66 6.63 6.40 6.17 5.78 5.39 4.84 4.28 3.54 2.80 1.83 0.86 -0.37 -1.60 -3.05 -4.51 -6.11 -7.71 -9.32 -10.94 -12.41 -13.89 -15.10 -16.32 -17.19 -18.07 -18.57 -19.07 -19.19 -19.32 -19.09 -18.86 -18.30 -17.74 -16.87 -16.00 -14.85 -13.69 -12.27 -10.85 -9.20 -7.54 -5.69 -3.84 -1.84 0.15 2.21 4.27 6.29 8.31 10.18 12.05 13.67 15.29 16.59 17.89 18.83 19.77 20.35 20.94 21.18 21.43 21.36 21.28 20.92 20.55 19.90 19.26 18.34
4.25 4.71 5.17 5.39 5.61 5.62 5.64 5.47 5.30 4.97 4.63 4.12 3.61 2.88 2.15 1.17 0.19 -1.07 -2.33 -3.83 -5.33 -6.99 -8.64 -10.31 -11.99 -13.52 -15.06 -16.34 -17.62 -18.56 -19.50 -20.07 -20.64 -20.84 -21.04 -20.88 -20.72 -20.23 -19.73 -18.92 -18.10 -16.99 -15.87 -14.48 -13.08 -11.44 -9.79 -7.94 -6.09 -4.10 -2.12 -0.07 1.97 3.95 5.94 7.76 9.58 11.13 12.67 13.88 15.09 15.93 16.77 17.25 17.74 17.89 18.05 17.91 17.76 17.35 16.93 16.26 15.59 14.68
3.27 3.74 4.20 4.46 4.72 4.79 4.87 4.77 4.68 4.40 4.13 3.66 3.19 2.48 1.77 0.78 -0.21 -1.50 -2.79 -4.33 -5.87 -7.58 -9.29 -11.02 -12.74 -14.35 -15.95 -17.29 -18.64 -19.66 -20.67 -21.32 -21.96 -22.24 -22.52 -22.44 -22.36 -21.93 -21.51 -20.76 -20.01 -18.94 -17.88 -16.52 -15.16 -13.54 -11.93 -10.11 -8.29 -6.34 -4.39 -2.39 -0.40 1.52 3.44 5.18 6.92 8.38 9.83 10.94 12.04 12.79 13.53 13.92 14.32 14.40 14.49 14.30 14.11 13.68 13.24 12.58 11.91 11.03
