test/esri_led_60/synt_tma_6000m_led_60.esri
nrows             510
ncols             462
xllcorner      398000.00
yllcorner     7846000.00
cellsize          500.00
NODATA_value    -9999
[rows 192 to 223 of 510, columns 355 to 425 of 462]
93.31 97.10 99.67 102.23 105.28 108.33 112.83 117.33 119.39 121.46 117.84 114.23 107.83 101.44 96.54 91.65 88.64 85.62 83.50 81.38 81.16 80.94 82.89 84.84 85.93 87.02 84.92 82.81 79.64 76.47 74.58 72.68 70.44 68.20 63.60 59.00 53.70 48.39 44.44 40.48 36.78 33.09 28.06 23.03 17.57 12.11 7.33 2.55 -2.73 -8.01 -15.05 -22.09 -29.59 -37.09 -42.85 -48.60 -51.75 -54.90 -55.46 -56.02 -53.89 -51.76 -47.35 -42.94 -37.69 -32.44 -27.28 -22.12 -16.41 -10.69 -4.36
96.45 100.03 102.37 104.71 107.63 110.56 115.12 119.69 121.83 123.97 120.26 116.54 110.00 103.46 98.57 93.68 90.79 87.89 85.97 84.04 84.14 84.25 86.66 89.08 90.55 92.03 90.09 88.14 85.11 82.08 80.44 78.79 76.69 74.58 69.79 65.00 59.37 53.74 49.55 45.35 41.45 37.55 32.22 26.88 21.13 15.37 10.44 5.51 0.20 -5.11 -12.14 -19.16 -26.55 -33.94 -39.49 -45.03 -48.01 -51.00 -51.55 -52.10 -50.02 -47.95 -43.57 -39.18 -33.98 -28.78 -23.76 -18.73 -13.15 -7.57 -1.27
95.83 99.16 101.63 104.11 107.33 110.56 115.34 120.12 122.48 124.85 121.54 118.22 112.16 106.09 101.55 97.02 94.35 91.68 89.89 88.11 88.28 88.45 90.85 93.25 94.74 96.23 94.41 92.59 89.69 86.79 85.19 83.59 81.52 79.44 74.76 70.08 64.54 59.01 54.81 50.61 46.59 42.57 37.03 31.49 25.45 19.40 14.14 8.89 3.35 -2.20 -9.28 -16.36 -23.71 -31.07 -36.57 -42.07 -45.04 -48.00 -48.56 -49.12 -47.10 -45.09 -40.82 -36.56 -31.48 -26.40 -21.46 -16.52 -11.05 -5.59 0.55
95.22 98.30 100.90 103.51 107.03 110.55 115.55 120.55 123.14 125.72 122.82 119.91 114.31 108.72 104.53 100.35 97.91 95.46 93.82 92.19 92.42 92.65 95.04 97.43 98.93 100.44 98.74 97.04 94.27 91.49 89.94 88.38 86.34 84.30 79.73 75.15 69.72 64.29 60.07 55.86 51.72 47.58 41.84 36.10 29.77 23.43 17.85 12.27 6.50 0.72 -6.42 -13.57 -20.88 -28.19 -33.65 -39.11 -42.06 -45.01 -45.58 -46.14 -44.19 -42.23 -38.08 -33.94 -28.98 -24.01 -19.16 -14.31 -8.96 -3.60 2.36
93.15 96.08 99.02 101.97 106.10 110.23 115.78 121.33 124.42 127.51 125.21 122.90 117.99 113.07 109.49 105.92 103.81 101.71 100.07 98.43 98.47 98.50 100.68 102.85 104.21 105.58 103.81 102.04 99.23 96.43 94.87 93.32 91.37 89.42 85.06 80.71 75.57 70.43 66.46 62.50 58.41 54.33 48.38 42.42 35.67 28.92 22.90 16.87 10.75 4.63 -2.73 -10.09 -17.55 -25.00 -30.59 -36.17 -39.20 -42.24 -42.85 -43.46 -41.56 -39.65 -35.60 -31.55 -26.69 -21.83 -17.05 -12.27 -7.01 -1.75 4.06
91.08 93.85 97.14 100.43 105.17 109.92 116.02 122.12 125.71 129.30 127.60 125.89 121.66 117.43 114.45 111.48 109.72 107.95 106.32 104.68 104.51 104.35 106.31 108.27 109.49 110.71 108.88 107.04 104.20 101.36 99.81 98.26 96.39 94.53 90.40 86.26 81.41 76.57 72.85 69.14 65.11 61.08 54.91 48.74 41.58 34.41 27.94 21.47 15.00 8.53 0.96 -6.62 -14.22 -21.82 -27.52 -33.23 -36.35 -39.47 -40.13 -40.78 -38.93 -37.08 -33.12 -29.16 -24.40 -19.64 -14.93 -10.22 -5.06 0.10 5.76
90.06 92.90 96.51 100.12 105.52 110.91 117.92 124.93 129.30 133.66 132.37 131.08 127.26 123.44 121.11 118.77 117.42 116.06 114.22 112.38 111.82 111.26 113.10 114.95 116.10 117.26 115.09 112.92 109.81 106.69 105.26 103.83 102.26 100.69 96.73 92.78 88.21 83.65 80.44 77.23 73.51 69.79 63.35 56.90 49.18 41.46 34.56 27.66 20.87 14.08 6.11 -1.85 -9.84 -17.83 -23.79 -29.74 -32.99 -36.24 -36.97 -37.71 -35.88 -34.06 -30.07 -26.08 -21.32 -16.56 -11.95 -7.34 -2.27 2.80 8.47
89.04 91.95 95.88 99.82 105.86 111.91 119.83 127.74 132.88 138.02 137.15 136.27 132.86 129.45 127.76 126.06 125.12 124.17 122.13 120.09 119.12 118.16 119.89 121.62 122.71 123.80 121.30 118.81 115.42 112.02 110.71 109.40 108.13 106.85 103.07 99.30 95.01 90.72 88.02 85.33 81.91 78.50 71.78 65.06 56.78 48.50 41.18 33.86 26.75 19.64 11.27 2.91 -5.47 -13.85 -20.05 -26.25 -29.63 -33.01 -33.82 -34.64 -32.83 -31.03 -27.01 -23.00 -18.24 -13.49 -8.97 -4.45 0.53 5.51 11.17
87.60 90.68 94.85 99.02 105.50 111.97 120.54 129.11 134.84 140.57 140.00 139.43 136.31 133.19 131.93 130.67 129.98 129.28 127.00 124.72 123.35 121.97 123.47 124.97 125.90 126.82 124.01 121.20 117.60 114.00 112.85 111.70 110.80 109.90 106.50 103.10 99.34 95.57 93.56 91.55 88.61 85.67 78.89 72.12 63.50 54.88 47.28 39.68 32.33 24.97 16.27 7.58 -1.14 -9.86 -16.27 -22.69 -26.18 -29.67 -30.55 -31.43 -29.64 -27.85 -23.79 -19.73 -14.97 -10.22 -5.81 -1.41 3.45 8.30 13.92
86.16 89.41 93.82 98.23 105.13 112.03 121.26 130.48 136.80 143.12 142.86 142.59 139.76 136.92 136.10 135.28 134.83 134.39 131.87 129.36 127.57 125.78 127.05 128.32 129.08 129.84 126.72 123.60 119.79 115.99 115.00 114.00 113.47 112.94 109.93 106.91 103.66 100.41 99.10 97.78 95.31 92.83 86.00 79.17 70.22 61.27 53.38 45.50 37.90 30.30 21.27 12.24 3.19 -5.87 -12.50 -19.13 -22.73 -26.33 -27.28 -28.22 -26.44 -24.66 -20.56 -16.46 -11.71 -6.95 -2.66 1.63 6.36 11.09 16.68
82.34 85.74 90.32 94.90 101.89 108.88 118.05 127.22 133.60 139.98 140.12 140.25 137.85 135.45 134.78 134.12 133.62 133.13 130.50 127.87 125.74 123.60 124.26 124.93 125.20 125.47 122.30 119.14 115.46 111.79 110.87 109.95 109.72 109.49 107.32 105.14 102.97 100.80 100.35 99.90 97.99 96.08 89.62 83.15 74.32 65.49 57.50 49.50 41.73 33.95 24.82 15.70 6.59 -2.51 -9.21 -15.91 -19.57 -23.24 -24.20 -25.17 -23.40 -21.63 -17.57 -13.52 -8.86 -4.20 -0.04 4.13 8.66 13.19 18.51
78.53 82.06 86.82 91.57 98.65 105.72 114.84 123.95 130.40 136.84 137.37 137.90 135.94 133.98 133.47 132.96 132.42 131.87 129.13 126.38 123.91 121.43 121.48 121.53 121.31 121.10 117.89 114.68 111.14 107.59 106.74 105.89 105.97 106.04 104.70 103.37 102.28 101.19 101.60 102.02 100.67 99.33 93.23 87.12 78.42 69.72 61.62 53.51 45.55 37.59 28.37 19.15 10.00 0.84 -5.93 -12.69 -16.42 -20.14 -21.13 -22.11 -20.35 -18.59 -14.59 -10.58 -6.02 -1.45 2.59 6.63 10.96 15.29 20.34
73.65 77.38 82.20 87.02 93.95 100.89 109.70 118.50 124.82 131.15 131.99 132.82 131.25 129.68 129.26 128.85 128.20 127.55 124.65 121.75 118.85 115.94 115.22 114.49 113.71 112.92 109.74 106.57 103.25 99.94 99.17 98.39 98.82 99.25 99.00 98.76 99.14 99.51 101.15 102.78 102.24 101.69 96.08 90.46 81.98 73.50 65.38 57.26 49.22 41.19 31.94 22.69 13.53 4.38 -2.41 -9.19 -12.93 -16.68 -17.68 -18.67 -16.91 -15.15 -11.17 -7.19 -2.72 1.75 5.59 9.44 13.47 17.51 22.23
68.77 72.71 77.59 82.46 89.26 96.06 104.55 113.05 119.25 125.46 126.60 127.74 126.56 125.37 125.05 124.74 123.98 123.23 120.18 117.13 113.79 110.45 108.96 107.46 106.10 104.74 101.60 98.45 95.37 92.29 91.59 90.89 91.67 92.45 93.30 94.15 96.00 97.84 100.70 103.55 103.80 104.05 98.93 93.80 85.54 77.27 69.14 61.02 52.90 44.78 35.50 26.22 17.06 7.91 1.11 -5.68 -9.45 -13.22 -14.23 -15.23 -13.47 -11.71 -7.75 -3.79 0.58 4.96 8.60 12.25 15.99 19.74 24.12
63.85 68.11 72.94 77.77 84.38 90.99 99.44 107.90 114.19 120.48 121.71 122.94 121.92 120.90 120.84 120.79 120.16 119.53 116.23 112.94 109.09 105.23 103.21 101.19 99.51 97.83 94.62 91.42 88.43 85.45 84.94 84.43 85.69 86.95 88.77 90.59 93.83 97.07 101.37 105.67 106.91 108.15 103.32 98.49 90.20 81.92 73.83 65.75 57.68 49.61 40.21 30.82 21.51 12.20 5.35 -1.49 -5.27 -9.05 -10.12 -11.18 -9.45 -7.71 -3.70 0.32 4.65 8.99 12.34 15.69 19.08 22.47 26.64
58.93 63.51 68.29 73.07 79.49 85.92 94.34 102.75 109.13 115.51 116.83 118.14 117.28 116.43 116.63 116.84 116.33 115.82 112.29 108.75 104.38 100.02 97.47 94.92 92.92 90.91 87.65 84.39 81.50 78.61 78.29 77.97 79.70 81.44 84.24 87.04 91.67 96.30 102.04 107.79 110.02 112.25 107.72 103.18 94.87 86.56 78.52 70.49 62.46 54.44 44.93 35.42 25.95 16.48 9.59 2.70 -1.09 -4.88 -6.01 -7.13 -5.42 -3.72 0.36 4.44 8.73 13.01 16.07 19.13 22.16 25.20 29.17
51.30 56.09 60.81 65.54 71.84 78.14 86.59 95.05 101.57 108.10 109.58 111.05 110.47 109.88 110.51 111.14 110.96 110.79 107.27 103.76 99.25 94.74 92.10 89.45 87.45 85.44 82.24 79.04 76.30 73.55 73.51 73.47 75.65 77.83 81.28 84.73 90.25 95.77 102.50 109.23 112.18 115.12 110.83 106.54 98.26 89.99 82.10 74.20 66.33 58.46 48.95 39.44 29.93 20.43 13.56 6.69 2.89 -0.91 -2.17 -3.43 -1.89 -0.36 3.59 7.55 11.66 15.77 18.51 21.24 23.96 26.67 30.46
43.67 48.67 53.34 58.01 64.19 70.37 78.85 87.34 94.02 100.69 102.33 103.96 103.65 103.34 104.39 105.45 105.60 105.75 102.26 98.77 94.12 89.46 86.72 83.99 81.98 79.97 76.83 73.69 71.09 68.50 68.73 68.97 71.60 74.22 78.33 82.43 88.84 95.25 102.96 110.67 114.33 118.00 113.94 109.89 101.66 93.42 85.67 77.91 70.19 62.47 52.97 43.47 33.92 24.37 17.52 10.68 6.87 3.06 1.67 0.27 1.64 3.00 6.83 10.65 14.59 18.53 20.95 23.36 25.75 28.14 31.75
30.86 35.76 40.47 45.18 51.32 57.47 65.72 73.97 80.61 87.26 89.42 91.57 92.00 92.43 94.03 95.63 96.22 96.82 93.91 90.99 86.89 82.79 80.40 78.01 76.28 74.55 71.79 69.03 66.85 64.66 65.22 65.78 68.69 71.59 76.00 80.41 87.04 93.67 101.45 109.23 113.02 116.80 113.11 109.42 101.61 93.80 86.32 78.83 71.33 63.83 54.65 45.47 36.27 27.08 20.44 13.80 10.00 6.20 4.59 2.98 3.91 4.85 8.13 11.42 14.89 18.36 20.48 22.61 24.76 26.91 30.23
18.06 22.86 27.60 32.34 38.45 44.56 52.58 60.59 67.21 73.82 76.50 79.18 80.36 81.53 83.67 85.81 86.85 87.89 85.55 83.21 79.67 76.12 74.08 72.03 70.58 69.12 66.74 64.37 62.60 60.83 61.71 62.59 65.78 68.97 73.68 78.39 85.25 92.10 99.94 107.79 111.70 115.60 112.28 108.96 101.57 94.18 86.97 79.75 72.46 65.18 56.33 47.48 38.63 29.78 23.36 16.93 13.13 9.33 7.51 5.68 6.19 6.70 9.44 12.18 15.18 18.18 20.02 21.86 23.77 25.69 28.70
2.29 6.83 11.63 16.43 22.56 28.70 36.42 44.15 50.72 57.28 60.67 64.07 66.27 68.47 71.38 74.28 75.97 77.65 76.19 74.72 72.11 69.50 68.18 66.85 65.95 65.05 63.23 61.41 60.16 58.92 60.19 61.47 64.86 68.26 72.98 77.70 84.33 90.96 98.45 105.94 109.67 113.41 110.33 107.26 100.30 93.35 86.47 79.60 72.64 65.68 57.27 48.86 40.50 32.15 26.08 20.02 16.27 12.52 10.36 8.20 8.05 7.90 9.86 11.83 14.22 16.61 18.12 19.64 21.33 23.02 25.76
-13.48 -9.20 -4.34 0.52 6.68 12.83 20.27 27.70 34.22 40.74 44.85 48.95 52.18 55.42 59.09 62.76 65.09 67.42 66.83 66.23 64.55 62.88 62.27 61.67 61.32 60.98 59.71 58.44 57.73 57.01 58.68 60.34 63.95 67.55 72.28 77.01 83.42 89.83 96.96 104.08 107.65 111.21 108.38 105.55 99.03 92.51 85.98 79.46 72.82 66.18 58.21 50.24 42.38 34.51 28.80 23.10 19.40 15.71 13.21 10.71 9.91 9.10 10.29 11.48 13.25 15.03 16.22 17.42 18.88 20.35 22.81
-28.16 -24.10 -19.23 -14.36 -8.16 -1.97 5.39 12.76 19.38 26.00 30.69 35.38 39.52 43.66 48.24 52.82 55.96 59.10 59.28 59.46 58.64 57.82 58.13 58.44 58.86 59.29 58.55 57.81 57.55 57.28 59.42 61.55 65.39 69.23 73.76 78.30 84.31 90.33 97.19 104.06 107.49 110.91 107.97 105.03 98.57 92.11 85.91 79.72 73.50 67.27 59.63 51.98 44.47 36.95 31.64 26.33 22.76 19.19 16.28 13.38 11.83 10.28 10.77 11.25 12.50 13.74 14.55 15.37 16.59 17.82 20.18
-42.84 -39.00 -34.12 -29.24 -23.00 -16.76 -9.48 -2.19 4.54 11.26 16.53 21.81 26.86 31.90 37.40 42.89 46.83 50.78 51.73 52.69 52.72 52.76 53.98 55.20 56.40 57.60 57.39 57.18 57.36 57.55 60.15 62.75 66.83 70.91 75.25 79.58 85.20 90.83 97.43 104.04 107.33 110.62 107.56 104.51 98.11 91.70 85.84 79.98 74.17 68.36 61.04 53.72 46.56 39.39 34.48 29.56 26.12 22.68 19.36 16.04 13.75 11.47 11.25 11.03 11.74 12.45 12.88 13.31 14.30 15.29 17.55
-54.50 -50.81 -45.98 -41.16 -34.92 -28.68 -21.40 -14.11 -7.29 -0.46 5.12 10.71 16.28 21.84 27.95 34.06 38.63 43.19 44.75 46.31 47.05 47.80 49.85 51.90 53.87 55.84 56.20 56.57 57.26 57.96 61.03 64.10 68.36 72.62 76.65 80.69 85.77 90.86 97.02 103.19 106.17 109.15 105.84 102.53 96.06 89.59 83.97 78.35 72.92 67.49 60.53 53.57 46.79 40.01 35.50 30.99 27.70 24.41 20.79 17.16 14.29 11.42 10.63 9.84 10.11 10.38 10.51 10.63 11.47 12.31 14.59
-66.15 -62.62 -57.85 -53.07 -46.83 -40.60 -33.32 -26.04 -19.12 -12.19 -6.29 -0.38 5.70 11.79 18.51 25.24 30.42 35.60 37.77 39.94 41.39 42.84 45.72 48.60 51.33 54.07 55.01 55.96 57.16 58.36 61.91 65.45 69.89 74.32 78.06 81.80 86.34 90.89 96.61 102.34 105.02 107.69 104.12 100.55 94.01 87.48 82.10 76.72 71.67 66.63 60.02 53.41 47.02 40.62 36.52 32.42 29.28 26.14 22.21 18.29 14.83 11.37 10.01 8.64 8.48 8.31 8.13 7.95 8.64 9.33 11.63
-74.78 -71.40 -66.71 -62.03 -55.89 -49.74 -42.59 -35.43 -28.58 -21.73 -15.79 -9.84 -3.70 2.43 9.17 15.91 21.26 26.61 29.29 31.97 34.08 36.20 39.68 43.16 46.52 49.88 51.59 53.31 55.28 57.24 61.26 65.27 69.77 74.27 77.64 81.01 84.75 88.49 93.20 97.90 99.82 101.75 98.01 94.27 87.86 81.46 76.21 70.96 66.18 61.40 55.38 49.37 43.67 37.97 34.33 30.69 27.71 24.74 20.72 16.71 12.89 9.08 7.17 5.27 4.67 4.08 3.77 3.45 4.20 4.94 7.29
-83.41 -80.17 -75.58 -70.99 -64.94 -58.89 -51.86 -44.83 -38.05 -31.28 -25.29 -19.30 -13.11 -6.92 -0.17 6.58 12.10 17.63 20.81 23.99 26.77 29.55 33.64 37.72 41.70 45.68 48.17 50.67 53.39 56.12 60.61 65.10 69.66 74.22 77.22 80.22 83.16 86.10 89.78 93.45 94.63 95.80 91.89 87.99 81.72 75.45 70.32 65.20 60.68 56.17 50.75 45.33 40.32 35.32 32.14 28.97 26.15 23.33 19.23 15.13 10.96 6.79 4.34 1.90 0.87 -0.16 -0.60 -1.04 -0.25 0.54 2.95
-89.51 -86.42 -81.92 -77.42 -71.46 -65.50 -58.61 -51.72 -45.12 -38.51 -32.71 -26.91 -21.01 -15.11 -8.73 -2.35 3.05 8.44 11.96 15.47 18.81 22.15 26.76 31.37 35.94 40.51 43.84 47.17 50.82 54.47 59.63 64.78 69.48 74.18 76.68 79.19 81.04 82.89 85.23 87.56 87.79 88.01 83.88 79.76 73.60 67.45 62.37 57.30 53.01 48.73 44.00 39.28 35.15 31.03 28.47 25.91 23.36 20.80 16.68 12.55 8.05 3.54 0.54 -2.47 -3.92 -5.36 -5.83 -6.29 -5.32 -4.35 -1.80
-95.62 -92.68 -88.27 -83.86 -77.98 -72.11 -65.36 -58.62 -52.18 -45.74 -40.13 -34.52 -28.91 -23.31 -17.29 -11.27 -6.01 -0.74 3.11 6.95 10.85 14.75 19.88 25.01 30.17 35.33 39.50 43.67 48.25 52.83 58.65 64.46 69.30 74.15 76.15 78.15 78.92 79.68 80.68 81.67 80.95 80.22 75.87 71.53 65.49 59.45 54.43 49.40 45.34 41.28 37.26 33.23 29.98 26.74 24.80 22.86 20.56 18.27 14.13 9.98 5.14 0.30 -3.27 -6.83 -8.70 -10.57 -11.06 -11.54 -10.39 -9.24 -6.55
-99.83 -97.00 -92.63 -88.26 -82.39 -76.52 -69.78 -63.05 -56.75 -50.45 -45.18 -39.90 -34.76 -29.63 -24.05 -18.46 -13.43 -8.39 -4.49 -0.59 3.63 7.85 13.48 19.11 24.88 30.64 35.51 40.38 45.82 51.26 57.97 64.67 69.88 75.08 76.54 78.00 77.65 77.29 77.20 77.11 75.64 74.17 69.45 64.74 58.57 52.40 47.40 42.40 38.60 34.80 31.35 27.90 25.44 22.98 21.77 20.57 18.68 16.79 12.57 8.36 3.11 -2.14 -6.21 -10.28 -12.48 -14.69 -15.22 -15.75 -14.45 -13.14 -10.25
-104.05 -101.32 -97.00 -92.67 -86.79 -80.92 -74.20 -67.48 -61.32 -55.16 -50.22 -45.28 -40.62 -35.95 -30.80 -25.65 -20.85 -16.04 -12.09 -8.13 -3.60 0.94 7.08 13.21 19.58 25.95 31.52 37.08 43.39 49.69 57.29 64.88 70.45 76.02 76.94 77.85 76.38 74.91 73.73 72.55 70.34 68.13 63.04 57.95 51.64 45.34 40.37 35.40 31.86 28.31 25.44 22.57 20.89 19.22 18.75 18.28 16.79 15.30 11.02 6.74 1.08 -4.58 -9.15 -13.72 -16.26 -18.80 -19.38 -19.95 -18.50 -17.04 -13.94
