test/esri_led_60/synt_tma+240m_led_60.esri
nrows             510
ncols             462
xllcorner      398000.00
yllcorner     7846000.00
cellsize          500.00
NODATA_value    -9999
[rows 66 to 98 of 510, columns 75 to 149 of 462]
-55.47 -55.27 -55.06 -54.85 -54.61 -54.36 -54.02 -53.68 -53.18 -52.69 -51.97 -51.25 -50.26 -49.26 -47.96 -46.66 -45.04 -43.43 -41.54 -39.65 -37.54 -35.43 -33.19 -30.95 -28.68 -26.41 -24.20 -21.99 -19.93 -17.87 -16.02 -14.17 -12.57 -10.97 -9.64 -8.31 -7.27 -6.23 -5.48 -4.73 -4.28 -3.83 -3.71 -3.59 -3.83 -4.07 -4.72 -5.36 -6.47 -7.58 -9.17 -10.77 -12.87 -14.98 -17.57 -20.16 -23.19 -26.22 -29.59 -32.97 -36.59 -40.21 -43.94 -47.67 -51.36 -55.06 -58.60 -62.14 -65.41 -68.67 -71.59 -74.50 -77.01 -79.52 -81.60
-54.82 -54.69 -54.55 -54.41 -54.22 -54.04 -53.76 -53.48 -53.04 -52.61 -51.94 -51.28 -50.33 -49.38 -48.12 -46.85 -45.26 -43.68 -41.79 -39.91 -37.79 -35.67 -33.40 -31.13 -28.82 -26.50 -24.23 -21.95 -19.81 -17.67 -15.72 -13.77 -12.06 -10.36 -8.91 -7.47 -6.31 -5.15 -4.27 -3.40 -2.83 -2.25 -2.01 -1.77 -1.89 -2.01 -2.55 -3.10 -4.11 -5.11 -6.63 -8.14 -10.18 -12.22 -14.77 -17.32 -20.33 -23.34 -26.74 -30.13 -33.80 -37.46 -41.27 -45.08 -48.88 -52.69 -56.37 -60.05 -63.48 -66.92 -70.01 -73.11 -75.81 -78.51 -80.80
-53.95 -53.89 -53.82 -53.76 -53.64 -53.53 -53.32 -53.11 -52.73 -52.35 -51.75 -51.14 -50.25 -49.36 -48.15 -46.93 -45.39 -43.84 -41.98 -40.12 -38.02 -35.91 -33.63 -31.36 -29.01 -26.67 -24.35 -22.03 -19.82 -17.62 -15.59 -13.56 -11.76 -9.95 -8.41 -6.86 -5.58 -4.30 -3.30 -2.31 -1.61 -0.92 -0.55 -0.18 -0.18 -0.19 -0.61 -1.04 -1.94 -2.84 -4.26 -5.68 -7.63 -9.59 -12.08 -14.56 -17.53 -20.50 -23.88 -27.26 -30.95 -34.63 -38.48 -42.33 -46.22 -50.11 -53.89 -57.67 -61.23 -64.79 -68.04 -71.28 -74.14 -77.01 -79.46
-53.07 -53.10 -53.10 -53.11 -53.07 -53.02 -52.88 -52.73 -52.42 -52.10 -51.56 -51.01 -50.18 -49.34 -48.18 -47.01 -45.51 -44.00 -42.17 -40.34 -38.24 -36.14 -33.86 -31.58 -29.21 -26.84 -24.47 -22.11 -19.84 -17.57 -15.46 -13.35 -11.45 -9.55 -7.90 -6.24 -4.85 -3.45 -2.34 -1.22 -0.40 0.42 0.91 1.40 1.52 1.64 1.33 1.02 0.22 -0.57 -1.89 -3.21 -5.08 -6.96 -9.38 -11.80 -14.73 -17.66 -21.03 -24.40 -28.10 -31.79 -35.69 -39.59 -43.56 -47.52 -51.40 -55.29 -58.98 -62.67 -66.06 -69.45 -72.48 -75.50 -78.12
-52.02 -52.12 -52.21 -52.29 -52.33 -52.36 -52.28 -52.20 -51.96 -51.71 -51.23 -50.76 -49.98 -49.21 -48.11 -47.00 -45.55 -44.09 -42.31 -40.52 -38.45 -36.38 -34.11 -31.84 -29.47 -27.09 -24.70 -22.31 -19.99 -17.67 -15.50 -13.32 -11.34 -9.36 -7.61 -5.85 -4.35 -2.85 -1.62 -0.38 0.56 1.50 2.11 2.73 2.97 3.21 3.02 2.83 2.15 1.48 0.26 -0.95 -2.72 -4.50 -6.84 -9.18 -12.05 -14.92 -18.25 -21.58 -25.27 -28.95 -32.86 -36.78 -40.78 -44.78 -48.73 -52.69 -56.46 -60.24 -63.74 -67.24 -70.39 -73.54 -76.31
-50.96 -51.15 -51.31 -51.48 -51.58 -51.69 -51.69 -51.68 -51.50 -51.32 -50.91 -50.50 -49.79 -49.08 -48.04 -46.99 -45.59 -44.19 -42.44 -40.70 -38.66 -36.62 -34.36 -32.11 -29.72 -27.34 -24.92 -22.50 -20.14 -17.78 -15.54 -13.29 -11.23 -9.17 -7.32 -5.47 -3.86 -2.25 -0.90 0.45 1.51 2.57 3.31 4.05 4.41 4.78 4.71 4.64 4.08 3.52 2.42 1.31 -0.37 -2.05 -4.31 -6.56 -9.37 -12.18 -15.47 -18.76 -22.44 -26.11 -30.03 -33.96 -38.00 -42.05 -46.06 -50.08 -53.95 -57.81 -61.42 -65.03 -68.31 -71.59 -74.49
-49.76 -50.03 -50.28 -50.53 -50.71 -50.90 -50.97 -51.04 -50.93 -50.82 -50.48 -50.14 -49.50 -48.86 -47.88 -46.90 -45.56 -44.22 -42.53 -40.84 -38.85 -36.86 -34.63 -32.40 -30.03 -27.66 -25.23 -22.81 -20.41 -18.02 -15.73 -13.44 -11.31 -9.18 -7.24 -5.31 -3.60 -1.89 -0.43 1.02 2.20 3.38 4.24 5.10 5.58 6.07 6.13 6.18 5.74 5.31 4.32 3.33 1.76 0.18 -1.98 -4.14 -6.87 -9.60 -12.83 -16.06 -19.69 -23.33 -27.24 -31.14 -35.19 -39.24 -43.28 -47.33 -51.24 -55.16 -58.83 -62.51 -65.88 -69.25 -72.26
-48.56 -48.91 -49.24 -49.57 -49.84 -50.10 -50.25 -50.39 -50.36 -50.32 -50.05 -49.78 -49.21 -48.63 -47.72 -46.81 -45.53 -44.26 -42.62 -40.99 -39.04 -37.09 -34.90 -32.70 -30.34 -27.98 -25.55 -23.11 -20.69 -18.27 -15.93 -13.59 -11.39 -9.19 -7.17 -5.15 -3.34 -1.53 0.03 1.60 2.89 4.18 5.16 6.14 6.75 7.36 7.54 7.72 7.41 7.09 6.22 5.34 3.88 2.42 0.35 -1.72 -4.37 -7.02 -10.19 -13.36 -16.95 -20.54 -24.44 -28.33 -32.38 -36.43 -40.50 -44.57 -48.53 -52.50 -56.25 -60.00 -63.46 -66.91 -70.03
-47.24 -47.68 -48.09 -48.51 -48.86 -49.20 -49.43 -49.65 -49.69 -49.73 -49.53 -49.33 -48.83 -48.33 -47.49 -46.65 -45.45 -44.24 -42.67 -41.11 -39.21 -37.32 -35.17 -33.02 -30.69 -28.35 -25.93 -23.50 -21.07 -18.63 -16.26 -13.89 -11.63 -9.38 -7.29 -5.20 -3.31 -1.42 0.25 1.91 3.31 4.72 5.81 6.90 7.64 8.37 8.67 8.97 8.78 8.58 7.83 7.08 5.73 4.38 2.42 0.45 -2.10 -4.66 -7.75 -10.83 -14.36 -17.89 -21.73 -25.58 -29.60 -33.62 -37.68 -41.74 -45.72 -49.69 -53.47 -57.25 -60.77 -64.28 -67.47
-45.92 -46.44 -46.94 -47.45 -47.87 -48.30 -48.60 -48.90 -49.02 -49.14 -49.01 -48.88 -48.46 -48.03 -47.26 -46.49 -45.36 -44.22 -42.72 -41.22 -39.39 -37.55 -35.44 -33.34 -31.03 -28.73 -26.31 -23.90 -21.45 -19.00 -16.59 -14.19 -11.88 -9.57 -7.41 -5.25 -3.27 -1.30 0.47 2.23 3.74 5.25 6.46 7.67 8.52 9.37 9.79 10.22 10.15 10.08 9.44 8.81 7.58 6.34 4.49 2.63 0.17 -2.29 -5.30 -8.31 -11.77 -15.23 -19.03 -22.83 -26.82 -30.81 -34.86 -38.92 -42.90 -46.88 -50.70 -54.51 -58.08 -61.64 -64.92
-44.52 -45.12 -45.70 -46.29 -46.80 -47.31 -47.69 -48.07 -48.26 -48.45 -48.40 -48.35 -48.00 -47.65 -46.96 -46.27 -45.21 -44.15 -42.72 -41.29 -39.52 -37.76 -35.71 -33.66 -31.40 -29.13 -26.74 -24.35 -21.91 -19.46 -17.04 -14.61 -12.27 -9.93 -7.71 -5.50 -3.45 -1.40 0.45 2.30 3.90 5.51 6.83 8.14 9.11 10.07 10.62 11.16 11.21 11.26 10.75 10.24 9.13 8.01 6.27 4.53 2.17 -0.18 -3.09 -6.00 -9.38 -12.76 -16.48 -20.20 -24.14 -28.07 -32.08 -36.09 -40.04 -44.00 -47.81 -51.63 -55.21 -58.80 -62.12
-43.11 -43.80 -44.46 -45.13 -45.72 -46.32 -46.78 -47.23 -47.50 -47.77 -47.80 -47.82 -47.54 -47.27 -46.65 -46.04 -45.05 -44.07 -42.71 -41.36 -39.66 -37.96 -35.97 -33.98 -31.76 -29.54 -27.17 -24.80 -22.36 -19.92 -17.48 -15.04 -12.66 -10.28 -8.01 -5.74 -3.62 -1.50 0.43 2.37 4.07 5.77 7.20 8.62 9.70 10.78 11.44 12.10 12.27 12.44 12.06 11.67 10.67 9.68 8.05 6.42 4.18 1.93 -0.88 -3.70 -6.99 -10.28 -13.93 -17.58 -21.45 -25.33 -29.29 -33.26 -37.19 -41.13 -44.93 -48.74 -52.35 -55.95 -59.32
-41.64 -42.40 -43.14 -43.89 -44.56 -45.23 -45.77 -46.31 -46.65 -47.00 -47.10 -47.20 -47.00 -46.80 -46.27 -45.73 -44.82 -43.92 -42.65 -41.37 -39.75 -38.13 -36.20 -34.28 -32.11 -29.95 -27.62 -25.29 -22.87 -20.45 -18.01 -15.57 -13.17 -10.77 -8.46 -6.15 -3.97 -1.80 0.20 2.21 3.99 5.78 7.30 8.81 10.00 11.18 11.96 12.73 13.02 13.31 13.04 12.78 11.90 11.03 9.52 8.02 5.89 3.76 1.06 -1.65 -4.83 -8.02 -11.57 -15.12 -18.91 -22.70 -26.59 -30.49 -34.37 -38.25 -42.02 -45.80 -49.39 -52.99 -56.37
-40.18 -41.00 -41.83 -42.65 -43.40 -44.15 -44.76 -45.38 -45.80 -46.22 -46.40 -46.58 -46.46 -46.34 -45.88 -45.42 -44.60 -43.77 -42.58 -41.38 -39.84 -38.29 -36.43 -34.58 -32.47 -30.36 -28.07 -25.78 -23.38 -20.98 -18.54 -16.10 -13.68 -11.26 -8.91 -6.56 -4.33 -2.10 -0.03 2.05 3.92 5.79 7.40 9.01 10.30 11.59 12.47 13.36 13.77 14.18 14.03 13.89 13.13 12.38 10.99 9.61 7.60 5.58 3.00 0.41 -2.68 -5.76 -9.21 -12.67 -16.37 -20.08 -23.90 -27.72 -31.54 -35.37 -39.11 -42.85 -46.44 -50.03 -53.42
-38.67 -39.55 -40.44 -41.33 -42.15 -42.97 -43.66 -44.35 -44.85 -45.35 -45.60 -45.85 -45.81 -45.77 -45.39 -45.01 -44.27 -43.54 -42.43 -41.32 -39.86 -38.39 -36.61 -34.83 -32.79 -30.75 -28.51 -26.27 -23.91 -21.54 -19.12 -16.69 -14.27 -11.85 -9.48 -7.11 -4.85 -2.58 -0.45 1.67 3.61 5.55 7.24 8.94 10.32 11.70 12.69 13.68 14.20 14.72 14.69 14.66 14.03 13.40 12.14 10.88 9.00 7.11 4.64 2.18 -0.78 -3.74 -7.08 -10.42 -14.02 -17.61 -21.34 -25.07 -28.81 -32.56 -36.24 -39.92 -43.48 -47.03 -50.41
-37.16 -38.10 -39.05 -40.01 -40.90 -41.79 -42.56 -43.32 -43.90 -44.47 -44.80 -45.13 -45.16 -45.20 -44.91 -44.61 -43.95 -43.30 -42.28 -41.25 -39.87 -38.49 -36.79 -35.09 -33.12 -31.14 -28.96 -26.77 -24.44 -22.11 -19.70 -17.29 -14.87 -12.44 -10.06 -7.67 -5.36 -3.06 -0.88 1.30 3.31 5.32 7.09 8.86 10.34 11.81 12.91 14.00 14.63 15.26 15.35 15.44 14.93 14.43 13.29 12.15 10.39 8.63 6.29 3.95 1.12 -1.72 -4.95 -8.17 -11.66 -15.15 -18.78 -22.41 -26.08 -29.75 -33.37 -36.99 -40.51 -44.03 -47.40
-35.62 -36.60 -37.61 -38.61 -39.57 -40.52 -41.35 -42.18 -42.83 -43.48 -43.88 -44.29 -44.40 -44.52 -44.31 -44.10 -43.53 -42.96 -42.03 -41.10 -39.81 -38.52 -36.91 -35.29 -33.39 -31.50 -29.38 -27.26 -24.98 -22.70 -20.32 -17.94 -15.53 -13.12 -10.73 -8.34 -6.02 -3.69 -1.48 0.74 2.80 4.85 6.70 8.54 10.09 11.64 12.83 14.01 14.75 15.48 15.68 15.89 15.50 15.11 14.11 13.10 11.47 9.84 7.64 5.43 2.73 0.03 -3.07 -6.16 -9.52 -12.89 -16.41 -19.92 -23.49 -27.06 -30.60 -34.14 -37.60 -41.06 -44.40
-34.09 -35.10 -36.16 -37.22 -38.23 -39.25 -40.15 -41.05 -41.77 -42.48 -42.96 -43.44 -43.64 -43.84 -43.71 -43.58 -43.10 -42.62 -41.78 -40.94 -39.74 -38.55 -37.02 -35.49 -33.67 -31.85 -29.80 -27.74 -25.51 -23.28 -20.94 -18.59 -16.20 -13.80 -11.41 -9.02 -6.67 -4.33 -2.08 0.18 2.29 4.39 6.30 8.21 9.84 11.47 12.75 14.03 14.86 15.70 16.02 16.33 16.07 15.80 14.92 14.04 12.55 11.05 8.98 6.91 4.35 1.78 -1.18 -4.15 -7.39 -10.63 -14.03 -17.43 -20.90 -24.37 -27.83 -31.29 -34.69 -38.09 -41.40
-32.55 -33.58 -34.67 -35.76 -36.82 -37.89 -38.84 -39.80 -40.58 -41.37 -41.92 -42.48 -42.75 -43.03 -42.99 -42.95 -42.56 -42.18 -41.43 -40.69 -39.59 -38.49 -37.06 -35.62 -33.89 -32.16 -30.19 -28.21 -26.04 -23.88 -21.58 -19.28 -16.92 -14.56 -12.18 -9.80 -7.45 -5.10 -2.83 -0.56 1.58 3.73 5.68 7.64 9.34 11.04 12.39 13.75 14.68 15.61 16.03 16.45 16.30 16.16 15.40 14.65 13.30 11.94 10.01 8.09 5.66 3.24 0.43 -2.39 -5.49 -8.59 -11.87 -15.14 -18.49 -21.85 -25.21 -28.57 -31.89 -35.21 -38.46
-31.02 -32.06 -33.18 -34.31 -35.42 -36.52 -37.54 -38.55 -39.40 -40.25 -40.88 -41.51 -41.87 -42.22 -42.27 -42.31 -42.02 -41.73 -41.08 -40.43 -39.43 -38.43 -37.10 -35.76 -34.12 -32.48 -30.58 -28.68 -26.57 -24.47 -22.22 -19.98 -17.64 -15.31 -12.94 -10.58 -8.23 -5.88 -3.59 -1.30 0.88 3.06 5.06 7.07 8.83 10.60 12.03 13.47 14.49 15.51 16.04 16.57 16.54 16.51 15.89 15.26 14.04 12.82 11.04 9.26 6.98 4.71 2.04 -0.64 -3.60 -6.56 -9.70 -12.85 -16.09 -19.32 -22.59 -25.85 -29.09 -32.34 -35.53
-29.51 -30.54 -31.68 -32.81 -33.95 -35.09 -36.14 -37.20 -38.11 -39.02 -39.72 -40.42 -40.85 -41.29 -41.43 -41.56 -41.37 -41.17 -40.63 -40.08 -39.19 -38.29 -37.06 -35.83 -34.28 -32.74 -30.93 -29.12 -27.10 -25.07 -22.88 -20.70 -18.41 -16.12 -13.79 -11.45 -9.12 -6.78 -4.49 -2.19 0.00 2.20 4.24 6.28 8.09 9.90 11.40 12.90 14.00 15.11 15.73 16.36 16.44 16.52 16.03 15.53 14.45 13.38 11.74 10.11 7.99 5.87 3.35 0.84 -1.97 -4.78 -7.78 -10.78 -13.89 -17.00 -20.14 -23.29 -26.44 -29.58 -32.70
-28.00 -29.02 -30.17 -31.31 -32.48 -33.65 -34.75 -35.86 -36.82 -37.79 -38.56 -39.33 -39.84 -40.36 -40.58 -40.81 -40.71 -40.61 -40.17 -39.73 -38.94 -38.15 -37.02 -35.90 -34.45 -33.01 -31.29 -29.57 -27.62 -25.67 -23.54 -21.42 -19.18 -16.94 -14.63 -12.33 -10.00 -7.68 -5.38 -3.09 -0.87 1.34 3.41 5.49 7.35 9.21 10.77 12.34 13.52 14.70 15.43 16.15 16.34 16.54 16.17 15.80 14.87 13.93 12.44 10.96 9.00 7.03 4.67 2.31 -0.34 -3.00 -5.86 -8.71 -11.69 -14.67 -17.70 -20.74 -23.78 -26.83 -29.86
-26.55 -27.54 -28.67 -29.80 -30.98 -32.16 -33.29 -34.43 -35.44 -36.46 -37.29 -38.13 -38.72 -39.32 -39.63 -39.94 -39.95 -39.95 -39.62 -39.28 -38.61 -37.93 -36.92 -35.90 -34.57 -33.23 -31.61 -29.99 -28.13 -26.27 -24.22 -22.17 -19.99 -17.81 -15.54 -13.28 -10.99 -8.69 -6.41 -4.13 -1.91 0.31 2.40 4.49 6.38 8.28 9.89 11.50 12.75 14.00 14.81 15.62 15.92 16.22 15.98 15.74 14.94 14.14 12.81 11.49 9.68 7.88 5.69 3.50 1.00 -1.49 -4.19 -6.90 -9.73 -12.56 -15.47 -18.37 -21.30 -24.24 -27.17
-25.10 -26.05 -27.17 -28.29 -29.48 -30.67 -31.83 -33.00 -34.06 -35.13 -36.03 -36.92 -37.60 -38.27 -38.68 -39.08 -39.18 -39.29 -39.06 -38.84 -38.27 -37.71 -36.81 -35.91 -34.68 -33.45 -31.93 -30.41 -28.64 -26.87 -24.89 -22.92 -20.80 -18.68 -16.46 -14.24 -11.97 -9.70 -7.43 -5.16 -2.94 -0.73 1.38 3.49 5.42 7.34 9.01 10.67 11.99 13.30 14.20 15.09 15.50 15.91 15.79 15.67 15.01 14.36 13.18 12.01 10.37 8.73 6.70 4.68 2.35 0.01 -2.53 -5.08 -7.77 -10.46 -13.23 -16.01 -18.82 -21.64 -24.47
-23.74 -24.63 -25.72 -26.81 -27.99 -29.17 -30.35 -31.53 -32.63 -33.73 -34.69 -35.64 -36.39 -37.13 -37.63 -38.12 -38.33 -38.53 -38.42 -38.31 -37.86 -37.42 -36.63 -35.85 -34.74 -33.63 -32.22 -30.81 -29.14 -27.46 -25.57 -23.69 -21.64 -19.58 -17.42 -15.26 -13.03 -10.81 -8.57 -6.33 -4.12 -1.92 0.19 2.30 4.24 6.19 7.88 9.58 10.95 12.32 13.29 14.25 14.76 15.26 15.26 15.26 14.75 14.23 13.22 12.20 10.73 9.26 7.40 5.55 3.39 1.23 -1.15 -3.53 -6.06 -8.60 -11.23 -13.86 -16.54 -19.23 -21.94
-22.38 -23.22 -24.27 -25.32 -26.49 -27.67 -28.86 -30.06 -31.20 -32.33 -33.34 -34.35 -35.18 -36.00 -36.58 -37.17 -37.47 -37.78 -37.78 -37.78 -37.45 -37.12 -36.46 -35.79 -34.80 -33.81 -32.51 -31.20 -29.63 -28.06 -26.25 -24.45 -22.47 -20.49 -18.39 -16.28 -14.10 -11.91 -9.70 -7.49 -5.30 -3.11 -1.00 1.11 3.07 5.03 6.76 8.49 9.91 11.33 12.38 13.42 14.02 14.62 14.74 14.86 14.48 14.11 13.25 12.39 11.09 9.79 8.11 6.43 4.44 2.45 0.24 -1.98 -4.36 -6.73 -9.22 -11.70 -14.26 -16.81 -19.41
-21.15 -21.92 -22.92 -23.92 -25.06 -26.20 -27.39 -28.59 -29.75 -30.91 -31.97 -33.03 -33.91 -34.80 -35.47 -36.14 -36.55 -36.95 -37.06 -37.17 -36.96 -36.76 -36.21 -35.67 -34.80 -33.93 -32.74 -31.56 -30.09 -28.63 -26.92 -25.22 -23.32 -21.42 -19.39 -17.35 -15.22 -13.10 -10.93 -8.75 -6.59 -4.43 -2.34 -0.25 1.71 3.67 5.42 7.16 8.62 10.08 11.19 12.29 12.98 13.67 13.90 14.13 13.89 13.66 12.95 12.25 11.12 9.99 8.49 6.99 5.18 3.38 1.34 -0.70 -2.91 -5.13 -7.45 -9.78 -12.19 -14.60 -17.05
-19.93 -20.61 -21.56 -22.51 -23.62 -24.74 -25.93 -27.12 -28.31 -29.49 -30.59 -31.70 -32.65 -33.61 -34.36 -35.11 -35.62 -36.13 -36.35 -36.57 -36.48 -36.39 -35.97 -35.55 -34.80 -34.05 -32.98 -31.91 -30.55 -29.20 -27.59 -25.98 -24.17 -22.35 -20.39 -18.42 -16.35 -14.28 -12.15 -10.02 -7.89 -5.76 -3.68 -1.60 0.35 2.31 4.07 5.84 7.33 8.83 10.00 11.16 11.94 12.72 13.06 13.41 13.30 13.20 12.66 12.11 11.15 10.20 8.87 7.55 5.93 4.30 2.44 0.57 -1.47 -3.52 -5.69 -7.86 -10.12 -12.38 -14.70
-18.87 -19.46 -20.34 -21.22 -22.29 -23.36 -24.53 -25.71 -26.90 -28.10 -29.23 -30.37 -31.38 -32.39 -33.22 -34.04 -34.64 -35.24 -35.57 -35.90 -35.92 -35.95 -35.65 -35.36 -34.73 -34.10 -33.15 -32.21 -30.96 -29.72 -28.22 -26.71 -25.00 -23.28 -21.39 -19.51 -17.51 -15.51 -13.44 -11.37 -9.28 -7.20 -5.15 -3.11 -1.17 0.77 2.53 4.30 5.82 7.34 8.56 9.77 10.62 11.48 11.93 12.38 12.41 12.44 12.05 11.66 10.88 10.09 8.95 7.81 6.37 4.93 3.25 1.56 -0.31 -2.18 -4.18 -6.18 -8.28 -10.38 -12.55
-17.81 -18.31 -19.12 -19.93 -20.96 -21.98 -23.14 -24.30 -25.50 -26.70 -27.87 -29.04 -30.10 -31.17 -32.07 -32.98 -33.67 -34.36 -34.79 -35.23 -35.37 -35.51 -35.33 -35.16 -34.66 -34.15 -33.33 -32.50 -31.37 -30.24 -28.84 -27.45 -25.82 -24.20 -22.40 -20.60 -18.67 -16.74 -14.72 -12.71 -10.67 -8.63 -6.62 -4.61 -2.69 -0.77 1.00 2.76 4.31 5.85 7.12 8.38 9.31 10.24 10.80 11.35 11.51 11.68 11.44 11.21 10.60 9.98 9.02 8.07 6.81 5.56 4.05 2.55 0.86 -0.83 -2.67 -4.51 -6.45 -8.39 -10.40
-16.94 -17.35 -18.07 -18.80 -19.77 -20.74 -21.86 -22.99 -24.18 -25.37 -26.56 -27.74 -28.85 -29.96 -30.92 -31.89 -32.66 -33.43 -33.96 -34.49 -34.74 -34.99 -34.94 -34.88 -34.50 -34.12 -33.41 -32.71 -31.70 -30.69 -29.41 -28.12 -26.60 -25.09 -23.38 -21.67 -19.83 -17.98 -16.04 -14.10 -12.13 -10.15 -8.19 -6.23 -4.34 -2.45 -0.70 1.05 2.61 4.16 5.46 6.76 7.76 8.75 9.41 10.06 10.35 10.64 10.55 10.47 10.03 9.58 8.81 8.03 6.96 5.89 4.58 3.26 1.75 0.24 -1.42 -3.08 -4.85 -6.62 -8.47
-16.08 -16.38 -17.03 -17.67 -18.59 -19.50 -20.59 -21.68 -22.86 -24.05 -25.25 -26.45 -27.60 -28.75 -29.78 -30.80 -31.66 -32.51 -33.14 -33.76 -34.12 -34.48 -34.54 -34.60 -34.34 -34.08 -33.50 -32.92 -32.03 -31.14 -29.97 -28.80 -27.38 -25.97 -24.36 -22.75 -20.99 -19.22 -17.36 -15.50 -13.58 -11.67 -9.75 -7.84 -5.99 -4.13 -2.40 -0.66 0.91 2.47 3.81 5.15 6.21 7.27 8.02 8.77 9.19 9.60 9.67 9.73 9.46 9.19 8.59 8.00 7.11 6.23 5.10 3.97 2.64 1.31 -0.17 -1.65 -3.25 -4.85 -6.53
-15.42 -15.62 -16.18 -16.74 -17.58 -18.42 -19.46 -20.51 -21.67 -22.83 -24.03 -25.24 -26.41 -27.58 -28.65 -29.72 -30.64 -31.56 -32.27 -32.97 -33.43 -33.89 -34.05 -34.22 -34.08 -33.93 -33.47 -33.01 -32.25 -31.48 -30.43 -29.38 -28.08 -26.78 -25.28 -23.77 -22.11 -20.44 -18.67 -16.89 -15.06 -13.22 -11.37 -9.52 -7.72 -5.91 -4.20 -2.49 -0.93 0.64 2.00 3.36 4.48 5.60 6.43 7.27 7.80 8.33 8.54 8.75 8.64 8.53 8.11 7.69 7.00 6.30 5.35 4.41 3.27 2.12 0.82 -0.48 -1.90 -3.32 -4.83
