test/esri_led_60/synt_tma+240m_led_60.esri
nrows             510
ncols             462
xllcorner      398000.00
yllcorner     7846000.00
cellsize          500.00
NODATA_value    -9999
[rows 66 to 98 of 510, columns 375 to 449 of 462]
10.09 9.49 8.92 8.35 7.84 7.32 6.90 6.48 6.16 5.85 5.66 5.47 5.42 5.37 5.49 5.60 5.89 6.19 6.68 7.16 7.86 8.55 9.45 10.35 11.42 12.50 13.72 14.95 16.26 17.57 18.91 20.25 21.55 22.84 24.03 25.22 26.25 27.28 28.10 28.92 29.52 30.11 30.47 30.83 30.97 31.11 31.03 30.96 30.70 30.44 30.02 29.60 29.04 28.48 27.80 27.12 26.34 25.57 24.72 23.87 22.98 22.08 21.19 20.29 19.44 18.59 17.85 17.11 16.54 15.97 15.65 15.33 15.30 15.27 15.55
11.68 11.15 10.61 10.07 9.56 9.05 8.58 8.11 7.72 7.32 7.02 6.72 6.53 6.34 6.30 6.25 6.38 6.50 6.82 7.14 7.67 8.21 8.95 9.69 10.63 11.56 12.66 13.75 14.94 16.14 17.38 18.61 19.82 21.03 22.15 23.27 24.25 25.23 26.02 26.82 27.40 27.98 28.34 28.70 28.85 28.99 28.92 28.85 28.59 28.33 27.90 27.46 26.87 26.28 25.55 24.82 23.98 23.14 22.21 21.29 20.31 19.33 18.33 17.34 16.39 15.44 14.59 13.74 13.07 12.39 11.96 11.53 11.39 11.25 11.43
13.77 13.30 12.79 12.29 11.76 11.24 10.73 10.21 9.73 9.25 8.82 8.40 8.06 7.72 7.51 7.30 7.25 7.20 7.34 7.49 7.85 8.21 8.80 9.38 10.18 10.97 11.93 12.89 13.96 15.04 16.18 17.31 18.43 19.56 20.61 21.66 22.59 23.52 24.28 25.05 25.62 26.19 26.55 26.91 27.06 27.21 27.15 27.08 26.82 26.56 26.11 25.66 25.05 24.43 23.65 22.88 21.98 21.08 20.08 19.08 18.02 16.96 15.87 14.79 13.74 12.70 11.75 10.80 10.03 9.25 8.72 8.18 7.95 7.71 7.79
15.85 15.45 14.97 14.50 13.97 13.44 12.88 12.31 11.74 11.17 10.62 10.07 9.59 9.10 8.72 8.35 8.12 7.90 7.87 7.84 8.03 8.22 8.65 9.08 9.72 10.37 11.20 12.03 12.99 13.95 14.98 16.01 17.04 18.08 19.06 20.05 20.93 21.81 22.54 23.28 23.83 24.39 24.75 25.11 25.27 25.42 25.37 25.31 25.05 24.79 24.33 23.87 23.22 22.57 21.76 20.94 19.98 19.03 17.95 16.88 15.74 14.59 13.42 12.24 11.10 9.96 8.91 7.86 6.99 6.11 5.48 4.84 4.50 4.17 4.15
18.48 18.13 17.68 17.22 16.68 16.14 15.52 14.90 14.24 13.57 12.90 12.22 11.58 10.94 10.38 9.83 9.43 9.02 8.81 8.59 8.61 8.63 8.90 9.16 9.65 10.15 10.84 11.54 12.38 13.22 14.14 15.07 16.02 16.97 17.88 18.80 19.63 20.46 21.17 21.87 22.42 22.96 23.32 23.69 23.85 24.01 23.96 23.92 23.66 23.40 22.93 22.46 21.79 21.12 20.27 19.41 18.40 17.39 16.25 15.12 13.89 12.67 11.42 10.16 8.93 7.70 6.56 5.42 4.45 3.48 2.75 2.02 1.59 1.16 1.06
21.10 20.81 20.38 19.95 19.39 18.84 18.17 17.49 16.73 15.97 15.17 14.36 13.57 12.77 12.04 11.32 10.73 10.14 9.75 9.35 9.20 9.04 9.14 9.24 9.59 9.93 10.49 11.05 11.77 12.49 13.31 14.13 14.99 15.85 16.70 17.55 18.33 19.11 19.79 20.47 21.00 21.53 21.90 22.26 22.43 22.60 22.56 22.52 22.26 22.00 21.53 21.05 20.36 19.66 18.77 17.88 16.82 15.76 14.55 13.35 12.05 10.76 9.42 8.08 6.76 5.44 4.21 2.98 1.91 0.85 0.03 -0.80 -1.32 -1.84 -2.03
24.23 23.98 23.57 23.16 22.58 22.00 21.27 20.54 19.68 18.82 17.88 16.94 15.99 15.03 14.13 13.23 12.45 11.68 11.10 10.52 10.19 9.85 9.78 9.72 9.91 10.10 10.52 10.94 11.54 12.13 12.85 13.56 14.34 15.11 15.89 16.67 17.41 18.14 18.79 19.44 19.97 20.49 20.86 21.22 21.40 21.58 21.55 21.52 21.27 21.02 20.53 20.05 19.34 18.64 17.71 16.79 15.69 14.58 13.32 12.06 10.70 9.34 7.92 6.51 5.11 3.71 2.40 1.08 -0.07 -1.22 -2.13 -3.04 -3.65 -4.25 -4.52
27.35 27.16 26.76 26.37 25.77 25.17 24.37 23.58 22.62 21.67 20.59 19.52 18.41 17.29 16.21 15.14 14.18 13.22 12.45 11.69 11.18 10.66 10.43 10.19 10.23 10.27 10.55 10.83 11.30 11.78 12.39 12.99 13.68 14.37 15.08 15.79 16.48 17.17 17.79 18.42 18.93 19.45 19.81 20.18 20.37 20.56 20.54 20.52 20.28 20.03 19.54 19.06 18.33 17.61 16.66 15.71 14.55 13.40 12.09 10.77 9.35 7.92 6.43 4.94 3.46 1.98 0.58 -0.81 -2.05 -3.29 -4.29 -5.28 -5.97 -6.67 -7.02
30.88 30.72 30.33 29.94 29.31 28.68 27.82 26.97 25.91 24.85 23.64 22.44 21.17 19.89 18.64 17.39 16.24 15.10 14.16 13.21 12.52 11.83 11.42 11.02 10.91 10.79 10.93 11.07 11.43 11.78 12.28 12.79 13.39 13.99 14.64 15.29 15.93 16.58 17.18 17.78 18.28 18.79 19.17 19.54 19.74 19.95 19.94 19.94 19.70 19.46 18.98 18.49 17.76 17.02 16.05 15.08 13.89 12.70 11.34 9.98 8.50 7.01 5.46 3.91 2.36 0.81 -0.66 -2.13 -3.45 -4.77 -5.84 -6.92 -7.69 -8.46 -8.89
34.40 34.28 33.90 33.51 32.86 32.20 31.27 30.35 29.19 28.03 26.69 25.35 23.92 22.49 21.06 19.64 18.31 16.99 15.86 14.73 13.86 12.99 12.42 11.85 11.58 11.31 11.31 11.32 11.55 11.78 12.18 12.58 13.09 13.61 14.20 14.78 15.38 15.98 16.56 17.14 17.64 18.14 18.52 18.90 19.12 19.33 19.34 19.35 19.12 18.89 18.41 17.93 17.18 16.44 15.44 14.45 13.23 12.01 10.60 9.19 7.65 6.11 4.50 2.88 1.26 -0.36 -1.91 -3.45 -4.85 -6.24 -7.40 -8.56 -9.41 -10.26 -10.77
38.15 38.04 37.66 37.27 36.58 35.88 34.89 33.89 32.63 31.37 29.90 28.44 26.85 25.27 23.68 22.09 20.59 19.09 17.79 16.48 15.45 14.41 13.68 12.95 12.53 12.12 11.99 11.86 11.97 12.08 12.39 12.69 13.13 13.57 14.10 14.62 15.19 15.75 16.31 16.87 17.37 17.87 18.26 18.66 18.89 19.12 19.14 19.17 18.96 18.74 18.27 17.79 17.04 16.29 15.28 14.27 13.03 11.78 10.34 8.90 7.32 5.73 4.07 2.40 0.72 -0.96 -2.57 -4.19 -5.65 -7.12 -8.35 -9.58 -10.50 -11.43 -12.01
41.89 41.81 41.42 41.02 40.29 39.57 38.50 37.44 36.08 34.71 33.12 31.52 29.79 28.05 26.29 24.54 22.87 21.19 19.72 18.24 17.03 15.83 14.94 14.05 13.48 12.92 12.66 12.40 12.39 12.39 12.60 12.80 13.16 13.53 14.00 14.46 14.99 15.52 16.07 16.61 17.11 17.61 18.01 18.41 18.66 18.91 18.95 18.99 18.79 18.59 18.12 17.65 16.90 16.15 15.13 14.10 12.83 11.56 10.09 8.61 6.98 5.35 3.63 1.91 0.17 -1.56 -3.24 -4.92 -6.46 -7.99 -9.30 -10.60 -11.60 -12.60 -13.24
45.63 45.56 45.15 44.74 43.97 43.20 42.06 40.93 39.47 38.00 36.29 34.57 32.70 30.83 28.92 27.01 25.18 23.36 21.72 20.09 18.73 17.37 16.34 15.30 14.61 13.91 13.53 13.15 13.04 12.94 13.06 13.18 13.48 13.77 14.20 14.62 15.13 15.63 16.16 16.70 17.20 17.71 18.12 18.54 18.81 19.08 19.14 19.21 19.03 18.84 18.39 17.93 17.18 16.43 15.40 14.37 13.09 11.80 10.30 8.80 7.14 5.48 3.72 1.96 0.17 -1.62 -3.35 -5.08 -6.68 -8.27 -9.64 -11.00 -12.07 -13.13 -13.85
49.37 49.31 48.88 48.45 47.64 46.83 45.62 44.42 42.86 41.30 39.46 37.62 35.61 33.60 31.54 29.49 27.50 25.52 23.73 21.94 20.43 18.92 17.74 16.56 15.73 14.90 14.40 13.90 13.69 13.49 13.52 13.56 13.79 14.02 14.40 14.78 15.26 15.73 16.26 16.78 17.30 17.81 18.24 18.67 18.96 19.25 19.34 19.43 19.26 19.10 18.65 18.20 17.46 16.71 15.67 14.64 13.34 12.04 10.51 8.99 7.29 5.60 3.80 2.00 0.16 -1.67 -3.46 -5.24 -6.89 -8.55 -9.98 -11.41 -12.54 -13.67 -14.45
52.90 52.82 52.37 51.92 51.05 50.19 48.92 47.64 45.99 44.34 42.40 40.45 38.32 36.19 34.00 31.81 29.70 27.58 25.66 23.73 22.09 20.45 19.15 17.85 16.91 15.97 15.37 14.77 14.48 14.19 14.16 14.13 14.31 14.50 14.85 15.20 15.66 16.13 16.66 17.18 17.71 18.24 18.69 19.15 19.46 19.78 19.89 20.00 19.86 19.71 19.28 18.85 18.11 17.38 16.34 15.31 14.00 12.69 11.15 9.62 7.90 6.19 4.36 2.53 0.67 -1.20 -3.03 -4.86 -6.55 -8.25 -9.74 -11.22 -12.41 -13.60 -14.44
56.42 56.34 55.86 55.38 54.47 53.56 52.21 50.87 49.13 47.39 45.34 43.28 41.03 38.78 36.46 34.14 31.89 29.64 27.59 25.53 23.76 21.99 20.57 19.15 18.09 17.04 16.34 15.64 15.27 14.90 14.80 14.70 14.84 14.97 15.30 15.62 16.07 16.52 17.05 17.58 18.12 18.67 19.14 19.62 19.96 20.30 20.44 20.57 20.45 20.33 19.91 19.50 18.77 18.04 17.01 15.98 14.66 13.35 11.80 10.25 8.51 6.78 4.92 3.07 1.17 -0.73 -2.60 -4.47 -6.21 -7.96 -9.50 -11.03 -12.28 -13.52 -14.42
59.57 59.46 58.94 58.43 57.46 56.50 55.09 53.68 51.86 50.04 47.90 45.75 43.40 41.05 38.62 36.20 33.84 31.48 29.32 27.15 25.28 23.41 21.89 20.37 19.23 18.09 17.32 16.55 16.11 15.68 15.54 15.40 15.50 15.61 15.92 16.23 16.69 17.14 17.69 18.24 18.80 19.36 19.87 20.38 20.75 21.12 21.28 21.45 21.35 21.26 20.86 20.46 19.75 19.04 18.02 16.99 15.68 14.37 12.82 11.26 9.52 7.78 5.91 4.04 2.12 0.20 -1.69 -3.58 -5.36 -7.14 -8.72 -10.29 -11.59 -12.88 -13.83
62.71 62.58 62.03 61.48 60.46 59.45 57.97 56.49 54.59 52.69 50.46 48.22 45.77 43.32 40.79 38.26 35.79 33.32 31.05 28.78 26.80 24.83 23.21 21.60 20.37 19.14 18.29 17.45 16.95 16.46 16.27 16.09 16.17 16.25 16.55 16.85 17.31 17.77 18.33 18.89 19.48 20.06 20.60 21.13 21.53 21.94 22.13 22.33 22.25 22.18 21.81 21.43 20.73 20.04 19.02 18.01 16.70 15.39 13.84 12.28 10.53 8.78 6.90 5.02 3.08 1.14 -0.78 -2.70 -4.51 -6.32 -7.94 -9.55 -10.89 -12.23 -13.24
65.39 65.22 64.63 64.03 62.96 61.90 60.36 58.82 56.85 54.88 52.57 50.26 47.73 45.20 42.58 39.97 37.42 34.87 32.52 30.17 28.11 26.06 24.37 22.68 21.39 20.10 19.20 18.31 17.77 17.24 17.03 16.83 16.90 16.97 17.28 17.58 18.06 18.54 19.13 19.71 20.33 20.96 21.53 22.10 22.53 22.97 23.20 23.43 23.38 23.34 22.99 22.64 21.97 21.29 20.29 19.30 18.00 16.71 15.16 13.62 11.87 10.13 8.25 6.37 4.43 2.49 0.56 -1.37 -3.20 -5.03 -6.68 -8.32 -9.70 -11.07 -12.12
68.07 67.86 67.23 66.59 65.47 64.35 62.75 61.15 59.11 57.08 54.69 52.30 49.69 47.08 44.38 41.69 39.06 36.42 33.99 31.55 29.42 27.29 25.53 23.77 22.42 21.06 20.11 19.16 18.59 18.02 17.80 17.57 17.63 17.70 18.01 18.32 18.82 19.31 19.93 20.54 21.19 21.85 22.45 23.06 23.53 24.00 24.27 24.53 24.52 24.50 24.18 23.86 23.20 22.55 21.57 20.59 19.31 18.03 16.49 14.96 13.22 11.48 9.61 7.73 5.78 3.84 1.90 -0.04 -1.89 -3.74 -5.42 -7.09 -8.50 -9.91 -11.00
70.26 70.02 69.33 68.64 67.48 66.31 64.66 63.00 60.91 58.82 56.37 53.92 51.25 48.58 45.82 43.06 40.37 37.68 35.18 32.68 30.49 28.30 26.49 24.68 23.29 21.89 20.91 19.93 19.34 18.75 18.52 18.28 18.36 18.43 18.77 19.10 19.63 20.15 20.81 21.46 22.15 22.85 23.49 24.14 24.65 25.17 25.47 25.77 25.79 25.82 25.52 25.23 24.61 23.98 23.03 22.08 20.82 19.57 18.06 16.54 14.83 13.11 11.25 9.39 7.46 5.52 3.58 1.65 -0.21 -2.06 -3.75 -5.43 -6.87 -8.31 -9.43
72.46 72.17 71.44 70.70 69.48 68.27 66.56 64.85 62.70 60.55 58.05 55.55 52.81 50.08 47.26 44.44 41.68 38.93 36.37 33.81 31.57 29.32 27.46 25.59 24.15 22.71 21.70 20.69 20.08 19.48 19.24 19.00 19.09 19.17 19.53 19.88 20.44 21.00 21.69 22.37 23.11 23.84 24.53 25.22 25.78 26.33 26.67 27.01 27.07 27.13 26.87 26.61 26.01 25.42 24.49 23.57 22.34 21.11 19.62 18.13 16.43 14.74 12.89 11.05 9.13 7.20 5.27 3.34 1.48 -0.38 -2.08 -3.78 -5.24 -6.71 -7.87
74.21 73.87 73.09 72.31 71.05 69.79 68.04 66.29 64.09 61.90 59.35 56.80 54.02 51.24 48.37 45.51 42.71 39.90 37.30 34.70 32.41 30.12 28.22 26.32 24.85 23.38 22.35 21.32 20.71 20.10 19.87 19.64 19.75 19.86 20.24 20.63 21.23 21.83 22.56 23.30 24.08 24.86 25.60 26.33 26.93 27.53 27.92 28.30 28.40 28.50 28.28 28.07 27.51 26.95 26.07 25.18 23.99 22.80 21.34 19.89 18.23 16.57 14.76 12.94 11.05 9.15 7.24 5.32 3.47 1.62 -0.09 -1.79 -3.27 -4.75 -5.94
75.97 75.58 74.75 73.93 72.62 71.31 69.51 67.72 65.48 63.24 60.65 58.05 55.23 52.40 49.49 46.58 43.73 40.88 38.24 35.59 33.26 30.92 28.99 27.05 25.55 24.05 23.01 21.96 21.34 20.72 20.50 20.29 20.41 20.54 20.96 21.38 22.02 22.66 23.44 24.22 25.05 25.88 26.66 27.44 28.09 28.74 29.16 29.59 29.73 29.88 29.70 29.52 29.01 28.49 27.64 26.79 25.64 24.49 23.07 21.65 20.03 18.40 16.62 14.84 12.97 11.09 9.20 7.30 5.46 3.62 1.91 0.19 -1.30 -2.80 -4.02
77.34 76.90 76.03 75.16 73.81 72.46 70.63 68.80 66.53 64.26 61.63 59.01 56.15 53.29 50.35 47.40 44.52 41.64 38.95 36.27 33.90 31.54 29.57 27.60 26.08 24.56 23.50 22.45 21.83 21.22 21.02 20.81 20.97 21.13 21.59 22.05 22.73 23.42 24.25 25.08 25.96 26.84 27.67 28.51 29.21 29.90 30.38 30.86 31.05 31.25 31.12 30.99 30.53 30.06 29.26 28.46 27.36 26.26 24.89 23.52 21.94 20.36 18.63 16.89 15.06 13.22 11.36 9.49 7.66 5.84 4.13 2.42 0.92 -0.59 -1.84
78.72 78.23 77.31 76.39 75.01 73.62 71.75 69.89 67.58 65.28 62.62 59.96 57.07 54.18 51.21 48.23 45.31 42.39 39.67 36.95 34.55 32.15 30.15 28.16 26.62 25.07 24.00 22.93 22.32 21.71 21.53 21.34 21.53 21.71 22.21 22.71 23.44 24.17 25.05 25.93 26.86 27.80 28.68 29.57 30.32 31.07 31.60 32.13 32.37 32.62 32.54 32.46 32.05 31.63 30.88 30.13 29.08 28.03 26.71 25.39 23.86 22.33 20.64 18.94 17.15 15.35 13.51 11.68 9.87 8.06 6.36 4.65 3.14 1.62 0.35
79.77 79.23 78.27 77.31 75.89 74.47 72.58 70.68 68.36 66.03 63.35 60.68 57.76 54.85 51.85 48.85 45.90 42.95 40.21 37.46 35.03 32.60 30.57 28.55 26.99 25.43 24.35 23.27 22.67 22.06 21.89 21.73 21.95 22.16 22.70 23.24 24.02 24.80 25.74 26.67 27.66 28.64 29.59 30.53 31.34 32.14 32.73 33.31 33.62 33.92 33.90 33.89 33.53 33.18 32.49 31.80 30.81 29.82 28.57 27.31 25.83 24.36 22.72 21.08 19.33 17.59 15.79 13.99 12.20 10.42 8.73 7.03 5.51 3.98 2.69
80.83 80.24 79.23 78.23 76.77 75.32 73.40 71.48 69.13 66.78 64.09 61.39 58.46 55.52 52.50 49.47 46.49 43.52 40.74 37.96 35.50 33.04 30.99 28.94 27.36 25.79 24.70 23.61 23.01 22.41 22.26 22.11 22.36 22.61 23.19 23.78 24.60 25.43 26.42 27.40 28.45 29.49 30.49 31.49 32.35 33.21 33.86 34.50 34.86 35.22 35.27 35.31 35.02 34.72 34.10 33.47 32.54 31.62 30.42 29.22 27.81 26.39 24.81 23.22 21.52 19.82 18.06 16.29 14.54 12.78 11.09 9.41 7.88 6.34 5.03
81.60 80.96 79.91 78.87 77.39 75.90 73.96 72.02 69.66 67.30 64.59 61.88 58.94 55.99 52.95 49.90 46.91 43.91 41.11 38.31 35.82 33.33 31.26 29.18 27.59 25.99 24.90 23.80 23.21 22.61 22.48 22.35 22.63 22.91 23.53 24.15 25.03 25.91 26.95 27.99 29.09 30.18 31.24 32.30 33.23 34.15 34.86 35.57 36.00 36.42 36.54 36.65 36.43 36.20 35.65 35.10 34.24 33.38 32.26 31.13 29.78 28.43 26.91 25.38 23.73 22.08 20.36 18.64 16.91 15.18 13.51 11.84 10.30 8.76 7.43
82.37 81.68 80.59 79.51 78.00 76.48 74.52 72.57 70.19 67.82 65.10 62.37 59.42 56.46 53.40 50.34 47.32 44.31 41.48 38.65 36.13 33.62 31.52 29.43 27.81 26.20 25.09 23.99 23.40 22.81 22.69 22.58 22.89 23.20 23.87 24.53 25.46 26.38 27.48 28.57 29.72 30.88 32.00 33.12 34.10 35.09 35.86 36.63 37.13 37.63 37.81 37.99 37.84 37.68 37.20 36.72 35.94 35.15 34.09 33.04 31.75 30.47 29.01 27.54 25.95 24.35 22.67 20.99 19.29 17.58 15.92 14.27 12.73 11.18 9.83
82.88 82.13 81.01 79.88 78.34 76.80 74.83 72.85 70.47 68.09 65.36 62.64 59.68 56.72 53.65 50.58 47.55 44.52 41.67 38.82 36.28 33.75 31.63 29.51 27.88 26.24 25.13 24.02 23.44 22.85 22.75 22.66 23.00 23.34 24.04 24.74 25.72 26.69 27.84 28.98 30.20 31.41 32.59 33.77 34.82 35.87 36.71 37.56 38.13 38.70 38.95 39.21 39.14 39.06 38.66 38.26 37.55 36.84 35.86 34.88 33.67 32.45 31.05 29.65 28.11 26.57 24.93 23.29 21.62 19.94 18.30 16.65 15.11 13.56 12.19
83.38 82.58 81.42 80.26 78.69 77.12 75.13 73.14 70.75 68.36 65.63 62.90 59.94 56.97 53.89 50.82 47.77 44.72 41.86 38.99 36.43 33.87 31.73 29.59 27.94 26.29 25.18 24.06 23.47 22.89 22.81 22.73 23.10 23.47 24.21 24.96 25.98 27.00 28.20 29.40 30.67 31.94 33.18 34.42 35.54 36.66 37.57 38.48 39.12 39.77 40.10 40.44 40.44 40.45 40.12 39.80 39.17 38.54 37.63 36.72 35.58 34.44 33.10 31.76 30.27 28.78 27.19 25.59 23.95 22.30 20.67 19.04 17.49 15.94 14.55
83.62 82.76 81.56 80.35 78.75 77.15 75.15 73.14 70.75 68.35 65.62 62.90 59.93 56.97 53.89 50.81 47.76 44.71 41.83 38.95 36.37 33.80 31.64 29.49 27.83 26.17 25.05 23.93 23.35 22.77 22.71 22.65 23.05 23.45 24.23 25.01 26.07 27.14 28.39 29.64 30.97 32.30 33.60 34.91 36.09 37.28 38.26 39.25 39.97 40.69 41.11 41.52 41.61 41.70 41.46 41.22 40.66 40.11 39.28 38.45 37.38 36.30 35.03 33.75 32.31 30.88 29.32 27.77 26.15 24.53 22.91 21.29 19.74 18.19 16.78
