test/esri_led_60/synt_tma_3600m_led_60.esri
nrows             510
ncols             462
xllcorner      398000.00
yllcorner     7846000.00
cellsize          500.00
NODATA_value    -9999
[rows 128 to 159 of 510, columns 146 to 218 of 462]
19.79 23.21 26.63 28.91 31.18 32.44 33.70 34.32 34.93 35.35 35.77 36.50 37.23 38.93 40.64 44.10 47.55 53.39 59.23 67.53 75.83 85.85 95.87 106.10 116.34 124.99 133.64 139.15 144.66 145.89 147.12 143.27 139.41 130.21 121.01 107.58 94.16 79.73 65.31 54.75 44.19 42.14 40.09 48.65 57.20 74.63 92.07 113.62 135.17 155.17 175.17 188.94 202.71 207.10 211.49 204.23 196.97 176.59 156.22 123.40 90.59 49.45 8.31 -34.20 -76.70 -113.41 -150.12 -176.61 -203.10 -218.71 -234.32 -240.65 -246.98
20.45 23.65 26.85 28.78 30.70 31.56 32.42 32.71 32.99 33.26 33.53 34.35 35.17 37.17 39.17 43.05 46.93 53.23 59.53 68.24 76.96 87.23 97.49 107.69 117.88 126.12 134.36 139.12 143.88 144.25 144.62 140.12 135.62 126.32 117.02 104.22 91.42 78.32 65.23 56.55 47.87 48.04 48.21 59.02 69.84 89.12 108.41 130.83 153.24 172.61 191.98 203.48 214.98 215.83 216.69 205.39 194.09 170.00 145.91 110.28 74.65 31.87 -10.90 -53.72 -96.53 -132.14 -167.74 -191.81 -215.88 -228.16 -240.44 -243.20 -245.97
20.58 23.53 26.48 28.08 29.68 30.22 30.77 30.85 30.92 31.19 31.45 32.50 33.55 35.96 38.36 42.69 47.01 53.65 60.30 69.16 78.02 88.19 98.37 108.22 118.08 125.76 133.44 137.51 141.59 141.36 141.13 136.40 131.67 122.76 113.85 102.15 90.44 78.99 67.55 60.76 53.97 55.88 57.79 69.87 81.96 101.80 121.64 143.68 165.72 183.63 201.53 210.55 219.56 217.31 215.07 200.74 186.41 160.05 133.68 96.94 60.21 17.59 -25.02 -66.57 -108.11 -141.59 -175.07 -196.45 -217.83 -227.18 -236.54 -236.54 -236.55
20.72 23.41 26.10 27.38 28.66 28.89 29.11 28.99 28.86 29.12 29.38 30.66 31.94 34.75 37.56 42.32 47.09 54.08 61.06 70.07 79.07 89.16 99.24 108.76 118.28 125.40 132.52 135.91 139.30 138.47 137.64 132.68 127.73 119.21 110.69 100.07 89.45 79.66 69.87 64.97 60.07 63.72 67.37 80.72 94.07 114.47 134.87 156.54 178.21 194.65 211.09 217.61 224.14 218.79 213.45 196.09 178.74 150.09 121.45 83.61 45.77 3.31 -39.14 -79.41 -119.69 -151.04 -182.40 -201.09 -219.78 -226.21 -232.64 -229.88 -227.13
20.36 22.79 25.22 26.22 27.23 27.23 27.23 27.02 26.80 27.18 27.56 29.18 30.79 34.04 37.29 42.43 47.56 54.66 61.76 70.56 79.35 88.93 98.52 107.37 116.23 122.65 129.07 131.88 134.69 133.59 132.48 127.76 123.05 115.42 107.79 98.68 89.56 81.62 73.67 70.47 67.27 71.99 76.71 90.20 103.70 123.30 142.91 163.00 183.10 197.35 211.60 215.56 219.53 211.71 203.88 184.69 165.50 136.14 106.78 69.55 32.33 -8.29 -48.92 -86.55 -124.19 -152.63 -181.07 -196.96 -212.86 -216.84 -220.83 -216.15 -211.48
20.00 22.17 24.34 25.06 25.79 25.57 25.35 25.05 24.74 25.25 25.75 27.70 29.64 33.33 37.03 42.53 48.03 55.25 62.47 71.04 79.62 88.71 97.80 105.99 114.17 119.90 125.62 127.85 130.08 128.70 127.32 122.85 118.37 111.63 104.89 97.28 89.67 83.57 77.46 75.97 74.47 80.26 86.05 99.68 113.32 132.13 150.95 169.47 187.99 200.04 212.10 213.51 214.93 204.62 194.32 173.29 152.26 122.18 92.10 55.50 18.90 -19.90 -58.69 -93.69 -128.70 -154.22 -179.73 -192.83 -205.94 -207.48 -209.02 -202.42 -195.82
19.25 21.17 23.09 23.61 24.12 23.77 23.43 23.14 22.86 23.56 24.26 26.55 28.85 32.89 36.94 42.59 48.24 55.21 62.19 70.09 77.99 86.10 94.21 101.39 108.56 113.47 118.39 120.22 122.05 120.81 119.58 115.87 112.17 106.80 101.44 95.61 89.78 85.45 81.12 80.84 80.57 86.49 92.41 104.89 117.37 133.98 150.59 166.32 182.05 191.24 200.44 199.35 198.26 186.24 174.22 152.63 131.05 101.80 72.55 38.14 3.72 -31.85 -67.42 -98.76 -130.09 -152.13 -174.17 -184.42 -194.67 -194.15 -193.62 -185.73 -177.84
18.49 20.17 21.84 22.15 22.45 21.98 21.50 21.24 20.97 21.87 22.77 25.41 28.05 32.45 36.85 42.65 48.45 55.18 61.91 69.13 76.35 83.49 90.63 96.79 102.94 107.05 111.16 112.58 114.01 112.92 111.83 108.90 105.96 101.97 97.98 93.93 89.89 87.34 84.79 85.72 86.66 92.71 98.76 110.10 121.43 135.82 150.22 163.17 176.12 182.44 188.77 185.18 181.59 167.85 154.11 131.97 109.83 81.42 53.00 20.77 -11.45 -43.80 -76.16 -103.82 -131.48 -150.04 -168.60 -176.00 -183.41 -180.81 -178.22 -169.04 -159.86
17.38 18.84 20.30 20.47 20.65 20.15 19.66 19.50 19.35 20.49 21.63 24.54 27.46 32.01 36.57 42.17 47.78 53.80 59.81 65.80 71.78 77.39 83.01 87.76 92.52 95.75 98.98 100.31 101.65 101.29 100.93 99.44 97.95 95.88 93.81 91.78 89.75 88.79 87.83 89.30 90.77 95.83 100.89 109.60 118.32 128.92 139.52 148.31 157.11 159.84 162.58 156.60 150.63 136.05 121.47 100.10 78.72 52.60 26.47 -2.19 -30.84 -58.84 -86.85 -110.07 -133.30 -148.02 -162.74 -167.31 -171.88 -167.53 -163.17 -153.16 -143.16
16.27 17.52 18.77 18.80 18.84 18.33 17.82 17.77 17.73 19.11 20.48 23.67 26.87 31.58 36.28 41.70 47.11 52.41 57.72 62.46 67.20 71.29 75.38 78.74 82.09 84.45 86.81 88.04 89.28 89.65 90.03 89.98 89.94 89.79 89.63 89.63 89.62 90.25 90.87 92.88 94.89 98.95 103.01 109.11 115.21 122.01 128.81 133.46 138.11 137.24 136.38 128.02 119.67 104.25 88.83 68.22 47.61 23.78 -0.06 -25.14 -50.23 -73.88 -97.54 -116.33 -135.12 -146.00 -156.87 -158.61 -160.35 -154.24 -148.13 -137.29 -126.45
14.83 15.89 16.95 16.93 16.91 16.48 16.04 16.19 16.34 17.95 19.57 22.93 26.30 30.93 35.55 40.41 45.27 49.38 53.48 56.43 59.38 61.41 63.45 65.07 66.69 68.23 69.76 71.39 73.02 74.93 76.84 79.12 81.40 83.89 86.38 88.78 91.19 93.34 95.48 97.47 99.45 101.48 103.51 105.58 107.65 109.05 110.44 109.51 108.57 103.31 98.05 87.39 76.73 61.26 45.78 27.06 8.33 -12.06 -32.45 -52.95 -73.44 -91.96 -110.47 -124.36 -138.26 -145.16 -152.07 -151.14 -150.20 -142.66 -135.13 -123.85 -112.57
13.38 14.26 15.13 15.06 14.98 14.62 14.27 14.61 14.95 16.80 18.65 22.19 25.73 30.28 34.82 39.12 43.43 46.34 49.25 50.40 51.55 51.53 51.52 51.41 51.30 52.00 52.71 54.74 56.76 60.21 63.66 68.26 72.86 78.00 83.13 87.94 92.76 96.43 100.10 102.05 104.01 104.01 104.02 102.06 100.10 96.08 92.07 85.55 79.04 69.38 59.72 46.76 33.80 18.27 2.73 -14.11 -30.95 -47.90 -64.85 -80.75 -96.65 -110.03 -123.41 -132.40 -141.39 -144.33 -147.27 -143.66 -140.04 -131.09 -122.14 -110.41 -98.68
11.65 12.36 13.07 12.98 12.89 12.66 12.44 13.01 13.57 15.63 17.70 21.30 24.90 29.17 33.45 36.92 40.40 41.78 43.15 42.14 41.13 38.76 36.39 34.47 32.55 32.74 32.92 36.07 39.21 45.21 51.21 59.23 67.26 76.00 84.74 92.65 100.55 106.05 111.55 113.36 115.16 112.58 110.00 103.08 96.16 85.59 75.01 61.81 48.61 33.87 19.13 3.77 -11.60 -26.83 -42.06 -56.51 -70.96 -84.01 -97.05 -108.04 -119.02 -127.13 -135.24 -139.41 -143.58 -142.81 -142.05 -136.13 -130.21 -120.25 -110.29 -98.47 -86.64
9.92 10.46 11.00 10.90 10.79 10.70 10.62 11.40 12.19 14.47 16.74 20.41 24.07 28.07 32.07 34.72 37.37 37.21 37.06 33.88 30.71 25.99 21.27 17.54 13.81 13.47 13.13 17.39 21.65 30.21 38.76 50.21 61.65 74.00 86.35 97.35 108.35 115.68 123.01 124.66 126.31 121.15 115.99 104.11 92.23 75.09 57.94 38.06 18.18 -1.64 -21.46 -39.23 -56.99 -71.93 -86.86 -98.92 -110.97 -120.12 -129.26 -135.33 -141.39 -144.23 -147.07 -146.42 -145.77 -141.29 -136.82 -128.60 -120.38 -109.41 -98.45 -86.52 -74.60
7.99 8.36 8.72 8.61 8.49 8.53 8.56 9.54 10.52 12.95 15.38 19.01 22.64 26.24 29.84 31.53 33.22 31.43 29.63 24.28 18.92 11.97 5.02 -0.17 -5.36 -5.57 -5.79 0.54 6.87 19.17 31.47 47.60 63.73 80.88 98.03 113.12 128.22 138.14 148.06 150.06 152.05 144.51 136.97 120.05 103.14 79.16 55.19 28.28 1.36 -23.88 -49.13 -69.60 -90.07 -105.01 -119.95 -129.98 -140.01 -145.75 -151.49 -153.30 -155.11 -153.48 -151.84 -147.22 -142.60 -135.22 -127.84 -117.99 -108.14 -96.67 -85.20 -73.52 -61.84
6.05 6.25 6.44 6.31 6.18 6.35 6.51 7.68 8.86 11.43 14.01 17.61 21.20 24.40 27.61 28.34 29.07 25.64 22.21 14.67 7.13 -2.06 -11.24 -17.88 -24.53 -24.62 -24.70 -16.30 -7.90 8.14 24.18 45.00 65.82 87.76 109.70 128.90 148.09 160.60 173.11 175.45 177.79 167.87 157.94 136.00 114.05 83.24 52.43 18.49 -15.45 -46.12 -76.79 -99.97 -123.14 -138.09 -153.04 -161.04 -169.05 -171.38 -173.71 -171.27 -168.83 -162.72 -156.61 -148.02 -139.43 -129.14 -118.85 -107.37 -95.89 -83.93 -71.96 -60.53 -49.09
3.95 3.95 3.96 3.78 3.60 3.84 4.08 5.38 6.68 9.32 11.96 15.42 18.89 21.61 24.34 24.10 23.85 18.91 13.96 4.54 -4.89 -15.78 -26.67 -34.04 -41.41 -40.47 -39.52 -27.97 -16.42 4.58 25.59 52.39 79.19 107.19 135.19 159.65 184.10 200.30 216.50 220.23 223.95 212.58 201.21 175.03 148.84 111.88 74.92 34.45 -6.01 -41.97 -77.93 -104.21 -130.48 -146.27 -162.06 -169.15 -176.24 -176.49 -176.75 -171.61 -166.47 -157.54 -148.61 -137.60 -126.60 -114.69 -102.79 -90.63 -78.47 -66.63 -54.79 -43.97 -33.15
1.85 1.66 1.47 1.24 1.02 1.34 1.66 3.08 4.50 7.20 9.90 13.24 16.57 18.82 21.07 19.85 18.64 12.17 5.70 -5.60 -16.90 -29.50 -42.09 -50.19 -58.29 -56.31 -54.34 -39.64 -24.94 1.03 26.99 59.78 92.56 126.62 160.68 190.40 220.12 240.00 259.89 265.00 270.11 257.29 244.47 214.05 183.64 140.52 97.41 50.42 3.43 -37.82 -79.08 -108.45 -137.82 -154.45 -171.08 -177.25 -183.42 -181.61 -179.79 -171.94 -164.10 -152.35 -140.61 -127.19 -113.77 -100.25 -86.72 -73.88 -61.04 -49.33 -37.61 -27.41 -17.20
-0.41 -0.82 -1.24 -1.56 -1.87 -1.55 -1.22 0.24 1.71 4.39 7.07 10.21 13.34 15.08 16.82 14.72 12.61 4.87 -2.87 -15.60 -28.32 -41.97 -55.63 -63.68 -71.74 -67.89 -64.04 -45.32 -26.59 5.28 37.16 76.91 116.66 157.74 198.81 234.75 270.69 295.34 319.98 327.72 335.46 322.54 309.61 276.30 242.98 195.03 147.08 94.70 42.33 -3.61 -49.55 -82.20 -114.86 -133.19 -151.53 -158.09 -164.65 -162.39 -160.12 -151.46 -142.81 -130.25 -117.70 -103.71 -89.72 -76.06 -62.40 -49.94 -37.47 -26.55 -15.63 -6.42 2.78
-2.66 -3.30 -3.94 -4.36 -4.77 -4.43 -4.09 -2.59 -1.08 1.58 4.24 7.17 10.10 11.34 12.58 9.58 6.57 -2.44 -11.45 -25.59 -39.74 -54.45 -69.16 -77.17 -85.18 -79.46 -73.75 -51.00 -28.24 9.54 47.32 94.04 140.76 188.86 236.95 279.11 321.26 350.67 380.07 390.45 400.82 387.79 374.76 338.54 302.33 249.54 196.75 138.99 81.23 30.61 -20.01 -55.95 -91.89 -111.94 -131.99 -138.94 -145.89 -143.16 -140.44 -130.98 -121.52 -108.16 -94.79 -80.24 -65.68 -51.88 -38.08 -26.00 -13.91 -3.78 6.35 14.56 22.77
-5.02 -5.92 -6.81 -7.37 -7.93 -7.65 -7.37 -5.89 -4.41 -1.84 0.74 3.45 6.15 6.94 7.73 3.99 0.26 -9.73 -19.72 -34.87 -50.02 -65.32 -80.62 -88.15 -95.67 -87.76 -79.85 -52.85 -25.85 17.98 61.81 115.59 169.37 224.55 279.74 328.29 376.84 411.49 446.14 460.06 473.98 462.12 450.25 412.66 375.06 319.08 263.10 201.54 139.99 85.82 31.66 -7.14 -45.94 -68.00 -90.06 -98.23 -106.41 -104.48 -102.56 -93.86 -85.16 -72.68 -60.20 -46.64 -33.08 -20.41 -7.74 3.09 13.91 22.69 31.47 38.38 45.29
-7.38 -8.53 -9.68 -10.38 -11.09 -10.87 -10.64 -9.20 -7.75 -5.25 -2.76 -0.28 2.20 2.54 2.88 -1.59 -6.06 -17.03 -28.00 -44.15 -60.31 -76.19 -92.08 -99.13 -106.17 -96.06 -85.94 -54.70 -23.45 26.43 76.30 137.14 197.97 260.25 322.52 377.47 432.42 472.32 512.21 529.68 547.14 536.45 525.75 486.77 447.79 388.62 329.46 264.10 198.74 141.03 83.32 41.66 0.00 -24.06 -48.13 -57.53 -66.93 -65.80 -64.68 -56.74 -48.80 -37.20 -25.60 -13.05 -0.49 11.06 22.61 32.17 41.72 49.16 56.60 62.21 67.82
-9.73 -11.15 -12.58 -13.47 -14.36 -14.26 -14.16 -12.80 -11.45 -9.08 -6.70 -4.42 -2.14 -2.15 -2.15 -7.14 -12.13 -23.76 -35.40 -52.23 -69.07 -85.31 -101.55 -108.14 -114.72 -102.81 -90.90 -56.24 -21.58 33.13 87.84 154.31 220.78 288.75 356.71 416.91 477.11 521.61 566.10 587.16 608.21 599.52 590.83 552.03 513.23 452.94 392.65 325.67 258.69 199.32 139.95 96.73 53.51 28.06 2.62 -7.99 -18.60 -18.75 -18.89 -12.52 -6.16 3.59 13.34 23.97 34.59 44.25 53.92 61.69 69.46 75.28 81.10 85.30 89.51
-12.08 -13.78 -15.47 -16.55 -17.63 -17.65 -17.67 -16.41 -15.15 -12.90 -10.65 -8.57 -6.49 -6.83 -7.18 -12.68 -18.19 -30.50 -42.81 -60.32 -77.83 -94.43 -111.03 -117.15 -123.27 -109.56 -95.85 -57.78 -19.71 39.84 99.39 171.49 243.59 317.24 390.89 456.35 521.81 570.90 620.00 644.64 669.28 662.60 655.91 617.29 578.68 517.26 455.85 387.24 318.63 257.60 196.57 151.79 107.01 80.19 53.37 41.55 29.73 28.31 26.89 31.69 36.49 44.39 52.29 60.98 69.66 77.44 85.22 91.21 97.20 101.40 105.60 108.40 111.19
-14.29 -16.25 -18.22 -19.51 -20.81 -21.01 -21.20 -20.10 -18.99 -16.89 -14.79 -12.89 -10.99 -11.55 -12.12 -17.92 -23.72 -36.39 -49.06 -66.93 -84.80 -101.61 -118.43 -124.39 -130.35 -115.86 -101.37 -61.78 -22.19 39.55 101.29 175.99 250.69 327.06 403.44 471.59 539.75 591.51 643.27 670.47 697.67 693.22 688.77 651.95 615.13 555.20 495.26 427.92 360.58 300.53 240.48 196.26 152.03 125.30 98.56 86.35 74.14 71.74 69.35 72.54 75.74 81.57 87.40 93.87 100.33 106.00 111.67 115.80 119.93 122.57 125.21 126.73 128.25
-16.49 -18.73 -20.96 -22.47 -23.99 -24.36 -24.73 -23.78 -22.83 -20.88 -18.93 -17.21 -15.48 -16.27 -17.06 -23.16 -29.25 -42.28 -55.31 -73.54 -91.77 -108.80 -125.82 -131.63 -137.43 -122.16 -106.90 -65.78 -24.67 39.26 103.19 180.49 257.79 336.89 415.98 486.83 557.69 612.11 666.54 696.30 726.05 723.84 721.63 686.61 651.59 593.13 534.67 468.59 402.52 343.46 284.40 240.72 197.05 170.40 143.76 131.15 118.54 115.17 111.81 113.40 114.99 118.75 122.51 126.76 131.00 134.56 138.12 140.39 142.66 143.74 144.82 145.06 145.31
-18.42 -20.91 -23.39 -25.15 -26.90 -27.50 -28.10 -27.36 -26.62 -24.86 -23.10 -21.54 -19.98 -20.89 -21.81 -27.98 -34.16 -47.23 -60.29 -78.55 -96.80 -113.90 -130.99 -137.01 -143.03 -128.27 -113.50 -73.22 -32.95 29.83 92.62 168.67 244.72 322.74 400.75 470.94 541.13 595.49 649.85 680.37 710.89 710.60 710.31 678.49 646.67 592.33 537.99 476.27 414.55 359.36 304.18 263.48 222.78 198.07 173.35 161.62 149.89 146.37 142.84 143.33 143.82 145.81 147.80 150.01 152.23 153.87 155.52 156.20 156.89 156.74 156.59 155.89 155.19
-20.35 -23.08 -25.82 -27.82 -29.81 -30.64 -31.46 -30.94 -30.41 -28.84 -27.28 -25.87 -24.47 -25.51 -26.55 -32.81 -39.07 -52.18 -65.28 -83.56 -101.84 -119.00 -136.16 -142.40 -148.64 -134.37 -120.09 -80.66 -41.24 20.41 82.05 156.85 231.65 308.59 385.53 455.06 524.58 578.87 633.15 664.44 695.73 697.36 698.99 670.37 641.74 591.53 541.32 483.95 426.58 375.27 323.96 286.24 248.51 225.73 202.94 192.10 181.25 177.56 173.87 173.25 172.64 172.86 173.08 173.27 173.46 173.19 172.92 172.02 171.11 169.73 168.36 166.72 165.08
-21.89 -24.86 -27.82 -30.08 -32.34 -33.44 -34.55 -34.30 -34.05 -32.72 -31.40 -30.15 -28.91 -29.98 -31.04 -37.17 -43.30 -56.12 -68.95 -86.90 -104.86 -121.92 -138.99 -145.74 -152.50 -139.77 -127.05 -90.45 -53.86 3.79 61.45 131.63 201.81 274.21 346.61 412.26 477.90 529.37 580.84 610.94 641.04 643.85 646.66 621.90 597.14 552.80 508.46 457.69 406.92 361.74 316.56 283.81 251.07 231.88 212.69 204.03 195.36 192.50 189.64 188.68 187.71 186.76 185.81 184.48 183.15 181.45 179.75 177.74 175.74 173.62 171.51 169.38 167.26
-23.43 -26.63 -29.82 -32.34 -34.86 -36.25 -37.63 -37.66 -37.69 -36.61 -35.52 -34.43 -33.34 -34.44 -35.54 -41.53 -47.52 -60.07 -72.61 -90.25 -107.89 -124.85 -141.81 -149.09 -156.36 -145.18 -134.01 -100.24 -66.48 -12.82 40.84 106.40 171.97 239.83 307.70 369.46 431.23 479.88 528.53 557.44 586.35 590.34 594.34 573.44 552.53 514.07 475.61 431.44 387.26 348.20 309.15 281.39 253.63 238.04 222.44 215.96 209.47 207.44 205.41 204.10 202.79 200.67 198.55 195.70 192.84 189.71 186.57 183.47 180.37 177.51 174.66 172.04 169.43
-24.48 -27.88 -31.29 -34.09 -36.89 -38.61 -40.33 -40.72 -41.11 -40.33 -39.55 -38.64 -37.73 -38.79 -39.84 -45.50 -51.16 -63.09 -75.02 -91.94 -108.87 -125.42 -141.98 -149.73 -157.49 -148.31 -139.12 -109.20 -79.29 -31.20 16.88 75.77 134.66 195.64 256.62 312.09 367.55 411.16 454.76 480.70 506.65 510.73 514.81 497.41 480.01 447.72 415.43 378.60 341.76 309.83 277.89 256.18 234.47 223.52 212.57 209.22 205.88 205.55 205.22 204.37 203.52 201.00 198.47 194.82 191.17 187.27 183.36 179.77 176.18 173.13 170.08 167.46 164.84
-25.53 -29.14 -32.76 -35.84 -38.92 -40.98 -43.04 -43.78 -44.52 -44.05 -43.59 -42.86 -42.12 -43.13 -44.14 -49.47 -54.79 -66.11 -77.43 -93.64 -109.85 -126.00 -142.14 -150.38 -158.63 -151.43 -144.23 -118.16 -92.09 -49.59 -7.08 45.13 97.34 151.45 205.55 254.72 303.88 342.44 380.99 403.97 426.96 431.12 435.29 421.39 407.49 381.37 355.25 325.76 296.27 271.45 246.63 230.98 215.32 209.01 202.69 202.49 202.29 203.66 205.02 204.64 204.25 201.32 198.40 193.95 189.50 184.83 180.16 176.07 171.99 168.75 165.51 162.88 160.25
