test/esri_led_60/synt_tma_1200m_led_60.esri
nrows             510
ncols             462
xllcorner      398000.00
yllcorner     7846000.00
cellsize          500.00
NODATA_value    -9999
[rows 198 to 230 of 510, columns 370 to 443 of 462]
72.25 72.17 72.09 71.87 71.66 71.33 71.00 70.55 70.11 69.53 68.95 68.22 67.49 66.60 65.71 64.65 63.58 62.34 61.09 59.64 58.20 56.53 54.87 52.97 51.08 48.94 46.80 44.43 42.06 39.50 36.95 34.28 31.62 28.94 26.27 23.71 21.15 18.84 16.52 14.59 12.65 11.20 9.74 8.82 7.90 7.53 7.15 7.28 7.40 7.95 8.50 9.38 10.25 11.35 12.45 13.68 14.90 16.17 17.44 18.71 19.97 21.19 22.42 23.58 24.75 25.83 26.91 27.86 28.82 29.57 30.33 30.77 31.21 31.21
72.19 72.14 72.09 71.90 71.71 71.39 71.08 70.65 70.22 69.66 69.10 68.40 67.70 66.84 65.99 64.97 63.96 62.77 61.59 60.21 58.83 57.24 55.64 53.81 51.98 49.89 47.80 45.47 43.14 40.60 38.07 35.41 32.75 30.08 27.41 24.84 22.28 19.96 17.64 15.70 13.76 12.30 10.83 9.91 8.98 8.59 8.21 8.32 8.43 8.96 9.49 10.35 11.20 12.27 13.35 14.55 15.75 16.99 18.24 19.48 20.72 21.92 23.13 24.27 25.42 26.48 27.55 28.48 29.42 30.15 30.88 31.31 31.73 31.70
71.66 71.66 71.65 71.49 71.33 71.04 70.75 70.35 69.94 69.41 68.88 68.21 67.54 66.74 65.94 64.99 64.04 62.94 61.83 60.55 59.26 57.76 56.26 54.52 52.77 50.76 48.75 46.47 44.19 41.70 39.20 36.56 33.93 31.26 28.60 26.03 23.47 21.14 18.82 16.87 14.92 13.44 11.97 11.03 10.08 9.68 9.27 9.36 9.45 9.96 10.46 11.28 12.10 13.14 14.18 15.35 16.52 17.73 18.95 20.16 21.37 22.55 23.72 24.85 25.97 27.01 28.06 28.98 29.89 30.61 31.33 31.74 32.14 32.11
71.13 71.17 71.21 71.08 70.95 70.69 70.43 70.04 69.66 69.15 68.65 68.02 67.39 66.64 65.89 65.00 64.12 63.10 62.08 60.88 59.69 58.29 56.88 55.22 53.57 51.63 49.69 47.47 45.25 42.79 40.33 37.72 35.10 32.44 29.78 27.22 24.65 22.33 20.00 18.04 16.08 14.59 13.10 12.15 11.19 10.77 10.34 10.41 10.47 10.95 11.42 12.21 13.00 14.01 15.02 16.15 17.28 18.47 19.65 20.83 22.02 23.17 24.32 25.42 26.52 27.55 28.57 29.47 30.37 31.07 31.77 32.17 32.56 32.51
70.05 70.14 70.23 70.15 70.07 69.84 69.61 69.26 68.91 68.45 67.98 67.40 66.82 66.14 65.45 64.65 63.85 62.93 62.01 60.92 59.84 58.55 57.26 55.72 54.17 52.33 50.48 48.34 46.19 43.78 41.38 38.79 36.21 33.57 30.93 28.37 25.82 23.49 21.16 19.19 17.22 15.72 14.22 13.24 12.27 11.82 11.37 11.40 11.44 11.88 12.32 13.07 13.82 14.78 15.75 16.84 17.93 19.08 20.22 21.37 22.52 23.64 24.77 25.84 26.92 27.93 28.93 29.82 30.70 31.40 32.09 32.47 32.86 32.81
68.97 69.11 69.26 69.22 69.18 68.99 68.80 68.49 68.17 67.74 67.32 66.79 66.26 65.64 65.01 64.30 63.58 62.76 61.94 60.96 59.99 58.82 57.64 56.21 54.77 53.02 51.27 49.20 47.13 44.78 42.42 39.87 37.32 34.70 32.08 29.53 26.98 24.65 22.31 20.34 18.36 16.85 15.33 14.34 13.34 12.87 12.39 12.40 12.40 12.80 13.21 13.92 14.63 15.55 16.48 17.53 18.58 19.69 20.79 21.91 23.02 24.12 25.21 26.27 27.32 28.31 29.29 30.16 31.04 31.72 32.40 32.78 33.16 33.11
67.31 67.52 67.73 67.75 67.77 67.63 67.49 67.23 66.96 66.59 66.22 65.75 65.29 64.75 64.20 63.59 62.97 62.26 61.55 60.70 59.85 58.80 57.76 56.44 55.13 53.49 51.85 49.86 47.88 45.59 43.30 40.80 38.29 35.70 33.11 30.58 28.04 25.71 23.39 21.41 19.43 17.90 16.37 15.35 14.34 13.83 13.33 13.29 13.26 13.62 13.98 14.64 15.30 16.18 17.05 18.06 19.06 20.13 21.19 22.27 23.35 24.41 25.48 26.51 27.54 28.51 29.48 30.34 31.20 31.88 32.56 32.95 33.34 33.30
65.65 65.92 66.20 66.28 66.35 66.27 66.18 65.97 65.75 65.43 65.12 64.72 64.32 63.86 63.40 62.87 62.35 61.76 61.16 60.43 59.71 58.79 57.87 56.68 55.48 53.95 52.42 50.52 48.62 46.40 44.18 41.72 39.27 36.70 34.14 31.62 29.10 26.78 24.46 22.48 20.49 18.95 17.41 16.37 15.33 14.79 14.26 14.19 14.11 14.43 14.75 15.36 15.98 16.80 17.63 18.59 19.55 20.57 21.59 22.63 23.68 24.71 25.74 26.75 27.76 28.71 29.67 30.52 31.37 32.05 32.73 33.12 33.51 33.49
63.43 63.79 64.15 64.30 64.46 64.44 64.43 64.28 64.14 63.90 63.65 63.34 63.02 62.65 62.28 61.87 61.46 60.98 60.50 59.90 59.30 58.51 57.72 56.65 55.58 54.16 52.74 50.93 49.13 46.98 44.83 42.43 40.03 37.51 34.99 32.49 30.00 27.69 25.39 23.40 21.42 19.87 18.31 17.25 16.18 15.61 15.04 14.93 14.81 15.07 15.34 15.90 16.46 17.23 18.01 18.91 19.82 20.80 21.78 22.78 23.79 24.80 25.80 26.79 27.78 28.72 29.67 30.52 31.37 32.05 32.73 33.14 33.55 33.56
61.21 61.66 62.10 62.33 62.56 62.62 62.68 62.60 62.53 62.36 62.19 61.95 61.72 61.45 61.17 60.86 60.56 60.20 59.84 59.37 58.90 58.24 57.58 56.63 55.68 54.37 53.06 51.35 49.64 47.56 45.48 43.14 40.79 38.31 35.83 33.37 30.90 28.61 26.31 24.33 22.35 20.78 19.22 18.13 17.04 16.43 15.83 15.66 15.50 15.71 15.93 16.44 16.94 17.66 18.38 19.24 20.10 21.03 21.97 22.94 23.91 24.89 25.86 26.83 27.80 28.74 29.67 30.52 31.36 32.05 32.74 33.17 33.59 33.63
58.52 59.06 59.60 59.93 60.26 60.41 60.56 60.58 60.60 60.53 60.45 60.32 60.18 60.02 59.85 59.65 59.46 59.22 58.97 58.63 58.28 57.74 57.20 56.36 55.53 54.32 53.11 51.48 49.86 47.86 45.86 43.58 41.29 38.86 36.43 34.00 31.57 29.30 27.03 25.05 23.08 21.50 19.93 18.81 17.70 17.05 16.41 16.19 15.98 16.14 16.29 16.74 17.19 17.85 18.51 19.32 20.13 21.02 21.91 22.85 23.79 24.74 25.70 26.66 27.61 28.54 29.47 30.33 31.18 31.89 32.59 33.04 33.50 33.57
55.82 56.46 57.11 57.53 57.96 58.20 58.45 58.56 58.68 58.70 58.72 58.68 58.65 58.59 58.53 58.44 58.36 58.24 58.11 57.89 57.66 57.24 56.82 56.09 55.37 54.26 53.16 51.62 50.09 48.16 46.24 44.02 41.79 39.41 37.03 34.63 32.24 29.99 27.74 25.78 23.81 22.22 20.64 19.50 18.36 17.67 16.99 16.72 16.46 16.56 16.65 17.04 17.43 18.04 18.64 19.40 20.16 21.01 21.86 22.76 23.67 24.60 25.54 26.48 27.43 28.35 29.28 30.14 31.00 31.72 32.44 32.92 33.40 33.51
52.76 53.52 54.27 54.81 55.36 55.72 56.08 56.31 56.54 56.67 56.81 56.89 56.97 57.02 57.08 57.11 57.14 57.13 57.11 56.99 56.87 56.55 56.23 55.60 54.97 53.95 52.92 51.47 50.01 48.16 46.30 44.14 41.99 39.66 37.33 34.98 32.63 30.41 28.20 26.24 24.29 22.70 21.11 19.94 18.78 18.05 17.32 17.00 16.68 16.72 16.75 17.08 17.41 17.95 18.50 19.21 19.92 20.73 21.55 22.43 23.31 24.23 25.15 26.09 27.03 27.96 28.89 29.76 30.64 31.39 32.13 32.65 33.17 33.33
49.70 50.57 51.44 52.10 52.75 53.23 53.71 54.05 54.40 54.65 54.90 55.09 55.29 55.46 55.63 55.77 55.92 56.01 56.11 56.10 56.08 55.86 55.64 55.10 54.57 53.63 52.69 51.31 49.94 48.15 46.37 44.27 42.18 39.90 37.63 35.33 33.02 30.84 28.65 26.71 24.77 23.17 21.58 20.39 19.20 18.42 17.65 17.27 16.90 16.87 16.85 17.11 17.38 17.87 18.36 19.02 19.68 20.46 21.24 22.09 22.94 23.85 24.75 25.69 26.63 27.56 28.50 29.39 30.28 31.06 31.83 32.38 32.93 33.15
46.41 47.40 48.40 49.18 49.97 50.58 51.19 51.66 52.13 52.51 52.89 53.22 53.54 53.82 54.11 54.37 54.62 54.82 55.01 55.08 55.15 55.01 54.86 54.40 53.93 53.05 52.18 50.86 49.54 47.82 46.10 44.06 42.03 39.81 37.60 35.34 33.09 30.94 28.79 26.88 24.96 23.36 21.77 20.55 19.34 18.52 17.70 17.27 16.84 16.75 16.66 16.87 17.07 17.51 17.95 18.56 19.18 19.93 20.67 21.51 22.35 23.24 24.14 25.09 26.03 26.98 27.93 28.85 29.76 30.57 31.37 31.97 32.57 32.84
43.12 44.24 45.35 46.27 47.18 47.92 48.66 49.27 49.87 50.38 50.89 51.34 51.78 52.19 52.59 52.96 53.32 53.62 53.91 54.07 54.23 54.16 54.09 53.69 53.29 52.48 51.66 50.41 49.15 47.49 45.83 43.85 41.88 39.72 37.56 35.36 33.16 31.05 28.94 27.04 25.14 23.55 21.95 20.71 19.48 18.62 17.76 17.27 16.78 16.63 16.48 16.62 16.76 17.15 17.53 18.10 18.68 19.39 20.11 20.93 21.75 22.64 23.54 24.48 25.43 26.39 27.36 28.30 29.24 30.08 30.92 31.56 32.20 32.53
39.77 41.00 42.24 43.28 44.33 45.20 46.07 46.82 47.56 48.20 48.84 49.42 50.00 50.52 51.04 51.51 51.98 52.35 52.73 52.95 53.18 53.15 53.13 52.77 52.42 51.64 50.87 49.65 48.44 46.83 45.21 43.29 41.37 39.27 37.17 35.02 32.88 30.81 28.75 26.88 25.01 23.42 21.83 20.57 19.32 18.42 17.52 16.97 16.43 16.22 16.01 16.09 16.18 16.52 16.85 17.39 17.93 18.62 19.31 20.12 20.93 21.83 22.73 23.69 24.65 25.64 26.63 27.60 28.57 29.44 30.32 31.02 31.71 32.10
36.41 37.77 39.13 40.30 41.47 42.48 43.49 44.37 45.24 46.02 46.80 47.50 48.21 48.85 49.49 50.06 50.63 51.09 51.55 51.84 52.12 52.15 52.18 51.86 51.54 50.81 50.07 48.90 47.73 46.16 44.60 42.73 40.87 38.82 36.78 34.69 32.60 30.58 28.56 26.72 24.88 23.29 21.71 20.43 19.16 18.22 17.28 16.68 16.08 15.81 15.54 15.57 15.60 15.88 16.17 16.67 17.18 17.85 18.52 19.32 20.12 21.02 21.93 22.90 23.87 24.89 25.90 26.90 27.89 28.81 29.73 30.47 31.21 31.67
33.16 34.62 36.08 37.37 38.66 39.79 40.92 41.93 42.94 43.85 44.75 45.58 46.41 47.16 47.91 48.57 49.23 49.76 50.28 50.61 50.94 51.00 51.05 50.75 50.44 49.72 49.00 47.85 46.70 45.17 43.64 41.82 40.01 38.02 36.03 34.00 31.96 30.00 28.03 26.22 24.42 22.85 21.28 19.99 18.70 17.73 16.75 16.11 15.46 15.14 14.81 14.79 14.77 15.01 15.26 15.73 16.20 16.86 17.52 18.32 19.12 20.04 20.95 21.94 22.94 23.98 25.02 26.05 27.08 28.04 29.00 29.79 30.59 31.11
29.90 31.47 33.03 34.44 35.84 37.10 38.36 39.50 40.63 41.67 42.71 43.66 44.61 45.47 46.33 47.08 47.83 48.42 49.02 49.39 49.77 49.84 49.92 49.63 49.35 48.64 47.93 46.81 45.68 44.19 42.69 40.92 39.15 37.21 35.28 33.31 31.33 29.42 27.50 25.73 23.96 22.40 20.84 19.54 18.24 17.23 16.23 15.53 14.84 14.46 14.08 14.01 13.93 14.14 14.34 14.79 15.23 15.88 16.52 17.32 18.12 19.05 19.97 20.99 22.00 23.07 24.14 25.20 26.27 27.27 28.27 29.12 29.97 30.56
26.89 28.54 30.18 31.68 33.17 34.54 35.90 37.15 38.40 39.55 40.70 41.76 42.82 43.77 44.73 45.55 46.38 47.02 47.67 48.07 48.46 48.55 48.63 48.33 48.04 47.33 46.62 45.50 44.38 42.90 41.43 39.70 37.97 36.09 34.21 32.29 30.37 28.51 26.65 24.92 23.19 21.65 20.12 18.81 17.51 16.48 15.45 14.71 13.98 13.55 13.13 13.01 12.89 13.06 13.23 13.66 14.08 14.71 15.35 16.15 16.96 17.90 18.84 19.88 20.92 22.02 23.11 24.22 25.32 26.36 27.41 28.30 29.20 29.86
23.88 25.60 27.33 28.92 30.51 31.97 33.44 34.80 36.16 37.42 38.69 39.85 41.02 42.08 43.13 44.03 44.93 45.62 46.32 46.74 47.16 47.25 47.33 47.03 46.73 46.02 45.30 44.19 43.07 41.62 40.17 38.48 36.78 34.96 33.13 31.27 29.41 27.60 25.80 24.11 22.42 20.91 19.39 18.08 16.78 15.72 14.66 13.89 13.11 12.64 12.17 12.01 11.85 11.99 12.12 12.52 12.92 13.55 14.18 14.99 15.80 16.76 17.71 18.78 19.84 20.97 22.09 23.23 24.37 25.45 26.54 27.49 28.44 29.16
21.26 23.03 24.80 26.45 28.10 29.64 31.17 32.61 34.06 35.41 36.76 38.01 39.27 40.40 41.52 42.48 43.44 44.16 44.89 45.32 45.75 45.82 45.90 45.57 45.25 44.52 43.79 42.67 41.55 40.11 38.67 37.01 35.35 33.57 31.79 29.98 28.18 26.43 24.68 23.04 21.40 19.91 18.42 17.12 15.82 14.75 13.67 12.87 12.06 11.55 11.05 10.85 10.65 10.76 10.86 11.24 11.62 12.24 12.87 13.68 14.50 15.47 16.45 17.53 18.62 19.78 20.94 22.11 23.28 24.40 25.53 26.53 27.53 28.32
18.64 20.46 22.28 23.98 25.69 27.30 28.91 30.43 31.95 33.39 34.83 36.17 37.51 38.72 39.92 40.93 41.95 42.71 43.46 43.90 44.34 44.40 44.46 44.12 43.77 43.02 42.27 41.15 40.02 38.59 37.17 35.54 33.91 32.17 30.44 28.70 26.95 25.26 23.56 21.97 20.37 18.91 17.45 16.15 14.86 13.77 12.68 11.85 11.01 10.46 9.92 9.68 9.45 9.52 9.60 9.96 10.33 10.94 11.55 12.38 13.20 14.19 15.18 16.29 17.40 18.59 19.78 20.98 22.19 23.35 24.52 25.57 26.62 27.47
16.56 18.39 20.22 21.94 23.67 25.31 26.95 28.52 30.09 31.58 33.07 34.46 35.85 37.10 38.35 39.40 40.45 41.22 41.99 42.42 42.85 42.89 42.93 42.56 42.18 41.41 40.63 39.49 38.35 36.93 35.51 33.90 32.30 30.61 28.92 27.22 25.53 23.89 22.25 20.70 19.15 17.72 16.29 15.01 13.73 12.63 11.54 10.68 9.82 9.25 8.67 8.40 8.14 8.18 8.23 8.57 8.92 9.52 10.13 10.95 11.78 12.78 13.79 14.92 16.05 17.26 18.48 19.71 20.95 22.15 23.35 24.45 25.55 26.46
14.48 16.32 18.16 19.90 21.65 23.32 25.00 26.61 28.22 29.76 31.30 32.75 34.19 35.49 36.79 37.87 38.95 39.74 40.52 40.95 41.37 41.38 41.40 41.00 40.59 39.79 38.99 37.83 36.68 35.27 33.85 32.27 30.69 29.04 27.39 25.75 24.10 22.52 20.93 19.43 17.93 16.54 15.14 13.87 12.60 11.50 10.40 9.52 8.64 8.03 7.42 7.12 6.82 6.84 6.86 7.18 7.51 8.10 8.70 9.53 10.36 11.37 12.39 13.54 14.70 15.94 17.17 18.44 19.71 20.95 22.19 23.33 24.48 25.45
13.09 14.90 16.72 18.45 20.17 21.84 23.50 25.11 26.71 28.26 29.81 31.27 32.73 34.04 35.35 36.43 37.52 38.30 39.07 39.47 39.87 39.86 39.84 39.40 38.96 38.13 37.30 36.13 34.96 33.54 32.13 30.56 29.00 27.38 25.77 24.17 22.57 21.04 19.50 18.04 16.59 15.22 13.86 12.61 11.35 10.25 9.15 8.26 7.36 6.73 6.10 5.77 5.44 5.43 5.42 5.71 6.01 6.60 7.18 8.00 8.83 9.85 10.87 12.04 13.21 14.47 15.73 17.02 18.32 19.59 20.87 22.05 23.24 24.28
11.70 13.49 15.28 16.99 18.70 20.35 22.00 23.60 25.21 26.77 28.32 29.79 31.26 32.58 33.90 34.99 36.08 36.85 37.62 38.00 38.38 38.33 38.28 37.81 37.34 36.47 35.61 34.42 33.24 31.82 30.41 28.86 27.31 25.73 24.15 22.59 21.04 19.55 18.06 16.65 15.24 13.91 12.58 11.34 10.11 9.01 7.91 7.00 6.09 5.43 4.77 4.41 4.05 4.01 3.97 4.25 4.52 5.09 5.65 6.48 7.30 8.33 9.35 10.54 11.72 13.00 14.28 15.61 16.93 18.24 19.54 20.78 22.01 23.10
11.16 12.90 14.64 16.29 17.94 19.54 21.13 22.69 24.25 25.76 27.27 28.70 30.14 31.42 32.71 33.77 34.83 35.56 36.29 36.63 36.97 36.88 36.78 36.27 35.76 34.86 33.97 32.76 31.55 30.13 28.71 27.17 25.63 24.07 22.51 20.99 19.47 18.02 16.57 15.20 13.82 12.52 11.22 10.00 8.78 7.69 6.59 5.67 4.75 4.07 3.39 3.00 2.61 2.54 2.47 2.71 2.96 3.50 4.05 4.86 5.67 6.70 7.72 8.92 10.11 11.41 12.71 14.05 15.40 16.74 18.08 19.35 20.63 21.78
10.63 12.31 14.00 15.59 17.19 18.73 20.27 21.78 23.28 24.75 26.22 27.62 29.01 30.27 31.52 32.54 33.57 34.26 34.96 35.26 35.55 35.42 35.29 34.73 34.18 33.25 32.32 31.09 29.87 28.44 27.01 25.48 23.95 22.41 20.88 19.39 17.90 16.49 15.08 13.74 12.40 11.13 9.86 8.66 7.46 6.37 5.27 4.34 3.42 2.71 2.01 1.59 1.17 1.07 0.96 1.18 1.39 1.92 2.44 3.24 4.04 5.07 6.09 7.30 8.50 9.81 11.13 12.50 13.87 15.24 16.62 17.93 19.25 20.46
11.13 12.74 14.35 15.86 17.36 18.81 20.25 21.66 23.07 24.44 25.81 27.11 28.42 29.59 30.76 31.70 32.64 33.26 33.88 34.11 34.34 34.15 33.95 33.35 32.75 31.78 30.81 29.55 28.30 26.85 25.41 23.88 22.35 20.82 19.29 17.82 16.35 14.96 13.58 12.26 10.95 9.70 8.44 7.26 6.07 4.99 3.90 2.96 2.03 1.30 0.58 0.14 -0.31 -0.45 -0.59 -0.41 -0.23 0.27 0.76 1.55 2.33 3.35 4.38 5.59 6.80 8.13 9.46 10.85 12.25 13.65 15.06 16.42 17.78 19.04
11.63 13.17 14.70 16.12 17.54 18.89 20.24 21.54 22.85 24.13 25.40 26.61 27.83 28.91 29.99 30.85 31.72 32.26 32.81 32.97 33.13 32.88 32.62 31.97 31.31 30.30 29.29 28.01 26.73 25.27 23.81 22.28 20.75 19.23 17.71 16.26 14.80 13.44 12.07 10.78 9.49 8.26 7.03 5.86 4.69 3.61 2.52 1.58 0.63 -0.11 -0.85 -1.32 -1.80 -1.98 -2.15 -2.00 -1.85 -1.38 -0.91 -0.14 0.62 1.64 2.66 3.88 5.09 6.44 7.79 9.21 10.63 12.06 13.50 14.90 16.30 17.62
13.32 14.78 16.23 17.53 18.84 20.06 21.27 22.43 23.60 24.72 25.84 26.90 27.96 28.90 29.83 30.56 31.29 31.71 32.14 32.20 32.25 31.91 31.57 30.84 30.12 29.05 27.99 26.67 25.34 23.86 22.37 20.82 19.27 17.74 16.22 14.77 13.31 11.95 10.59 9.31 8.02 6.80 5.58 4.42 3.25 2.17 1.09 0.14 -0.81 -1.57 -2.33 -2.83 -3.34 -3.54 -3.75 -3.63 -3.51 -3.07 -2.62 -1.87 -1.12 -0.10 0.92 2.14 3.36 4.73 6.09 7.54 8.98 10.45 11.91 13.35 14.80 16.17
