test/esri_led_60/synt_tma_4800m_led_60.esri
nrows             510
ncols             462
xllcorner      398000.00
yllcorner     7846000.00
cellsize          500.00
NODATA_value    -9999
[rows 288 to 319 of 510, columns 360 to 431 of 462]
-25.67 -27.48 -29.30 -31.22 -33.15 -34.69 -36.23 -37.19 -38.16 -38.51 -38.86 -38.60 -38.33 -37.56 -36.78 -35.73 -34.68 -33.76 -32.84 -32.49 -32.15 -32.54 -32.93 -33.79 -34.65 -35.45 -36.25 -36.54 -36.83 -36.42 -36.02 -34.95 -33.89 -32.21 -30.53 -28.19 -25.85 -22.91 -19.97 -16.88 -13.79 -11.38 -8.98 -8.09 -7.20 -7.95 -8.71 -10.32 -11.92 -13.25 -14.57 -14.87 -15.17 -14.20 -13.23 -11.05 -8.88 -5.93 -2.97 0.02 3.02 5.48 7.94 9.72 11.50 12.52 13.54 13.53 13.53 12.42 11.32 9.65
-27.00 -28.86 -30.72 -32.71 -34.69 -36.29 -37.89 -38.91 -39.94 -40.34 -40.75 -40.51 -40.27 -39.46 -38.65 -37.52 -36.39 -35.34 -34.30 -33.78 -33.26 -33.42 -33.58 -34.16 -34.74 -35.21 -35.69 -35.62 -35.55 -34.78 -34.01 -32.62 -31.23 -29.34 -27.45 -25.08 -22.71 -19.92 -17.14 -14.35 -11.57 -9.56 -7.55 -7.05 -6.56 -7.67 -8.78 -10.70 -12.61 -14.23 -15.85 -16.46 -17.08 -16.45 -15.83 -13.98 -12.13 -9.39 -6.65 -3.64 -0.64 2.10 4.83 7.07 9.31 10.83 12.36 12.73 13.10 12.12 11.15 9.29
-27.05 -28.74 -30.44 -32.29 -34.14 -35.65 -37.16 -38.12 -39.09 -39.44 -39.79 -39.53 -39.26 -38.47 -37.67 -36.54 -35.42 -34.32 -33.23 -32.56 -31.88 -31.77 -31.65 -31.83 -32.02 -32.00 -31.99 -31.37 -30.76 -29.42 -28.09 -26.17 -24.25 -22.01 -19.76 -17.37 -14.98 -12.61 -10.24 -8.22 -6.20 -5.08 -3.96 -4.31 -4.65 -6.48 -8.31 -10.83 -13.35 -15.46 -17.57 -18.54 -19.51 -19.09 -18.67 -16.89 -15.12 -12.33 -9.54 -6.36 -3.17 -0.10 2.97 5.65 8.34 10.34 12.33 13.12 13.91 13.23 12.56 10.83
-27.10 -28.62 -30.15 -31.87 -33.59 -35.02 -36.44 -37.34 -38.24 -38.54 -38.84 -38.55 -38.26 -37.47 -36.68 -35.56 -34.44 -33.30 -32.16 -31.33 -30.50 -30.11 -29.72 -29.51 -29.29 -28.79 -28.28 -27.13 -25.97 -24.07 -22.17 -19.73 -17.28 -14.67 -12.06 -9.65 -7.24 -5.30 -3.35 -2.10 -0.84 -0.61 -0.38 -1.56 -2.74 -5.29 -7.84 -10.96 -14.09 -16.69 -19.29 -20.62 -21.95 -21.73 -21.51 -19.81 -18.10 -15.27 -12.44 -9.07 -5.70 -2.30 1.11 4.24 7.37 9.84 12.31 13.51 14.71 14.34 13.97 12.37
-25.87 -27.10 -28.33 -29.81 -31.28 -32.53 -33.77 -34.53 -35.29 -35.46 -35.62 -35.26 -34.90 -34.12 -33.34 -32.28 -31.21 -30.04 -28.88 -27.89 -26.91 -26.20 -25.49 -24.80 -24.10 -22.99 -21.88 -20.04 -18.21 -15.61 -13.01 -9.88 -6.76 -3.65 -0.54 1.89 4.32 5.64 6.96 7.11 7.26 6.23 5.21 2.87 0.52 -3.01 -6.54 -10.48 -14.42 -17.65 -20.88 -22.59 -24.29 -24.16 -24.02 -22.19 -20.35 -17.28 -14.21 -10.56 -6.90 -3.16 0.59 4.10 7.62 10.49 13.35 14.94 16.52 16.51 16.50 15.21
-24.65 -25.58 -26.52 -27.74 -28.97 -30.04 -31.11 -31.72 -32.34 -32.37 -32.41 -31.97 -31.53 -30.77 -30.01 -28.99 -27.97 -26.78 -25.60 -24.45 -23.31 -22.28 -21.25 -20.08 -18.91 -17.19 -15.47 -12.96 -10.45 -7.15 -3.85 -0.04 3.76 7.37 10.98 13.43 15.88 16.57 17.27 16.31 15.35 13.07 10.79 7.29 3.79 -0.72 -5.24 -9.99 -14.75 -18.62 -22.48 -24.56 -26.64 -26.59 -26.53 -24.56 -22.59 -19.29 -15.99 -12.04 -8.10 -4.02 0.07 3.97 7.87 11.13 14.40 16.37 18.33 18.68 19.03 18.05
-22.45 -23.12 -23.79 -24.79 -25.78 -26.68 -27.59 -28.05 -28.52 -28.39 -28.27 -27.70 -27.13 -26.31 -25.50 -24.45 -23.40 -22.11 -20.82 -19.46 -18.10 -16.73 -15.36 -13.71 -12.06 -9.74 -7.43 -4.25 -1.08 2.91 6.91 11.40 15.89 20.01 24.13 26.59 29.05 29.07 29.10 26.97 24.84 21.25 17.66 12.96 8.26 2.72 -2.82 -8.42 -14.02 -18.52 -23.01 -25.40 -27.80 -27.74 -27.68 -25.47 -23.26 -19.65 -16.04 -11.81 -7.58 -3.27 1.05 5.16 9.28 12.75 16.23 18.41 20.59 21.18 21.76 21.05
-20.26 -20.66 -21.07 -21.83 -22.59 -23.33 -24.06 -24.38 -24.70 -24.41 -24.12 -23.42 -22.72 -21.85 -20.99 -19.90 -18.82 -17.44 -16.05 -14.47 -12.89 -11.18 -9.47 -7.34 -5.21 -2.30 0.62 4.46 8.29 12.98 17.66 22.84 28.02 32.65 37.28 39.75 42.23 41.58 40.93 37.62 34.32 29.42 24.53 18.63 12.73 6.17 -0.40 -6.85 -13.30 -18.42 -23.53 -26.25 -28.97 -28.89 -28.82 -26.37 -23.92 -20.00 -16.08 -11.58 -7.07 -2.52 2.03 6.36 10.68 14.37 18.05 20.45 22.85 23.67 24.49 24.04
-17.73 -18.04 -18.35 -19.01 -19.68 -20.34 -21.01 -21.24 -21.46 -21.03 -20.59 -19.69 -18.79 -17.71 -16.62 -15.29 -13.97 -12.30 -10.62 -8.72 -6.82 -4.75 -2.68 -0.16 2.37 5.73 9.09 13.41 17.74 22.92 28.11 33.78 39.46 44.44 49.41 51.85 54.29 53.09 51.88 47.64 43.41 37.47 31.53 24.68 17.82 10.46 3.09 -3.99 -11.07 -16.62 -22.16 -25.05 -27.95 -27.79 -27.64 -24.95 -22.26 -18.08 -13.90 -9.25 -4.60 -0.06 4.48 8.69 12.89 16.43 19.97 22.26 24.54 25.31 26.07 25.65
-15.19 -15.41 -15.62 -16.19 -16.76 -17.36 -17.95 -18.09 -18.23 -17.64 -17.06 -15.96 -14.87 -13.56 -12.25 -10.68 -9.11 -7.15 -5.19 -2.97 -0.74 1.68 4.11 7.03 9.95 13.76 17.57 22.37 27.18 32.87 38.56 44.73 50.89 56.22 61.55 63.95 66.35 64.59 62.84 57.66 52.49 45.51 38.53 30.73 22.92 14.75 6.58 -1.14 -8.85 -14.82 -20.79 -23.86 -26.92 -26.69 -26.46 -23.53 -20.60 -16.16 -11.73 -6.93 -2.13 2.40 6.93 11.02 15.11 18.50 21.89 24.06 26.23 26.94 27.65 27.26
-12.94 -13.29 -13.65 -14.33 -15.00 -15.66 -16.31 -16.44 -16.57 -15.85 -15.13 -13.72 -12.32 -10.54 -8.76 -6.63 -4.49 -1.98 0.53 3.22 5.91 8.68 11.45 14.61 17.78 21.77 25.77 30.73 35.70 41.57 47.43 53.77 60.11 65.54 70.96 73.27 75.58 73.47 71.36 65.65 59.93 52.35 44.76 36.42 28.07 19.49 10.91 2.94 -5.04 -11.14 -17.23 -20.29 -23.34 -22.99 -22.63 -19.51 -16.39 -11.82 -7.25 -2.51 2.22 6.42 10.61 14.16 17.70 20.50 23.29 24.94 26.60 26.92 27.24 26.58
-10.68 -11.18 -11.68 -12.46 -13.24 -13.96 -14.68 -14.80 -14.92 -14.06 -13.20 -11.49 -9.77 -7.52 -5.27 -2.57 0.13 3.19 6.26 9.42 12.57 15.68 18.79 22.20 25.61 29.78 33.96 39.09 44.22 50.26 56.30 62.82 69.34 74.86 80.38 82.59 84.80 82.35 79.89 73.63 67.37 59.18 50.99 42.11 33.23 24.24 15.25 7.01 -1.24 -7.46 -13.67 -16.72 -19.77 -19.28 -18.80 -15.50 -12.19 -7.48 -2.77 1.90 6.57 10.43 14.29 17.30 20.30 22.49 24.69 25.83 26.96 26.90 26.84 25.89
-9.13 -10.03 -10.92 -12.00 -13.07 -13.97 -14.86 -15.01 -15.15 -14.08 -13.01 -10.78 -8.55 -5.49 -2.43 1.21 4.86 8.79 12.72 16.48 20.25 23.64 27.03 30.43 33.84 37.83 41.82 46.69 51.56 57.35 63.14 69.48 75.82 81.22 86.63 88.73 90.82 88.22 85.61 79.18 72.74 64.42 56.10 47.15 38.20 29.22 20.24 12.08 3.91 -2.18 -8.27 -11.18 -14.09 -13.48 -12.87 -9.46 -6.04 -1.33 3.38 7.79 12.20 15.43 18.66 20.76 22.87 24.14 25.41 25.76 26.11 25.43 24.75 23.33
-7.58 -8.87 -10.16 -11.53 -12.90 -13.98 -15.05 -15.22 -15.38 -14.10 -12.81 -10.07 -7.32 -3.46 0.40 5.00 9.59 14.39 19.19 23.55 27.92 31.59 35.27 38.67 42.07 45.88 49.68 54.29 58.90 64.44 69.99 76.15 82.30 87.59 92.88 94.86 96.85 94.09 91.33 84.72 78.12 69.66 61.20 52.18 43.17 34.20 25.23 17.15 9.06 3.10 -2.86 -5.64 -8.41 -7.67 -6.94 -3.42 0.10 4.82 9.54 13.68 17.82 20.42 23.02 24.23 25.45 25.79 26.14 25.69 25.25 23.96 22.67 20.77
-7.35 -9.29 -11.23 -13.05 -14.86 -16.15 -17.43 -17.52 -17.60 -15.87 -14.14 -10.53 -6.92 -1.82 3.28 9.26 15.23 21.24 27.25 32.35 37.45 41.26 45.06 48.07 51.08 54.18 57.28 61.05 64.83 69.58 74.32 79.86 85.40 90.33 95.27 97.13 98.99 96.30 93.60 87.23 80.86 72.79 64.73 56.17 47.61 39.07 30.53 22.80 15.08 9.39 3.69 1.07 -1.55 -0.79 -0.04 3.41 6.85 11.36 15.87 19.55 23.23 25.02 26.81 27.02 27.23 26.60 25.97 24.73 23.50 21.63 19.75 17.42
-7.12 -9.70 -12.29 -14.56 -16.82 -18.32 -19.81 -19.82 -19.82 -17.65 -15.47 -10.99 -6.51 -0.18 6.15 13.52 20.88 28.10 35.32 41.15 46.99 50.92 54.85 57.47 60.10 62.49 64.88 67.82 70.76 74.71 78.66 83.58 88.50 93.08 97.65 99.40 101.14 98.51 95.87 89.74 83.61 75.93 68.26 60.15 52.05 43.94 35.82 28.46 21.09 15.67 10.25 7.78 5.31 6.09 6.86 10.23 13.59 17.90 22.21 25.42 28.63 29.61 30.60 29.80 29.00 27.40 25.79 23.77 21.76 19.29 16.83 14.07
-9.07 -12.57 -16.07 -18.90 -21.72 -23.33 -24.94 -24.59 -24.23 -21.21 -18.18 -12.35 -6.52 1.59 9.71 18.99 28.28 37.10 45.92 52.59 59.26 63.06 66.86 68.53 70.20 71.15 72.10 73.44 74.78 77.20 79.62 83.30 86.97 90.76 94.54 96.08 97.61 95.36 93.11 87.84 82.57 75.99 69.41 62.39 55.36 48.14 40.91 34.18 27.46 22.41 17.36 14.95 12.55 13.08 13.61 16.51 19.41 23.12 26.82 29.31 31.80 31.96 32.12 30.47 28.82 26.48 24.15 21.63 19.11 16.37 13.64 10.79
-11.02 -15.44 -19.85 -23.24 -26.63 -28.35 -30.07 -29.36 -28.64 -24.77 -20.90 -13.71 -6.52 3.37 13.26 24.47 35.67 46.10 56.52 64.02 71.52 75.19 78.87 79.58 80.30 79.81 79.32 79.05 78.79 79.69 80.59 83.02 85.44 88.44 91.43 92.76 94.08 92.21 90.35 85.94 81.53 76.05 70.57 64.62 58.68 52.34 46.00 39.91 33.83 29.15 24.47 22.13 19.78 20.07 20.36 22.80 25.23 28.33 31.44 33.21 34.98 34.31 33.63 31.13 28.63 25.57 22.51 19.49 16.46 13.45 10.45 7.51
-15.38 -20.96 -26.53 -30.54 -34.55 -36.17 -37.80 -36.32 -34.83 -29.63 -24.42 -15.34 -6.27 6.02 18.30 32.05 45.79 58.26 70.72 79.15 87.57 90.76 93.95 93.00 92.05 89.24 86.42 83.69 80.95 79.53 78.10 78.54 78.98 80.60 82.22 83.17 84.11 83.03 81.95 79.18 76.40 72.82 69.25 65.01 60.78 55.75 50.73 45.53 40.34 36.09 31.84 29.41 26.98 26.67 26.36 27.82 29.27 31.28 33.29 34.09 34.88 33.47 32.05 29.03 26.01 22.63 19.25 16.16 13.07 10.28 7.48 4.96
-19.75 -26.48 -33.21 -37.84 -42.47 -44.00 -45.52 -43.27 -41.03 -34.49 -27.95 -16.98 -6.01 8.67 23.35 39.63 55.91 70.42 84.93 94.27 103.61 106.32 109.03 106.41 103.80 98.67 93.53 88.32 83.11 79.36 75.61 74.07 72.52 72.76 73.00 73.57 74.14 73.85 73.56 72.41 71.27 69.60 67.93 65.40 62.87 59.17 55.47 51.16 46.84 43.03 39.21 36.70 34.18 33.27 32.35 32.84 33.32 34.23 35.15 34.97 34.79 32.63 30.48 26.93 23.38 19.69 15.99 12.83 9.67 7.10 4.52 2.40
-25.29 -33.27 -41.26 -46.42 -51.59 -52.72 -53.84 -50.41 -46.98 -38.68 -30.39 -17.10 -3.81 13.74 31.29 50.60 69.91 86.82 103.74 114.02 124.31 126.13 127.95 122.98 118.01 109.79 101.56 93.18 84.80 78.14 71.48 67.41 63.35 61.80 60.24 60.32 60.39 61.17 61.95 62.98 64.02 64.80 65.57 65.13 64.69 62.49 60.28 56.90 53.51 50.06 46.61 43.84 41.06 39.24 37.42 36.55 35.69 35.22 34.74 33.50 32.27 29.55 26.82 23.11 19.40 15.80 12.21 9.43 6.64 4.74 2.83 1.56
-30.83 -40.06 -49.30 -55.01 -60.71 -61.44 -62.17 -57.55 -52.92 -42.88 -32.83 -17.22 -1.61 18.80 39.22 61.57 83.92 103.23 122.55 133.77 145.00 145.94 146.88 139.55 132.22 120.90 109.59 98.04 86.50 76.92 67.34 60.76 54.17 50.83 47.49 47.06 46.64 48.48 50.33 53.55 56.77 60.00 63.22 64.86 66.51 65.80 65.10 62.64 60.18 57.10 54.02 50.98 47.94 45.21 42.48 40.27 38.07 36.20 34.33 32.04 29.75 26.46 23.17 19.29 15.41 11.92 8.43 6.02 3.61 2.38 1.14 0.72
-35.35 -45.51 -55.68 -61.55 -67.42 -67.34 -67.27 -61.10 -54.93 -42.86 -30.79 -12.72 5.35 28.68 52.00 77.34 102.68 124.29 145.90 157.85 169.79 169.50 169.21 159.13 149.05 134.33 119.61 104.70 89.79 77.20 64.61 55.48 46.35 41.23 36.12 35.22 34.32 37.23 40.15 45.51 50.87 56.46 62.05 65.63 69.20 69.74 70.29 68.46 66.64 63.66 60.69 57.19 53.69 49.94 46.19 42.63 39.06 35.92 32.78 29.65 26.53 22.99 19.46 15.79 12.13 9.14 6.16 4.50 2.84 2.57 2.30 2.93
-39.87 -50.97 -62.07 -68.09 -74.12 -73.25 -72.38 -64.66 -56.94 -42.85 -28.76 -8.22 12.31 38.55 64.78 93.12 121.45 145.35 169.26 181.92 194.59 193.06 191.54 178.71 165.88 147.75 129.63 111.35 93.08 77.47 61.87 50.20 38.53 31.64 24.75 23.37 22.00 25.98 29.96 37.46 44.97 52.93 60.89 66.39 71.89 73.68 75.48 74.29 73.09 70.23 67.36 63.40 59.45 54.67 49.90 44.98 40.06 35.64 31.22 27.27 23.31 19.53 15.74 12.29 8.84 6.37 3.89 2.98 2.06 2.76 3.46 5.15
-41.56 -52.71 -63.86 -69.29 -74.73 -72.55 -70.38 -60.81 -51.24 -35.00 -18.76 4.07 26.89 55.46 84.02 114.49 144.97 170.31 195.66 208.45 221.24 218.25 215.27 199.79 184.30 163.06 141.82 120.57 99.33 81.18 63.03 49.35 35.68 27.51 19.33 17.66 15.98 20.72 25.46 34.44 43.43 52.99 62.55 69.26 75.98 78.37 80.77 79.63 78.49 75.27 72.05 67.43 62.81 57.11 51.41 45.50 39.59 34.38 29.17 24.90 20.63 17.10 13.57 10.83 8.09 6.57 5.06 5.20 5.34 7.12 8.89 11.58
-43.25 -54.45 -65.66 -70.49 -75.33 -71.86 -68.38 -56.96 -45.53 -27.14 -8.76 16.36 41.47 72.37 103.26 135.87 168.48 195.27 222.05 234.97 247.88 243.44 239.01 220.86 202.72 178.37 154.02 129.80 105.58 84.88 64.19 48.51 32.83 23.37 13.91 11.94 9.96 15.46 20.96 31.43 41.89 53.05 64.21 72.13 80.06 83.06 86.06 84.97 83.88 80.32 76.75 71.46 66.16 59.55 52.93 46.02 39.11 33.12 27.12 22.54 17.95 14.67 11.40 9.37 7.34 6.78 6.23 7.42 8.62 11.47 14.32 18.02
-41.90 -51.98 -62.05 -65.37 -68.68 -63.38 -58.07 -44.56 -31.05 -10.50 10.06 37.06 64.07 96.34 128.61 162.04 195.47 222.47 249.47 261.75 274.03 267.99 261.95 241.50 221.05 194.21 167.38 140.94 114.51 92.10 69.69 52.88 36.08 26.08 16.09 14.10 12.11 17.98 23.84 34.88 45.92 57.64 69.35 77.53 85.71 88.49 91.27 89.53 87.80 83.35 78.91 72.76 66.62 59.32 52.02 44.66 37.30 31.16 25.02 20.75 16.47 14.03 11.60 10.83 10.07 10.92 11.77 14.25 16.72 20.60 24.47 28.94
-40.55 -49.50 -58.45 -60.24 -62.03 -54.90 -47.77 -32.17 -16.58 6.15 28.87 57.77 86.68 120.32 153.96 188.21 222.46 249.67 276.88 288.53 300.18 292.53 284.89 262.13 239.37 210.05 180.74 152.09 123.45 99.32 75.19 57.25 39.32 28.79 18.27 16.27 14.26 20.49 26.72 38.34 49.96 62.22 74.49 82.92 91.36 93.92 96.48 94.10 91.71 86.39 81.07 74.07 67.07 59.09 51.12 43.30 35.49 29.21 22.92 18.96 14.99 13.40 11.80 12.30 12.80 15.06 17.31 21.07 24.82 29.72 34.62 39.86
-37.95 -44.81 -51.67 -51.23 -50.78 -41.48 -32.17 -14.43 3.30 28.00 52.71 82.96 113.21 147.27 181.34 215.31 249.29 275.83 302.38 312.90 323.42 314.05 304.68 279.89 255.09 223.91 192.73 162.73 132.72 107.82 82.91 64.78 46.64 36.34 26.04 24.35 22.67 29.06 35.44 47.02 58.60 70.66 82.71 90.65 98.58 100.24 101.89 98.27 94.65 88.09 81.52 73.62 65.72 57.36 49.00 41.25 33.51 27.65 21.79 18.65 15.50 15.19 14.89 17.00 19.11 22.98 26.86 31.88 36.90 42.59 48.27 53.95
-35.34 -40.12 -44.90 -42.22 -39.54 -28.06 -16.58 3.30 23.18 49.86 76.54 108.15 139.75 174.23 208.71 242.41 276.12 302.00 327.88 337.27 346.65 335.56 324.47 297.64 270.81 237.77 204.73 173.36 141.99 116.31 90.63 72.30 53.96 43.88 33.80 32.44 31.08 37.62 44.16 55.70 67.24 79.09 90.94 98.37 105.81 106.55 107.29 102.44 97.58 89.78 81.97 73.17 64.38 55.63 46.88 39.21 31.53 26.09 20.66 18.34 16.02 16.99 17.97 21.70 25.42 30.91 36.40 42.69 48.98 55.46 61.93 68.04
-34.48 -36.65 -38.82 -33.64 -28.47 -14.88 -1.29 20.34 41.96 69.95 97.95 130.04 162.14 196.13 230.12 262.77 295.43 320.18 344.92 353.03 361.14 348.48 335.81 307.41 279.01 244.92 210.83 179.11 147.40 122.00 96.60 79.02 61.43 52.29 43.15 42.48 41.81 48.53 55.26 66.53 77.80 89.09 100.38 106.94 113.49 113.00 112.50 106.22 99.95 90.94 81.92 72.46 63.01 54.28 45.56 38.43 31.29 26.73 22.17 20.98 19.79 22.14 24.48 29.70 34.91 41.72 48.53 55.66 62.79 69.53 76.28 82.32
-33.61 -33.17 -32.74 -25.07 -17.39 -1.70 13.99 37.37 60.74 90.05 119.35 151.94 184.52 218.02 251.52 283.13 314.74 338.36 361.97 368.80 375.64 361.39 347.15 317.18 287.21 252.07 216.92 184.86 152.80 127.68 102.57 85.74 68.91 60.70 52.49 52.52 52.54 59.45 66.36 77.36 88.37 99.09 109.82 115.50 121.18 119.44 117.70 110.01 102.32 92.09 81.86 71.75 61.64 52.93 44.23 37.64 31.06 27.38 23.69 23.63 23.56 27.28 31.00 37.70 44.40 52.53 60.66 68.62 76.59 83.61 90.63 96.60
