test/esri_led_60/synt_tma_2400m_led_60.esri
nrows             510
ncols             462
xllcorner      398000.00
yllcorner     7846000.00
cellsize          500.00
NODATA_value    -9999
[rows 264 to 296 of 510, columns 292 to 364 of 462]
39.11 40.46 41.81 43.83 45.86 48.51 51.16 54.37 57.57 61.27 64.96 69.10 73.23 77.73 82.22 86.99 91.76 96.69 101.61 106.54 111.47 116.20 120.93 125.22 129.51 133.12 136.72 139.43 142.13 143.72 145.30 145.56 145.82 144.64 143.45 140.84 138.23 134.32 130.42 125.38 120.35 114.46 108.56 102.17 95.78 89.32 82.86 76.76 70.65 65.25 59.84 55.43 51.02 47.83 44.63 42.79 40.95 40.52 40.09 41.03 41.98 44.19 46.40 49.68 52.96 57.02 61.07 65.54 70.01 74.48 78.94 82.97 87.01
39.83 41.36 42.89 45.10 47.32 50.14 52.97 56.29 59.62 63.37 67.11 71.22 75.33 79.74 84.15 88.78 93.41 98.17 102.92 107.66 112.39 116.93 121.47 125.57 129.67 133.09 136.52 139.05 141.59 143.02 144.44 144.56 144.68 143.37 142.06 139.35 136.63 132.64 128.64 123.55 118.46 112.54 106.61 100.21 93.81 87.36 80.91 74.82 68.73 63.34 57.95 53.52 49.09 45.84 42.59 40.62 38.66 38.03 37.40 38.06 38.73 40.58 42.44 45.29 48.15 51.76 55.36 59.39 63.41 67.48 71.55 75.30 79.04
41.31 42.99 44.66 47.01 49.37 52.30 55.23 58.60 61.97 65.68 69.40 73.39 77.39 81.62 85.85 90.24 94.64 99.11 103.58 108.02 112.46 116.68 120.91 124.71 128.51 131.65 134.80 137.08 139.35 140.56 141.76 141.70 141.63 140.17 138.72 135.90 133.08 129.02 124.97 119.87 114.77 108.87 102.97 96.64 90.31 83.95 77.60 71.61 65.63 60.33 55.04 50.69 46.34 43.11 39.89 37.90 35.91 35.17 34.43 34.91 35.38 36.97 38.55 41.07 43.59 46.82 50.04 53.68 57.32 61.05 64.77 68.26 71.74
42.79 44.61 46.43 48.93 51.42 54.45 57.49 60.90 64.32 68.00 71.68 75.57 79.45 83.50 87.55 91.70 95.86 100.05 104.25 108.38 112.52 116.44 120.36 123.85 127.35 130.21 133.08 135.10 137.12 138.10 139.08 138.83 138.57 136.97 135.37 132.45 129.53 125.41 121.30 116.19 111.07 105.20 99.34 93.07 86.81 80.55 74.28 68.40 62.52 57.32 52.13 47.85 43.58 40.39 37.20 35.18 33.16 32.31 31.47 31.75 32.04 33.35 34.66 36.85 39.03 41.88 44.72 47.98 51.23 54.61 57.99 61.21 64.44
45.11 47.04 48.96 51.53 54.10 57.16 60.21 63.58 66.95 70.51 74.06 77.74 81.42 85.19 88.95 92.77 96.59 100.40 104.21 107.94 111.67 115.17 118.68 121.79 124.89 127.39 129.89 131.59 133.29 134.00 134.71 134.25 133.78 132.03 130.28 127.27 124.26 120.13 115.99 110.91 105.83 100.06 94.28 88.15 82.02 75.93 69.83 64.13 58.42 53.40 48.38 44.26 40.15 37.07 34.00 32.04 30.07 29.22 28.36 28.56 28.75 29.89 31.04 32.98 34.93 37.48 40.03 42.97 45.91 49.00 52.09 55.08 58.08
47.43 49.46 51.49 54.14 56.79 59.86 62.94 66.26 69.59 73.01 76.44 79.91 83.39 86.87 90.36 93.84 97.32 100.75 104.18 107.50 110.81 113.91 117.01 119.72 122.43 124.57 126.70 128.08 129.46 129.91 130.35 129.67 128.99 127.09 125.19 122.10 119.00 114.84 110.68 105.63 100.59 94.91 89.22 83.23 77.24 71.31 65.38 59.85 54.33 49.48 44.64 40.68 36.72 33.76 30.80 28.90 26.99 26.12 25.25 25.36 25.46 26.44 27.41 29.12 30.82 33.08 35.34 37.97 40.60 43.39 46.19 48.95 51.72
50.49 52.58 54.67 57.33 59.98 62.99 66.01 69.19 72.37 75.57 78.78 81.95 85.12 88.24 91.36 94.41 97.46 100.42 103.38 106.21 109.04 111.65 114.26 116.52 118.77 120.49 122.21 123.23 124.26 124.41 124.56 123.67 122.78 120.74 118.71 115.55 112.40 108.25 104.11 99.15 94.18 88.65 83.11 77.31 71.50 65.79 60.08 54.79 49.50 44.89 40.28 36.54 32.79 30.01 27.24 25.47 23.69 22.90 22.10 22.20 22.31 23.21 24.11 25.66 27.21 29.26 31.31 33.70 36.09 38.64 41.20 43.76 46.31
53.56 55.71 57.86 60.51 63.17 66.12 69.07 72.11 75.15 78.13 81.12 83.99 86.86 89.60 92.35 94.98 97.60 100.09 102.59 104.93 107.27 109.39 111.52 113.31 115.10 116.41 117.72 118.38 119.05 118.91 118.77 117.67 116.56 114.39 112.22 109.01 105.80 101.67 97.54 92.66 87.78 82.39 76.99 71.38 65.77 60.28 54.79 49.74 44.68 40.31 35.93 32.40 28.87 26.27 23.68 22.04 20.40 19.67 18.94 19.05 19.15 19.97 20.80 22.20 23.60 25.45 27.29 29.43 31.58 33.89 36.21 38.56 40.91
57.13 59.29 61.44 64.03 66.62 69.42 72.22 75.03 77.84 80.51 83.19 85.68 88.16 90.47 92.77 94.91 97.04 99.00 100.97 102.77 104.57 106.17 107.77 109.07 110.37 111.24 112.12 112.42 112.73 112.31 111.88 110.58 109.28 107.00 104.72 101.49 98.26 94.19 90.11 85.36 80.61 75.40 70.19 64.81 59.43 54.20 48.97 44.18 39.40 35.29 31.18 27.90 24.62 22.25 19.88 18.42 16.96 16.37 15.78 15.95 16.13 16.95 17.78 19.11 20.44 22.14 23.85 25.81 27.77 29.88 32.00 34.16 36.32
60.70 62.87 65.03 67.55 70.07 72.72 75.37 77.95 80.53 82.89 85.26 87.36 89.47 91.33 93.20 94.84 96.48 97.92 99.35 100.62 101.88 102.95 104.02 104.83 105.64 106.08 106.52 106.46 106.40 105.70 104.99 103.50 102.00 99.61 97.23 93.97 90.72 86.70 82.69 78.06 73.44 68.41 63.39 58.24 53.09 48.12 43.15 38.63 34.12 30.27 26.43 23.40 20.37 18.23 16.08 14.81 13.53 13.07 12.61 12.86 13.11 13.93 14.76 16.02 17.28 18.84 20.41 22.18 23.96 25.87 27.79 29.76 31.74
64.43 66.55 68.67 71.05 73.43 75.86 78.28 80.56 82.83 84.82 86.81 88.48 90.15 91.53 92.90 94.01 95.12 96.01 96.90 97.60 98.31 98.84 99.38 99.70 100.02 100.03 100.05 99.64 99.24 98.28 97.32 95.66 94.00 91.54 89.09 85.85 82.62 78.70 74.78 70.31 65.85 61.05 56.25 51.35 46.46 41.77 37.07 32.84 28.61 25.05 21.49 18.73 15.97 14.06 12.16 11.10 10.04 9.75 9.46 9.83 10.20 11.09 11.97 13.21 14.46 15.94 17.42 19.05 20.69 22.43 24.18 25.97 27.77
68.16 70.24 72.31 74.55 76.79 78.99 81.19 83.16 85.13 86.75 88.36 89.60 90.83 91.72 92.60 93.19 93.77 94.11 94.44 94.59 94.74 94.73 94.73 94.56 94.39 93.98 93.58 92.83 92.08 90.86 89.65 87.82 85.99 83.47 80.95 77.73 74.51 70.69 66.86 62.57 58.27 53.69 49.10 44.46 39.83 35.42 31.00 27.06 23.11 19.83 16.55 14.05 11.56 9.90 8.24 7.39 6.54 6.43 6.32 6.81 7.30 8.24 9.18 10.41 11.64 13.03 14.43 15.93 17.42 18.99 20.56 22.18 23.80
71.61 73.59 75.57 77.62 79.67 81.59 83.51 85.13 86.75 87.95 89.16 89.93 90.71 91.10 91.48 91.54 91.60 91.39 91.19 90.80 90.41 89.89 89.38 88.74 88.11 87.31 86.51 85.46 84.40 82.97 81.53 79.58 77.63 75.08 72.52 69.36 66.20 62.51 58.81 54.71 50.60 46.26 41.91 37.55 33.19 29.06 24.93 21.27 17.61 14.61 11.60 9.37 7.14 5.72 4.31 3.68 3.06 3.14 3.21 3.86 4.50 5.53 6.57 7.82 9.07 10.42 11.77 13.15 14.54 15.96 17.38 18.82 20.27
75.06 76.95 78.83 80.69 82.55 84.19 85.83 87.10 88.37 89.16 89.96 90.27 90.59 90.48 90.37 89.90 89.43 88.68 87.93 87.01 86.08 85.05 84.02 82.93 81.83 80.64 79.45 78.09 76.73 75.07 73.42 71.34 69.27 66.68 64.10 60.99 57.89 54.32 50.76 46.85 42.94 38.83 34.73 30.63 26.54 22.70 18.86 15.48 12.11 9.39 6.66 4.69 2.72 1.55 0.38 -0.03 -0.43 -0.16 0.11 0.91 1.70 2.83 3.95 5.23 6.50 7.80 9.10 10.38 11.66 12.92 14.19 15.46 16.74
77.75 79.50 81.26 82.89 84.52 85.86 87.20 88.11 89.01 89.40 89.79 89.66 89.54 88.96 88.38 87.42 86.47 85.23 83.98 82.57 81.15 79.67 78.18 76.68 75.18 73.65 72.12 70.50 68.87 67.04 65.21 63.06 60.90 58.32 55.74 52.72 49.70 46.29 42.89 39.19 35.49 31.63 27.78 23.96 20.14 16.58 13.02 9.92 6.83 4.36 1.90 0.17 -1.55 -2.49 -3.44 -3.63 -3.82 -3.35 -2.89 -1.94 -0.99 0.25 1.48 2.80 4.12 5.39 6.66 7.85 9.04 10.17 11.30 12.41 13.52
80.44 82.06 83.68 85.08 86.49 87.53 88.57 89.11 89.66 89.64 89.62 89.05 88.49 87.44 86.39 84.95 83.50 81.77 80.03 78.13 76.23 74.28 72.34 70.43 68.52 66.65 64.79 62.90 61.02 59.02 57.01 54.77 52.53 49.95 47.38 44.44 41.51 38.26 35.01 31.52 28.04 24.43 20.83 17.29 13.75 10.47 7.19 4.37 1.54 -0.66 -2.86 -4.34 -5.82 -6.54 -7.25 -7.23 -7.20 -6.55 -5.90 -4.79 -3.68 -2.33 -0.99 0.37 1.73 2.98 4.23 5.32 6.42 7.41 8.40 9.36 10.31
81.98 83.43 84.88 86.05 87.21 87.95 88.69 88.90 89.11 88.72 88.34 87.38 86.42 84.97 83.51 81.66 79.80 77.65 75.51 73.20 70.90 68.58 66.26 64.01 61.77 59.63 57.49 55.40 53.31 51.19 49.06 46.77 44.48 41.94 39.40 36.58 33.76 30.69 27.61 24.35 21.08 17.74 14.39 11.12 7.85 4.84 1.82 -0.74 -3.31 -5.28 -7.24 -8.51 -9.77 -10.29 -10.81 -10.60 -10.39 -9.56 -8.73 -7.48 -6.22 -4.77 -3.32 -1.91 -0.50 0.73 1.96 2.98 4.00 4.87 5.74 6.54 7.35
83.53 84.81 86.09 87.01 87.93 88.38 88.82 88.69 88.56 87.80 87.05 85.70 84.35 82.50 80.64 78.37 76.10 73.54 70.98 68.27 65.56 62.87 60.17 57.60 55.02 52.61 50.19 47.90 45.61 43.35 41.10 38.77 36.44 33.93 31.43 28.72 26.02 23.11 20.21 17.17 14.13 11.04 7.95 4.95 1.95 -0.80 -3.54 -5.85 -8.16 -9.89 -11.63 -12.68 -13.73 -14.04 -14.36 -13.96 -13.57 -12.57 -11.57 -10.16 -8.76 -7.21 -5.65 -4.19 -2.73 -1.52 -0.31 0.64 1.58 2.33 3.08 3.73 4.39
83.75 84.83 85.92 86.60 87.28 87.45 87.62 87.19 86.76 85.69 84.63 82.96 81.30 79.13 76.95 74.37 71.78 68.91 66.03 63.03 60.02 57.04 54.07 51.26 48.44 45.83 43.22 40.79 38.36 36.03 33.70 31.37 29.03 26.60 24.16 21.59 19.01 16.30 13.58 10.77 7.96 5.12 2.28 -0.45 -3.19 -5.68 -8.17 -10.26 -12.34 -13.88 -15.41 -16.29 -17.17 -17.33 -17.49 -16.94 -16.40 -15.26 -14.13 -12.60 -11.07 -9.43 -7.79 -6.28 -4.78 -3.58 -2.38 -1.50 -0.62 0.02 0.66 1.19 1.72
83.97 84.86 85.74 86.18 86.62 86.52 86.41 85.68 84.95 83.58 82.20 80.23 78.25 75.76 73.27 70.36 67.46 64.28 61.09 57.78 54.47 51.22 47.97 44.92 41.86 39.05 36.25 33.68 31.11 28.71 26.30 23.96 21.62 19.26 16.89 14.45 12.01 9.48 6.96 4.37 1.79 -0.80 -3.38 -5.85 -8.33 -10.57 -12.81 -14.67 -16.52 -17.86 -19.20 -19.90 -20.60 -20.61 -20.61 -19.92 -19.24 -17.96 -16.68 -15.04 -13.39 -11.65 -9.92 -8.38 -6.83 -5.64 -4.46 -3.64 -2.83 -2.29 -1.75 -1.35 -0.96
83.00 83.66 84.33 84.53 84.73 84.37 84.01 83.03 82.05 80.43 78.81 76.60 74.38 71.67 68.95 65.83 62.72 59.33 55.94 52.45 48.95 45.53 42.11 38.91 35.71 32.80 29.89 27.25 24.62 22.20 19.78 17.48 15.18 12.91 10.65 8.36 6.07 3.75 1.42 -0.93 -3.29 -5.62 -7.95 -10.18 -12.42 -14.43 -16.44 -18.11 -19.77 -20.95 -22.14 -22.72 -23.30 -23.20 -23.11 -22.32 -21.54 -20.17 -18.81 -17.07 -15.34 -13.54 -11.74 -10.17 -8.59 -7.42 -6.24 -5.48 -4.72 -4.26 -3.81 -3.51 -3.21
82.02 82.46 82.91 82.87 82.83 82.22 81.61 80.38 79.15 77.28 75.42 72.97 70.52 67.58 64.64 61.31 57.97 54.38 50.79 47.11 43.43 39.84 36.25 32.91 29.57 26.55 23.53 20.82 18.12 15.69 13.25 10.99 8.73 6.57 4.40 2.27 0.14 -1.99 -4.12 -6.24 -8.36 -10.44 -12.53 -14.51 -16.50 -18.29 -20.08 -21.55 -23.02 -24.05 -25.08 -25.54 -26.00 -25.80 -25.60 -24.72 -23.85 -22.39 -20.93 -19.11 -17.30 -15.43 -13.57 -11.96 -10.36 -9.19 -8.02 -7.31 -6.60 -6.23 -5.86 -5.66 -5.47
80.17 80.37 80.57 80.29 80.01 79.17 78.34 76.89 75.45 73.40 71.35 68.74 66.13 63.05 59.97 56.52 53.07 49.38 45.70 41.94 38.18 34.54 30.90 27.52 24.14 21.10 18.07 15.38 12.69 10.30 7.92 5.75 3.58 1.55 -0.48 -2.44 -4.39 -6.31 -8.22 -10.12 -12.01 -13.86 -15.70 -17.47 -19.23 -20.82 -22.42 -23.74 -25.07 -25.99 -26.92 -27.32 -27.71 -27.48 -27.24 -26.33 -25.42 -23.93 -22.44 -20.58 -18.73 -16.83 -14.94 -13.32 -11.69 -10.54 -9.38 -8.71 -8.03 -7.71 -7.40 -7.27 -7.13
78.32 78.27 78.22 77.71 77.19 76.13 75.06 73.41 71.76 69.52 67.28 64.51 61.73 58.51 55.29 51.73 48.17 44.39 40.60 36.77 32.94 29.24 25.54 22.12 18.71 15.66 12.61 9.93 7.26 4.92 2.58 0.50 -1.57 -3.47 -5.36 -7.14 -8.92 -10.63 -12.33 -13.99 -15.65 -17.27 -18.88 -20.42 -21.95 -23.36 -24.76 -25.94 -27.11 -27.94 -28.76 -29.10 -29.43 -29.16 -28.88 -27.94 -27.00 -25.47 -23.94 -22.05 -20.16 -18.23 -16.30 -14.67 -13.03 -11.89 -10.74 -10.10 -9.46 -9.20 -8.94 -8.87 -8.80
75.94 75.63 75.33 74.57 73.82 72.55 71.28 69.45 67.62 65.25 62.87 60.00 57.13 53.85 50.57 46.98 43.39 39.62 35.84 32.05 28.25 24.60 20.96 17.61 14.26 11.30 8.33 5.75 3.18 0.95 -1.27 -3.20 -5.14 -6.86 -8.59 -10.17 -11.75 -13.24 -14.73 -16.17 -17.61 -19.00 -20.40 -21.74 -23.08 -24.33 -25.58 -26.66 -27.74 -28.52 -29.30 -29.64 -29.98 -29.73 -29.48 -28.58 -27.68 -26.17 -24.67 -22.80 -20.92 -19.00 -17.08 -15.45 -13.82 -12.69 -11.55 -10.93 -10.30 -10.06 -9.82 -9.78 -9.74
73.56 72.99 72.43 71.44 70.45 68.97 67.49 65.49 63.49 60.98 58.46 55.49 52.52 49.18 45.84 42.23 38.61 34.85 31.08 27.32 23.56 19.96 16.37 13.10 9.82 6.93 4.05 1.57 -0.91 -3.01 -5.12 -6.91 -8.70 -10.26 -11.81 -13.19 -14.58 -15.86 -17.13 -18.35 -19.56 -20.74 -21.92 -23.06 -24.21 -25.31 -26.41 -27.38 -28.36 -29.10 -29.84 -30.18 -30.52 -30.30 -30.09 -29.22 -28.35 -26.88 -25.41 -23.55 -21.68 -19.77 -17.86 -16.24 -14.61 -13.49 -12.36 -11.75 -11.15 -10.93 -10.71 -10.70 -10.68
70.93 70.10 69.27 68.05 66.83 65.17 63.51 61.37 59.23 56.63 54.03 51.02 48.01 44.69 41.36 37.81 34.26 30.60 26.94 23.32 19.69 16.26 12.83 9.73 6.62 3.91 1.20 -1.10 -3.40 -5.33 -7.25 -8.86 -10.46 -11.81 -13.17 -14.35 -15.52 -16.59 -17.65 -18.66 -19.67 -20.66 -21.65 -22.64 -23.63 -24.62 -25.61 -26.54 -27.48 -28.23 -28.99 -29.39 -29.80 -29.68 -29.56 -28.79 -28.03 -26.65 -25.27 -23.48 -21.69 -19.83 -17.97 -16.38 -14.79 -13.67 -12.56 -11.96 -11.35 -11.13 -10.91 -10.88 -10.86
68.29 67.20 66.11 64.66 63.22 61.37 59.52 57.25 54.97 52.28 49.60 46.55 43.51 40.19 36.88 33.39 29.90 26.35 22.80 19.31 15.83 12.56 9.29 6.36 3.42 0.89 -1.65 -3.77 -5.90 -7.64 -9.38 -10.80 -12.22 -13.37 -14.53 -15.50 -16.47 -17.32 -18.18 -18.98 -19.78 -20.58 -21.38 -22.22 -23.06 -23.94 -24.82 -25.71 -26.59 -27.36 -28.13 -28.61 -29.08 -29.06 -29.03 -28.37 -27.71 -26.42 -25.13 -23.41 -21.70 -19.89 -18.08 -16.52 -14.96 -13.86 -12.76 -12.16 -11.56 -11.33 -11.10 -11.07 -11.03
65.55 64.21 62.86 61.21 59.57 57.57 55.57 53.21 50.85 48.13 45.41 42.40 39.39 36.17 32.94 29.60 26.26 22.91 19.56 16.31 13.07 10.06 7.04 4.37 1.70 -0.58 -2.86 -4.74 -6.63 -8.14 -9.65 -10.85 -12.05 -12.99 -13.94 -14.71 -15.47 -16.14 -16.80 -17.43 -18.06 -18.72 -19.37 -20.10 -20.83 -21.66 -22.49 -23.38 -24.27 -25.11 -25.95 -26.55 -27.15 -27.28 -27.40 -26.90 -26.39 -25.25 -24.11 -22.52 -20.93 -19.21 -17.50 -16.00 -14.50 -13.43 -12.36 -11.77 -11.17 -10.92 -10.68 -10.61 -10.55
62.81 61.21 59.62 57.77 55.92 53.77 51.63 49.18 46.72 43.98 41.23 38.25 35.27 32.14 29.01 25.82 22.63 19.47 16.32 13.31 10.31 7.55 4.80 2.39 -0.03 -2.05 -4.08 -5.72 -7.35 -8.64 -9.92 -10.90 -11.88 -12.61 -13.35 -13.92 -14.48 -14.95 -15.43 -15.88 -16.34 -16.85 -17.36 -17.98 -18.61 -19.38 -20.15 -21.05 -21.95 -22.86 -23.77 -24.49 -25.21 -25.49 -25.77 -25.43 -25.08 -24.09 -23.09 -21.62 -20.16 -18.54 -16.91 -15.48 -14.04 -13.00 -11.97 -11.37 -10.78 -10.52 -10.26 -10.16 -10.06
59.97 58.16 56.34 54.34 52.33 50.09 47.86 45.39 42.91 40.21 37.52 34.65 31.78 28.83 25.87 22.92 19.97 17.11 14.24 11.56 8.88 6.47 4.05 1.97 -0.11 -1.82 -3.53 -4.88 -6.23 -7.25 -8.28 -9.03 -9.78 -10.31 -10.85 -11.24 -11.63 -11.95 -12.28 -12.61 -12.95 -13.37 -13.79 -14.37 -14.94 -15.71 -16.49 -17.44 -18.40 -19.43 -20.46 -21.34 -22.23 -22.70 -23.16 -23.02 -22.87 -22.06 -21.25 -19.95 -18.65 -17.16 -15.68 -14.34 -13.00 -12.03 -11.05 -10.49 -9.92 -9.65 -9.39 -9.26 -9.13
57.13 55.10 53.07 50.91 48.74 46.42 44.09 41.60 39.10 36.45 33.80 31.05 28.29 25.52 22.74 20.02 17.31 14.74 12.17 9.81 7.45 5.38 3.30 1.56 -0.19 -1.58 -2.98 -4.04 -5.10 -5.87 -6.63 -7.16 -7.68 -8.01 -8.35 -8.56 -8.78 -8.95 -9.13 -9.34 -9.56 -9.89 -10.22 -10.75 -11.28 -12.05 -12.83 -13.84 -14.86 -16.00 -17.15 -18.19 -19.24 -19.90 -20.56 -20.60 -20.65 -20.03 -19.41 -18.27 -17.14 -15.79 -14.44 -13.20 -11.96 -11.05 -10.14 -9.60 -9.06 -8.79 -8.52 -8.37 -8.21
54.11 51.92 49.73 47.47 45.22 42.88 40.54 38.11 35.68 33.17 30.66 28.11 25.57 23.06 20.56 18.17 15.78 13.58 11.38 9.42 7.47 5.79 4.12 2.77 1.41 0.37 -0.67 -1.42 -2.17 -2.67 -3.16 -3.47 -3.77 -3.93 -4.09 -4.17 -4.26 -4.34 -4.42 -4.58 -4.74 -5.05 -5.37 -5.91 -6.46 -7.29 -8.12 -9.24 -10.36 -11.65 -12.94 -14.17 -15.40 -16.27 -17.13 -17.40 -17.66 -17.26 -16.85 -15.91 -14.98 -13.81 -12.64 -11.55 -10.46 -9.67 -8.87 -8.40 -7.93 -7.70 -7.46 -7.30 -7.13
