test/esri_led_60/synt_tma_1200m_led_60.esri
nrows             510
ncols             462
xllcorner      398000.00
yllcorner     7846000.00
cellsize          500.00
NODATA_value    -9999
[rows 66 to 98 of 510, columns 148 to 221 of 462]
-96.97 -99.66 -102.34 -104.45 -106.55 -108.15 -109.76 -110.99 -112.22 -113.18 -114.15 -114.93 -115.72 -116.32 -116.91 -117.16 -117.42 -116.99 -116.55 -114.95 -113.34 -110.01 -106.69 -101.24 -95.79 -88.12 -80.46 -70.92 -61.38 -50.68 -39.98 -29.07 -18.16 -8.04 2.07 10.48 18.88 24.89 30.91 34.21 37.52 38.27 39.03 37.85 36.68 34.53 32.38 30.23 28.08 26.71 25.34 25.19 25.03 26.16 27.30 29.57 31.85 35.02 38.19 42.00 45.80 50.05 54.29 58.80 63.32 68.01 72.69 77.45 82.21 86.96 91.71 96.33 100.95 105.26
-95.61 -98.56 -101.52 -103.88 -106.24 -108.10 -109.97 -111.43 -112.90 -114.09 -115.27 -116.24 -117.21 -117.95 -118.69 -119.04 -119.39 -119.01 -118.63 -117.04 -115.45 -112.13 -108.82 -103.40 -97.97 -90.38 -82.79 -73.37 -63.95 -53.42 -42.89 -32.20 -21.50 -11.63 -1.75 6.42 14.60 20.42 26.25 29.44 32.63 33.35 34.07 32.94 31.81 29.76 27.71 25.70 23.69 22.49 21.29 21.32 21.35 22.70 24.05 26.58 29.12 32.59 36.06 40.22 44.37 49.00 53.62 58.54 63.46 68.54 73.61 78.73 83.84 88.88 93.92 98.73 103.54 107.94
-93.56 -96.74 -99.92 -102.51 -105.11 -107.20 -109.29 -110.98 -112.66 -114.05 -115.43 -116.57 -117.71 -118.58 -119.45 -119.89 -120.32 -119.99 -119.66 -118.11 -116.57 -113.32 -110.06 -104.76 -99.46 -92.05 -84.65 -75.50 -66.35 -56.16 -45.97 -35.64 -25.31 -15.80 -6.29 1.57 9.43 15.03 20.62 23.69 26.76 27.48 28.20 27.17 26.14 24.25 22.37 20.56 18.75 17.75 16.76 16.99 17.23 18.80 20.37 23.14 25.92 29.68 33.44 37.93 42.41 47.40 52.38 57.67 62.96 68.38 73.81 79.22 84.64 89.89 95.14 100.06 104.98 109.37
-91.51 -94.91 -98.32 -101.15 -103.97 -106.29 -108.61 -110.52 -112.43 -114.01 -115.60 -116.91 -118.22 -119.21 -120.21 -120.73 -121.25 -120.97 -120.70 -119.19 -117.69 -114.50 -111.31 -106.12 -100.94 -93.73 -86.52 -77.64 -68.76 -58.90 -49.04 -39.08 -29.12 -19.97 -10.82 -3.28 4.26 9.63 14.99 17.94 20.89 21.61 22.32 21.39 20.46 18.75 17.03 15.41 13.80 13.01 12.22 12.66 13.10 14.89 16.68 19.70 22.73 26.77 30.82 35.63 40.45 45.79 51.14 56.80 62.45 68.23 74.00 79.72 85.43 90.90 96.36 101.39 106.42 110.80
-88.84 -92.43 -96.02 -99.04 -102.07 -104.59 -107.11 -109.22 -111.33 -113.10 -114.88 -116.35 -117.82 -118.94 -120.06 -120.67 -121.27 -121.06 -120.84 -119.40 -117.96 -114.87 -111.79 -106.79 -101.78 -94.85 -87.92 -79.42 -70.92 -61.50 -52.09 -42.60 -33.11 -24.40 -15.70 -8.53 -1.36 3.74 8.84 11.67 14.50 15.24 15.97 15.18 14.38 12.87 11.35 9.96 8.58 8.01 7.43 8.08 8.73 10.72 12.71 15.95 19.19 23.49 27.78 32.88 37.97 43.62 49.28 55.24 61.21 67.27 73.33 79.26 85.19 90.79 96.39 101.43 106.47 110.73
-86.17 -89.95 -93.72 -96.94 -100.16 -102.89 -105.61 -107.93 -110.24 -112.20 -114.16 -115.79 -117.42 -118.67 -119.91 -120.60 -121.29 -121.14 -120.98 -119.60 -118.22 -115.25 -112.27 -107.45 -102.62 -95.98 -89.33 -81.20 -73.08 -64.11 -55.13 -46.11 -37.09 -28.84 -20.58 -13.79 -6.99 -2.15 2.69 5.40 8.11 8.87 9.62 8.96 8.30 6.99 5.67 4.51 3.35 3.00 2.65 3.50 4.36 6.55 8.74 12.20 15.66 20.20 24.74 30.12 35.50 41.46 47.41 53.69 59.97 66.31 72.65 78.80 84.96 90.68 96.41 101.46 106.51 110.67
-82.99 -86.90 -90.81 -94.19 -97.58 -100.48 -103.39 -105.89 -108.38 -110.53 -112.67 -114.46 -116.25 -117.62 -118.99 -119.77 -120.55 -120.46 -120.38 -119.08 -117.78 -114.93 -112.08 -107.48 -102.88 -96.56 -90.24 -82.54 -74.84 -66.37 -57.89 -49.39 -40.89 -33.12 -25.34 -18.94 -12.55 -7.97 -3.40 -0.81 1.78 2.56 3.34 2.82 2.30 1.19 0.09 -0.85 -1.79 -1.94 -2.09 -1.05 -0.02 2.33 4.68 8.30 11.92 16.64 21.37 26.95 32.54 38.72 44.90 51.39 57.89 64.42 70.94 77.23 83.51 89.27 95.03 100.00 104.98 108.95
-79.80 -83.85 -87.90 -91.45 -94.99 -98.08 -101.16 -103.85 -106.53 -108.85 -111.17 -113.12 -115.07 -116.57 -118.07 -118.94 -119.81 -119.79 -119.77 -118.55 -117.33 -114.62 -111.90 -107.52 -103.13 -97.14 -91.15 -83.88 -76.61 -68.63 -60.65 -52.67 -44.68 -37.39 -30.10 -24.10 -18.10 -13.80 -9.50 -7.03 -4.56 -3.75 -2.94 -3.32 -3.70 -4.60 -5.50 -6.22 -6.94 -6.88 -6.82 -5.61 -4.40 -1.89 0.62 4.40 8.19 13.09 17.99 23.79 29.58 35.98 42.38 49.10 55.81 62.53 69.24 75.65 82.06 87.85 93.65 98.55 103.45 107.22
-76.22 -80.36 -84.51 -88.18 -91.85 -95.09 -98.33 -101.18 -104.04 -106.54 -109.03 -111.14 -113.25 -114.88 -116.50 -117.47 -118.44 -118.50 -118.56 -117.42 -116.29 -113.71 -111.13 -106.98 -102.82 -97.16 -91.50 -84.66 -77.82 -70.34 -62.87 -55.40 -47.92 -41.11 -34.30 -28.69 -23.08 -19.04 -15.00 -12.65 -10.30 -9.48 -8.65 -8.90 -9.16 -9.88 -10.60 -11.12 -11.64 -11.42 -11.20 -9.86 -8.53 -5.92 -3.31 0.56 4.43 9.42 14.41 20.30 26.20 32.70 39.21 46.03 52.84 59.63 66.41 72.84 79.27 85.00 90.74 95.49 100.24 103.78
-72.64 -76.87 -81.11 -84.91 -88.70 -92.10 -95.49 -98.52 -101.55 -104.22 -106.89 -109.16 -111.43 -113.18 -114.94 -116.00 -117.07 -117.20 -117.34 -116.30 -115.25 -112.81 -110.37 -106.44 -102.51 -97.18 -91.85 -85.44 -79.04 -72.06 -65.08 -58.12 -51.16 -44.83 -38.49 -33.27 -28.05 -24.28 -20.50 -18.28 -16.05 -15.20 -14.36 -14.49 -14.62 -15.15 -15.69 -16.02 -16.35 -15.96 -15.57 -14.11 -12.65 -9.94 -7.24 -3.29 0.67 5.75 10.83 16.82 22.81 29.43 36.05 42.96 49.87 56.73 63.59 70.03 76.47 82.15 87.83 92.43 97.03 100.33
-68.80 -73.08 -77.37 -81.25 -85.14 -88.66 -92.19 -95.37 -98.55 -101.39 -104.22 -106.65 -109.08 -110.97 -112.86 -114.02 -115.19 -115.41 -115.62 -114.67 -113.71 -111.40 -109.09 -105.36 -101.64 -96.62 -91.60 -85.59 -79.58 -73.05 -66.53 -60.05 -53.56 -47.66 -41.77 -36.91 -32.05 -28.52 -25.00 -22.89 -20.79 -19.94 -19.09 -19.13 -19.16 -19.55 -19.94 -20.13 -20.32 -19.82 -19.31 -17.78 -16.26 -13.53 -10.81 -6.86 -2.92 2.13 7.19 13.15 19.11 25.69 32.27 39.14 46.01 52.80 59.60 65.95 72.30 77.83 83.37 87.77 92.17 95.22
-64.95 -69.29 -73.62 -77.60 -81.58 -85.23 -88.88 -92.22 -95.56 -98.56 -101.56 -104.14 -106.73 -108.75 -110.77 -112.04 -113.31 -113.61 -113.91 -113.03 -112.16 -109.98 -107.80 -104.29 -100.78 -96.06 -91.34 -85.73 -80.12 -74.05 -67.98 -61.97 -55.96 -50.50 -45.04 -40.54 -36.05 -32.77 -29.50 -27.51 -25.52 -24.67 -23.83 -23.77 -23.71 -23.95 -24.20 -24.24 -24.29 -23.67 -23.05 -21.46 -19.87 -17.12 -14.37 -10.44 -6.51 -1.48 3.55 9.48 15.41 21.95 28.50 35.32 42.15 48.88 55.61 61.86 68.12 73.51 78.90 83.11 87.32 90.12
-61.00 -65.34 -69.69 -73.73 -77.77 -81.51 -85.26 -88.73 -92.20 -95.35 -98.50 -101.23 -103.96 -106.11 -108.26 -109.63 -111.00 -111.38 -111.76 -110.97 -110.17 -108.11 -106.04 -102.71 -99.37 -94.91 -90.45 -85.18 -79.90 -74.22 -68.54 -62.93 -57.33 -52.25 -47.17 -43.00 -38.82 -35.77 -32.73 -30.86 -29.00 -28.17 -27.34 -27.23 -27.11 -27.26 -27.41 -27.36 -27.30 -26.63 -25.95 -24.35 -22.75 -20.06 -17.38 -13.55 -9.73 -4.86 0.02 5.77 11.51 17.86 24.21 30.84 37.46 43.99 50.52 56.56 62.61 67.80 72.98 76.98 80.97 83.56
-57.04 -61.40 -65.76 -69.85 -73.95 -77.80 -81.64 -85.24 -88.84 -92.14 -95.44 -98.31 -101.19 -103.47 -105.75 -107.22 -108.69 -109.15 -109.61 -108.90 -108.19 -106.23 -104.28 -101.12 -97.97 -93.77 -89.57 -84.62 -79.68 -74.39 -69.10 -63.90 -58.70 -54.00 -49.31 -45.45 -41.59 -38.78 -35.96 -34.22 -32.48 -31.67 -30.86 -30.69 -30.51 -30.57 -30.62 -30.47 -30.32 -29.58 -28.85 -27.24 -25.64 -23.01 -20.38 -16.67 -12.96 -8.24 -3.51 2.05 7.62 13.77 19.93 26.35 32.77 39.09 45.42 51.26 57.11 62.09 67.06 70.85 74.63 77.01
-53.09 -57.43 -61.78 -65.89 -70.01 -73.93 -77.84 -81.54 -85.24 -88.66 -92.08 -95.08 -98.08 -100.48 -102.87 -104.43 -105.99 -106.53 -107.06 -106.42 -105.78 -103.92 -102.06 -99.04 -96.02 -92.02 -88.03 -83.34 -78.66 -73.68 -68.70 -63.83 -58.96 -54.59 -50.21 -46.63 -43.05 -40.45 -37.84 -36.22 -34.61 -33.85 -33.09 -32.89 -32.70 -32.70 -32.70 -32.50 -32.30 -31.55 -30.80 -29.25 -27.69 -25.19 -22.68 -19.18 -15.68 -11.24 -6.80 -1.56 3.67 9.47 15.27 21.33 27.39 33.38 39.37 44.92 50.47 55.20 59.93 63.52 67.12 69.37
-49.15 -53.47 -57.79 -61.94 -66.08 -70.06 -74.04 -77.84 -81.64 -85.18 -88.72 -91.85 -94.98 -97.48 -99.99 -101.64 -103.30 -103.90 -104.51 -103.94 -103.37 -101.60 -99.84 -96.96 -94.08 -90.28 -86.48 -82.07 -77.65 -72.98 -68.30 -63.77 -59.23 -55.17 -51.12 -47.82 -44.51 -42.12 -39.72 -38.23 -36.74 -36.03 -35.31 -35.10 -34.89 -34.84 -34.79 -34.54 -34.29 -33.52 -32.76 -31.25 -29.75 -27.37 -24.99 -21.70 -18.41 -14.24 -10.08 -5.18 -0.27 5.17 10.60 16.31 22.01 27.67 33.33 38.58 43.83 48.32 52.80 56.20 59.60 61.73
-45.32 -49.59 -53.87 -58.00 -62.14 -66.15 -70.16 -74.03 -77.89 -81.51 -85.14 -88.36 -91.58 -94.18 -96.77 -98.50 -100.23 -100.89 -101.56 -101.05 -100.53 -98.84 -97.15 -94.37 -91.59 -87.94 -84.29 -80.06 -75.84 -71.41 -66.97 -62.69 -58.42 -54.63 -50.84 -47.78 -44.72 -42.52 -40.32 -38.97 -37.62 -36.98 -36.34 -36.15 -35.96 -35.90 -35.84 -35.58 -35.31 -34.57 -33.83 -32.42 -31.00 -28.81 -26.61 -23.61 -20.60 -16.83 -13.06 -8.62 -4.18 0.76 5.71 10.92 16.14 21.37 26.59 31.49 36.39 40.63 44.87 48.14 51.41 53.52
-41.49 -45.72 -49.94 -54.07 -58.20 -62.24 -66.28 -70.21 -74.13 -77.84 -81.55 -84.87 -88.18 -90.87 -93.55 -95.35 -97.16 -97.88 -98.61 -98.15 -97.70 -96.08 -94.45 -91.78 -89.10 -85.60 -82.09 -78.06 -74.03 -69.83 -65.64 -61.62 -57.60 -54.08 -50.56 -47.74 -44.92 -42.92 -40.92 -39.71 -38.50 -37.93 -37.37 -37.20 -37.03 -36.96 -36.89 -36.61 -36.34 -35.62 -34.90 -33.58 -32.25 -30.24 -28.23 -25.52 -22.80 -19.42 -16.03 -12.06 -8.08 -3.64 0.81 5.54 10.27 15.06 19.85 24.40 28.95 32.95 36.94 40.08 43.22 45.32
-37.84 -41.99 -46.15 -50.23 -54.32 -58.36 -62.39 -66.33 -70.28 -74.03 -77.78 -81.15 -84.52 -87.26 -89.99 -91.84 -93.70 -94.46 -95.23 -94.82 -94.40 -92.83 -91.26 -88.65 -86.05 -82.65 -79.25 -75.36 -71.48 -67.46 -63.44 -59.63 -55.83 -52.53 -49.24 -46.65 -44.06 -42.26 -40.46 -39.41 -38.35 -37.90 -37.44 -37.33 -37.22 -37.18 -37.14 -36.90 -36.65 -35.98 -35.32 -34.12 -32.92 -31.13 -29.34 -26.98 -24.61 -21.69 -18.77 -15.34 -11.92 -8.06 -4.20 -0.02 4.15 8.47 12.78 16.98 21.18 24.97 28.76 31.87 34.97 37.19
-34.19 -38.27 -42.35 -46.40 -50.44 -54.47 -58.49 -62.46 -66.43 -70.22 -74.01 -77.43 -80.85 -83.64 -86.44 -88.34 -90.24 -91.05 -91.85 -91.48 -91.11 -89.59 -88.06 -85.53 -83.00 -79.70 -76.41 -72.66 -68.92 -65.08 -61.24 -57.65 -54.06 -50.99 -47.92 -45.56 -43.19 -41.59 -39.99 -39.10 -38.21 -37.86 -37.51 -37.46 -37.42 -37.41 -37.40 -37.18 -36.95 -36.34 -35.74 -34.66 -33.58 -32.02 -30.45 -28.43 -26.41 -23.96 -21.51 -18.63 -15.76 -12.48 -9.21 -5.59 -1.97 1.87 5.71 9.55 13.40 16.99 20.59 23.65 26.72 29.07
-30.76 -34.74 -38.72 -42.70 -46.67 -50.65 -54.63 -58.57 -62.51 -66.29 -70.08 -73.50 -76.93 -79.73 -82.54 -84.45 -86.37 -87.19 -88.02 -87.67 -87.32 -85.83 -84.34 -81.86 -79.38 -76.16 -72.93 -69.30 -65.67 -61.98 -58.29 -54.89 -51.48 -48.63 -45.79 -43.65 -41.52 -40.14 -38.75 -38.05 -37.35 -37.16 -36.96 -37.03 -37.09 -37.16 -37.23 -37.07 -36.92 -36.40 -35.88 -34.96 -34.03 -32.72 -31.41 -29.77 -28.12 -26.16 -24.20 -21.91 -19.61 -16.94 -14.26 -11.19 -8.12 -4.73 -1.33 2.23 5.80 9.28 12.77 15.93 19.08 21.69
-27.34 -31.22 -35.10 -39.00 -42.90 -46.83 -50.76 -54.67 -58.59 -62.37 -66.14 -69.58 -73.01 -75.82 -78.64 -80.57 -82.50 -83.34 -84.19 -83.86 -83.53 -82.07 -80.61 -78.18 -75.75 -72.61 -69.46 -65.94 -62.41 -58.88 -55.34 -52.12 -48.91 -46.28 -43.65 -41.74 -39.84 -38.68 -37.52 -37.01 -36.50 -36.45 -36.41 -36.59 -36.76 -36.91 -37.06 -36.97 -36.89 -36.46 -36.03 -35.26 -34.48 -33.43 -32.37 -31.10 -29.83 -28.37 -26.90 -25.18 -23.47 -21.39 -19.31 -16.79 -14.28 -11.32 -8.36 -5.09 -1.81 1.57 4.96 8.20 11.44 14.32
-24.15 -27.91 -31.67 -35.46 -39.26 -43.10 -46.94 -50.78 -54.63 -58.35 -62.07 -65.45 -68.84 -71.62 -74.40 -76.31 -78.22 -79.05 -79.88 -79.55 -79.23 -77.78 -76.34 -73.95 -71.55 -68.47 -65.39 -61.97 -58.55 -55.15 -51.76 -48.73 -45.71 -43.31 -40.91 -39.26 -37.61 -36.71 -35.81 -35.55 -35.28 -35.45 -35.62 -35.97 -36.33 -36.62 -36.91 -36.95 -37.00 -36.71 -36.42 -35.84 -35.25 -34.46 -33.68 -32.78 -31.88 -30.89 -29.90 -28.71 -27.53 -25.98 -24.43 -22.38 -20.32 -17.69 -15.06 -11.94 -8.82 -5.40 -1.98 1.48 4.95 8.22
-20.96 -24.60 -28.23 -31.93 -35.62 -39.37 -43.12 -46.89 -50.66 -54.33 -57.99 -61.33 -64.67 -67.42 -70.17 -72.05 -73.94 -74.76 -75.57 -75.25 -74.92 -73.49 -72.07 -69.71 -67.35 -64.34 -61.32 -58.00 -54.68 -51.43 -48.18 -45.34 -42.51 -40.34 -38.17 -36.78 -35.38 -34.74 -34.10 -34.08 -34.07 -34.45 -34.83 -35.36 -35.89 -36.33 -36.76 -36.93 -37.10 -36.96 -36.81 -36.41 -36.01 -35.50 -34.98 -34.46 -33.94 -33.42 -32.89 -32.24 -31.59 -30.57 -29.56 -27.96 -26.36 -24.06 -21.76 -18.80 -15.83 -12.38 -8.93 -5.24 -1.54 2.12
-18.03 -21.52 -25.01 -28.57 -32.13 -35.75 -39.38 -43.04 -46.69 -50.25 -53.80 -57.05 -60.29 -62.96 -65.63 -67.45 -69.27 -70.05 -70.82 -70.47 -70.13 -68.70 -67.28 -64.95 -62.62 -59.66 -56.71 -53.49 -50.27 -47.18 -44.08 -41.45 -38.83 -36.92 -35.01 -33.91 -32.82 -32.50 -32.18 -32.48 -32.78 -33.47 -34.15 -34.95 -35.75 -36.43 -37.10 -37.49 -37.88 -37.95 -38.02 -37.86 -37.69 -37.46 -37.22 -37.04 -36.87 -36.74 -36.62 -36.38 -36.15 -35.52 -34.89 -33.58 -32.27 -30.12 -27.97 -24.99 -22.00 -18.36 -14.71 -10.67 -6.62 -2.48
-15.11 -18.45 -21.79 -25.21 -28.63 -32.14 -35.64 -39.18 -42.72 -46.17 -49.61 -52.77 -55.92 -58.50 -61.09 -62.85 -64.61 -65.34 -66.07 -65.70 -65.33 -63.91 -62.49 -60.18 -57.88 -54.99 -52.10 -48.98 -45.87 -42.92 -39.98 -37.56 -35.15 -33.49 -31.84 -31.05 -30.26 -30.26 -30.26 -30.88 -31.50 -32.49 -33.47 -34.54 -35.61 -36.53 -37.45 -38.05 -38.66 -38.94 -39.23 -39.30 -39.37 -39.42 -39.46 -39.63 -39.79 -40.07 -40.35 -40.53 -40.71 -40.46 -40.22 -39.20 -38.18 -36.18 -34.18 -31.18 -28.18 -24.34 -20.50 -16.10 -11.70 -7.07
-12.45 -15.63 -18.80 -22.06 -25.32 -28.66 -32.01 -35.39 -38.78 -42.08 -45.38 -48.39 -51.40 -53.86 -56.33 -57.99 -59.64 -60.30 -60.96 -60.55 -60.13 -58.70 -57.26 -54.98 -52.70 -49.87 -47.03 -44.02 -41.02 -38.24 -35.46 -33.27 -31.09 -29.73 -28.38 -27.94 -27.50 -27.91 -28.31 -29.34 -30.38 -31.79 -33.19 -34.66 -36.14 -37.43 -38.72 -39.67 -40.63 -41.23 -41.83 -42.20 -42.57 -42.91 -43.25 -43.70 -44.16 -44.71 -45.26 -45.69 -46.11 -46.04 -45.96 -45.00 -44.04 -41.96 -39.89 -36.67 -33.46 -29.28 -25.09 -20.25 -15.40 -10.26
-9.80 -12.80 -15.81 -18.91 -22.00 -25.19 -28.38 -31.61 -34.84 -37.99 -41.14 -44.01 -46.88 -49.22 -51.57 -53.12 -54.68 -55.27 -55.85 -55.40 -54.94 -53.49 -52.04 -49.78 -47.51 -44.74 -41.97 -39.07 -36.16 -33.55 -30.94 -28.99 -27.03 -25.98 -24.92 -24.84 -24.75 -25.55 -26.35 -27.81 -29.26 -31.09 -32.91 -34.78 -36.66 -38.33 -39.99 -41.29 -42.59 -43.51 -44.44 -45.11 -45.78 -46.41 -47.03 -47.77 -48.52 -49.35 -50.18 -50.85 -51.52 -51.61 -51.70 -50.80 -49.90 -47.75 -45.60 -42.17 -38.74 -34.21 -29.69 -24.39 -19.10 -13.45
-7.44 -10.26 -13.08 -15.99 -18.90 -21.90 -24.90 -27.94 -30.99 -33.96 -36.92 -39.62 -42.32 -44.51 -46.69 -48.12 -49.55 -50.03 -50.52 -50.00 -49.47 -47.99 -46.51 -44.26 -42.01 -39.28 -36.56 -33.77 -30.97 -28.54 -26.10 -24.40 -22.69 -21.97 -21.25 -21.58 -21.92 -23.20 -24.48 -26.48 -28.47 -30.86 -33.24 -35.69 -38.13 -40.35 -42.56 -44.37 -46.18 -47.55 -48.91 -49.96 -51.01 -51.93 -52.85 -53.80 -54.74 -55.69 -56.64 -57.32 -58.01 -58.01 -58.01 -56.90 -55.80 -53.34 -50.88 -47.05 -43.22 -38.24 -33.25 -27.48 -21.71 -15.59
-5.08 -7.71 -10.34 -13.07 -15.79 -18.61 -21.43 -24.28 -27.14 -29.93 -32.71 -35.24 -37.76 -39.79 -41.82 -43.12 -44.41 -44.80 -45.19 -44.60 -44.01 -42.50 -40.99 -38.74 -36.50 -33.83 -31.16 -28.47 -25.79 -23.52 -21.26 -19.81 -18.35 -17.97 -17.58 -18.33 -19.08 -20.85 -22.62 -25.15 -27.68 -30.63 -33.58 -36.59 -39.61 -42.37 -45.14 -47.45 -49.76 -51.58 -53.39 -54.81 -56.23 -57.45 -58.66 -59.82 -60.97 -62.03 -63.10 -63.80 -64.50 -64.41 -64.32 -63.01 -61.70 -58.93 -56.16 -51.93 -47.70 -42.26 -36.82 -30.57 -24.32 -17.73
-3.04 -5.46 -7.89 -10.41 -12.93 -15.54 -18.15 -20.80 -23.45 -26.03 -28.61 -30.94 -33.26 -35.11 -36.96 -38.11 -39.25 -39.52 -39.79 -39.11 -38.44 -36.88 -35.32 -33.07 -30.82 -28.19 -25.56 -22.97 -20.39 -18.30 -16.21 -15.02 -13.84 -13.82 -13.81 -15.03 -16.26 -18.61 -20.96 -24.16 -27.35 -31.03 -34.71 -38.48 -42.24 -45.74 -49.24 -52.23 -55.22 -57.61 -60.00 -61.85 -63.71 -65.20 -66.69 -67.94 -69.19 -70.17 -71.15 -71.61 -72.07 -71.60 -71.14 -69.37 -67.59 -64.30 -61.00 -56.24 -51.48 -45.54 -39.60 -32.92 -26.24 -19.31
-1.00 -3.22 -5.44 -7.75 -10.07 -12.48 -14.88 -17.32 -19.76 -22.13 -24.50 -26.63 -28.76 -30.43 -32.10 -33.09 -34.09 -34.24 -34.38 -33.63 -32.87 -31.26 -29.66 -27.40 -25.14 -22.55 -19.96 -17.47 -14.99 -13.07 -11.16 -10.24 -9.32 -9.68 -10.03 -11.73 -13.44 -16.37 -19.30 -23.16 -27.03 -31.43 -35.84 -40.36 -44.87 -49.11 -53.34 -57.01 -60.67 -63.63 -66.60 -68.89 -71.19 -72.95 -74.71 -76.05 -77.40 -78.30 -79.20 -79.42 -79.64 -78.80 -77.97 -75.72 -73.48 -69.67 -65.85 -60.56 -55.27 -48.82 -42.38 -35.27 -28.16 -20.90
0.71 -1.29 -3.29 -5.39 -7.48 -9.67 -11.85 -14.06 -16.28 -18.43 -20.58 -22.50 -24.42 -25.90 -27.37 -28.20 -29.02 -29.04 -29.06 -28.20 -27.35 -25.68 -24.01 -21.73 -19.44 -16.88 -14.32 -11.92 -9.53 -7.79 -6.05 -5.42 -4.78 -5.54 -6.30 -8.54 -10.79 -14.39 -18.00 -22.66 -27.32 -32.61 -37.89 -43.33 -48.77 -53.90 -59.02 -63.49 -67.96 -71.58 -75.20 -77.95 -80.69 -82.66 -84.63 -85.92 -87.21 -87.81 -88.41 -88.13 -87.85 -86.39 -84.92 -82.00 -79.08 -74.60 -70.13 -64.26 -58.38 -51.50 -44.61 -37.20 -29.80 -22.43
