test/esri_led_60/synt_tma_6000m_led_60.esri
nrows             510
ncols             462
xllcorner      398000.00
yllcorner     7846000.00
cellsize          500.00
NODATA_value    -9999
[rows 448 to 479 of 510, columns 284 to 354 of 462]
-498.68 -544.35 -590.02 -605.51 -621.00 -622.94 -624.88 -610.04 -595.20 -559.19 -523.17 -482.34 -441.52 -413.77 -386.01 -369.32 -352.63 -340.13 -327.64 -325.77 -323.90 -336.29 -348.68 -361.38 -374.07 -373.62 -373.16 -364.28 -355.40 -344.17 -332.94 -311.03 -289.11 -247.86 -206.61 -154.76 -102.91 -61.78 -20.64 -10.98 -1.32 -31.31 -61.30 -118.45 -175.61 -231.28 -286.94 -307.26 -327.58 -292.15 -256.71 -172.59 -88.48 20.09 128.66 236.44 344.21 440.85 537.49 629.72 721.95 798.52 875.10 887.80 900.49 815.06 729.62 576.10 422.58 260.66 98.73
-454.44 -509.49 -564.55 -592.60 -620.64 -636.04 -651.43 -647.49 -643.54 -614.51 -585.48 -550.07 -514.66 -491.85 -469.04 -453.50 -437.96 -420.14 -402.32 -391.57 -380.82 -385.00 -389.18 -394.81 -400.45 -392.80 -385.15 -369.64 -354.12 -338.60 -323.09 -300.15 -277.20 -238.11 -199.02 -151.80 -104.59 -69.16 -33.73 -29.50 -25.27 -60.20 -95.14 -157.60 -220.06 -282.05 -344.04 -371.08 -398.12 -368.89 -339.65 -261.25 -182.84 -78.61 25.62 132.60 239.58 340.63 441.68 543.83 645.99 736.50 827.01 854.59 882.17 810.59 739.01 599.01 459.01 309.47 159.93
-418.52 -475.90 -533.29 -565.67 -598.05 -617.77 -637.49 -637.61 -637.72 -612.85 -587.97 -555.65 -523.33 -501.26 -479.20 -462.24 -445.29 -424.41 -403.53 -387.62 -371.72 -369.37 -367.02 -367.54 -368.06 -358.51 -348.95 -333.31 -317.66 -302.37 -287.08 -265.96 -244.83 -210.70 -176.56 -136.60 -96.64 -68.69 -40.74 -42.84 -44.95 -85.04 -125.13 -192.80 -260.48 -329.10 -397.73 -433.98 -470.24 -453.88 -437.52 -375.29 -313.07 -224.61 -136.15 -37.43 61.29 165.50 269.71 382.06 494.40 596.82 699.25 742.21 785.18 736.00 686.83 573.25 459.67 333.65 207.63
-382.60 -442.31 -502.03 -538.75 -575.46 -599.51 -623.55 -627.73 -631.91 -611.18 -590.46 -561.23 -532.00 -510.68 -489.35 -470.99 -452.63 -428.68 -404.73 -383.68 -362.63 -353.75 -344.87 -340.27 -335.67 -324.21 -312.75 -296.97 -281.20 -266.13 -251.07 -231.77 -212.46 -183.28 -154.10 -121.39 -88.68 -68.22 -47.76 -56.19 -64.63 -109.88 -155.13 -228.01 -300.90 -376.15 -451.41 -496.89 -542.36 -538.87 -535.38 -489.34 -443.30 -370.61 -297.92 -207.46 -117.01 -9.63 97.75 220.28 342.81 457.15 571.49 629.83 688.18 661.42 634.66 547.49 460.33 357.83 255.32
-355.95 -412.09 -468.22 -502.80 -537.37 -559.32 -581.28 -584.36 -587.44 -567.31 -547.19 -518.09 -489.00 -465.66 -442.32 -421.41 -400.50 -374.88 -349.26 -325.47 -301.69 -288.23 -274.78 -267.73 -260.68 -252.00 -243.33 -232.61 -221.88 -210.63 -199.37 -183.99 -168.60 -145.98 -123.36 -98.95 -74.54 -61.71 -48.88 -63.27 -77.65 -127.85 -178.04 -256.64 -335.24 -418.58 -501.92 -559.06 -616.21 -629.72 -643.24 -620.57 -597.90 -550.25 -502.61 -426.59 -350.57 -239.79 -129.01 6.31 141.64 268.61 395.57 470.16 544.75 544.94 545.13 491.81 438.49 366.70 294.91
-329.30 -381.86 -434.42 -466.84 -499.27 -519.14 -539.01 -540.99 -542.98 -523.44 -503.91 -474.96 -446.00 -420.65 -395.30 -371.83 -348.37 -321.08 -293.79 -267.27 -240.74 -222.72 -204.69 -195.19 -185.68 -179.80 -173.91 -168.24 -162.57 -155.12 -147.68 -136.20 -124.73 -108.68 -92.63 -76.51 -60.40 -55.20 -50.00 -70.34 -90.68 -145.82 -200.96 -285.27 -369.58 -461.00 -552.43 -621.24 -690.05 -720.57 -751.09 -751.80 -752.50 -729.90 -707.29 -645.71 -584.12 -469.95 -355.78 -207.66 -59.53 80.06 219.66 310.50 401.33 428.47 455.60 436.13 416.66 375.58 334.50
-310.02 -355.44 -400.86 -427.28 -453.71 -468.63 -483.56 -481.79 -480.02 -457.63 -435.24 -403.45 -371.66 -343.33 -315.00 -289.70 -264.39 -236.98 -209.58 -182.98 -156.38 -137.59 -118.79 -110.89 -102.98 -103.46 -103.93 -106.30 -108.67 -107.23 -105.79 -98.99 -92.19 -81.60 -71.01 -60.49 -49.96 -48.92 -47.87 -71.14 -94.40 -152.81 -211.22 -300.98 -390.74 -490.89 -591.04 -671.58 -752.13 -798.21 -844.30 -867.42 -890.54 -894.12 -897.69 -852.01 -806.33 -688.36 -570.39 -408.00 -245.62 -92.55 60.53 166.30 272.07 322.01 371.94 381.41 390.87 377.09 363.31
-290.73 -329.01 -367.30 -387.72 -408.15 -418.13 -428.10 -422.58 -417.07 -391.82 -366.57 -331.95 -297.33 -266.02 -234.71 -207.56 -180.41 -152.89 -125.36 -98.69 -72.02 -52.46 -32.90 -26.59 -20.28 -27.11 -33.95 -44.36 -54.78 -59.34 -63.90 -61.78 -59.66 -54.52 -49.39 -44.46 -39.52 -42.64 -45.75 -71.93 -98.11 -159.79 -221.47 -316.68 -411.89 -520.77 -629.65 -721.93 -814.21 -875.86 -937.51 -983.05 -1028.58 -1058.34 -1088.09 -1058.32 -1028.54 -906.77 -784.99 -608.35 -431.71 -265.16 -98.61 22.10 142.81 215.55 288.28 326.68 365.08 378.59 392.11
-265.90 -295.57 -325.23 -337.84 -350.45 -353.58 -356.70 -345.48 -334.26 -304.21 -274.17 -235.30 -196.44 -162.02 -127.60 -100.26 -72.92 -49.07 -25.22 -4.63 15.96 28.88 41.80 40.47 39.13 22.71 6.29 -14.03 -34.35 -46.56 -58.77 -61.16 -63.56 -60.22 -56.88 -51.39 -45.90 -46.74 -47.59 -71.07 -94.55 -154.40 -214.24 -309.49 -404.73 -516.42 -628.11 -726.35 -824.59 -895.87 -967.16 -1027.24 -1087.32 -1134.15 -1180.98 -1162.56 -1144.15 -1022.48 -900.81 -717.82 -534.83 -361.57 -188.31 -60.07 68.16 151.88 235.61 287.88 340.15 367.13 394.11
-241.07 -262.12 -283.17 -287.96 -292.76 -289.03 -285.30 -268.38 -251.46 -216.61 -181.76 -138.66 -95.55 -58.03 -20.50 7.04 34.58 54.75 74.93 89.44 103.95 110.23 116.50 107.52 98.54 72.54 46.53 16.31 -13.92 -33.78 -53.64 -60.55 -67.45 -65.91 -64.37 -58.32 -52.27 -50.85 -49.43 -70.21 -90.99 -149.00 -207.01 -302.29 -397.57 -512.08 -626.58 -730.78 -834.97 -915.89 -996.81 -1071.43 -1146.05 -1209.96 -1273.87 -1266.81 -1259.75 -1138.19 -1016.62 -827.29 -637.95 -457.98 -278.01 -142.25 -6.48 88.22 182.93 249.08 315.22 355.67 396.12
-200.67 -212.82 -224.98 -221.19 -217.39 -204.58 -191.77 -167.05 -142.34 -102.16 -61.99 -14.40 33.19 74.50 115.82 142.25 168.68 179.44 190.19 189.26 188.33 178.09 167.85 144.21 120.57 81.89 43.22 1.26 -40.70 -70.42 -100.13 -111.41 -122.69 -117.77 -112.86 -97.98 -83.11 -71.49 -59.86 -71.14 -82.41 -131.40 -180.40 -266.51 -352.62 -458.89 -565.17 -665.68 -766.18 -849.70 -933.21 -1012.72 -1092.23 -1159.31 -1226.38 -1223.01 -1219.64 -1105.48 -991.32 -810.13 -628.93 -454.25 -279.57 -147.12 -14.67 76.30 167.26 228.49 289.71 325.28 360.85
-160.27 -163.53 -166.79 -154.41 -142.02 -120.13 -98.24 -65.73 -33.22 12.29 57.79 109.86 161.93 207.03 252.13 277.46 302.79 304.12 305.45 289.08 272.72 245.96 219.20 180.90 142.60 91.25 39.90 -13.79 -67.48 -107.05 -146.62 -162.28 -177.93 -169.64 -161.34 -137.64 -113.94 -92.12 -70.30 -72.06 -73.82 -113.81 -153.79 -230.73 -307.66 -405.71 -503.76 -600.58 -697.39 -783.50 -869.61 -954.01 -1038.40 -1108.65 -1178.90 -1179.21 -1179.52 -1072.77 -966.02 -792.96 -619.91 -450.52 -281.14 -152.00 -22.86 64.37 151.60 207.89 264.19 294.89 325.58
-112.46 -107.48 -102.50 -81.47 -60.43 -28.13 4.17 45.57 86.97 137.68 188.39 245.49 302.58 353.59 404.59 429.08 453.57 440.63 427.69 387.99 348.30 298.11 247.92 190.85 133.78 67.81 1.84 -65.44 -132.71 -184.50 -236.30 -256.36 -276.42 -259.97 -243.52 -203.41 -163.30 -124.24 -85.19 -72.10 -59.02 -85.37 -111.71 -173.71 -235.72 -318.19 -400.67 -486.97 -573.27 -656.82 -740.37 -823.78 -907.18 -973.29 -1039.39 -1039.24 -1039.09 -942.47 -845.85 -687.51 -529.18 -371.53 -213.87 -95.41 23.06 95.50 167.95 205.33 242.71 255.30 267.89
-64.66 -51.44 -38.21 -8.53 21.15 63.87 106.59 156.87 207.16 263.08 318.99 381.11 443.23 500.14 557.05 580.70 604.35 577.13 549.92 486.91 423.89 350.27 276.64 200.80 124.96 44.37 -36.22 -117.08 -197.95 -261.96 -325.97 -350.44 -374.91 -350.30 -325.70 -269.17 -212.65 -156.36 -100.07 -72.14 -44.22 -56.92 -69.63 -116.70 -163.77 -230.68 -297.58 -373.37 -449.15 -530.14 -611.13 -693.55 -775.97 -837.92 -899.87 -899.27 -898.67 -812.17 -725.68 -582.07 -438.45 -292.53 -146.61 -38.82 68.97 126.64 184.31 202.77 221.23 215.72 210.21
-29.17 -10.32 8.53 44.70 80.87 132.16 183.44 240.85 298.27 357.74 417.21 483.84 550.47 614.49 678.51 702.56 726.62 684.84 643.05 556.55 470.05 374.64 279.23 187.36 95.49 2.81 -89.86 -182.52 -275.17 -350.43 -425.69 -453.58 -481.47 -446.78 -412.08 -337.04 -261.99 -187.12 -112.25 -69.24 -26.24 -26.20 -26.16 -59.34 -92.52 -144.01 -195.49 -259.44 -323.39 -399.29 -475.19 -554.57 -633.95 -691.45 -748.96 -747.38 -745.81 -666.46 -587.12 -454.82 -322.52 -187.02 -51.52 44.22 139.97 179.17 218.38 213.63 208.87 181.96 155.05
6.33 30.80 55.28 97.94 140.60 200.45 260.30 324.84 389.37 452.40 515.42 586.56 657.70 728.83 799.96 824.43 848.89 792.54 736.19 626.20 516.21 399.02 281.82 173.92 66.02 -38.74 -143.50 -247.95 -352.40 -438.91 -525.41 -556.73 -588.04 -543.25 -498.47 -404.90 -311.34 -217.88 -124.43 -66.34 -8.26 4.53 17.31 -1.98 -21.27 -57.34 -93.40 -145.51 -197.62 -268.43 -339.24 -415.59 -491.94 -544.99 -598.04 -595.50 -592.96 -520.76 -448.56 -327.57 -206.59 -81.50 43.58 127.27 210.96 231.71 252.46 224.49 196.52 148.20 99.89
10.95 35.87 60.78 103.98 147.18 208.35 269.53 334.96 400.39 463.09 525.79 597.45 669.10 742.35 815.61 839.50 863.40 799.90 736.40 615.78 495.15 368.96 242.76 129.52 16.28 -90.91 -198.09 -304.23 -410.38 -498.70 -587.02 -617.32 -647.62 -596.20 -544.78 -441.30 -337.81 -234.80 -131.79 -65.72 0.35 20.40 40.45 29.59 18.74 -7.31 -33.36 -76.09 -118.81 -182.39 -245.97 -315.80 -385.62 -432.63 -479.63 -474.78 -469.94 -401.47 -333.01 -219.78 -106.56 9.58 125.72 198.38 271.03 276.54 282.05 236.36 190.68 126.77 62.87
15.58 40.93 66.28 110.03 153.77 216.26 278.75 345.08 411.40 473.78 536.16 608.33 680.50 755.88 831.26 854.58 877.90 807.26 736.61 605.35 474.10 338.90 203.70 85.12 -33.46 -143.07 -252.67 -360.52 -468.37 -558.50 -648.64 -677.92 -707.21 -649.15 -591.09 -477.69 -364.29 -251.72 -139.15 -65.09 8.97 36.28 63.59 61.16 58.74 42.71 26.68 -6.66 -40.00 -96.35 -152.70 -216.00 -279.30 -320.26 -361.22 -354.07 -346.92 -282.19 -217.46 -111.99 -6.52 100.67 207.87 269.48 331.10 321.37 311.64 248.24 184.84 105.34 25.85
-17.98 1.77 21.53 57.93 94.33 147.55 200.78 259.13 317.48 374.94 432.39 499.13 565.87 633.50 701.13 720.33 739.53 673.82 608.11 486.76 365.40 239.36 113.32 3.55 -106.22 -204.56 -302.91 -396.89 -490.87 -567.62 -644.36 -665.73 -687.10 -629.36 -571.63 -463.69 -355.75 -248.97 -142.18 -71.29 -0.41 26.99 54.38 53.79 53.19 39.90 26.61 -1.21 -29.02 -75.29 -121.56 -172.13 -222.70 -252.57 -282.43 -269.93 -257.43 -194.74 -132.05 -34.14 63.78 161.00 258.23 309.75 361.26 342.36 323.46 251.88 180.31 94.50 8.69
-51.53 -37.38 -23.23 5.83 34.89 78.85 122.81 173.18 223.56 276.09 328.62 389.93 451.23 511.11 570.99 586.07 601.15 540.38 479.62 368.16 256.71 139.83 22.95 -78.01 -178.97 -266.06 -353.14 -433.26 -513.38 -576.73 -640.09 -653.54 -667.00 -609.58 -552.16 -449.69 -347.22 -246.22 -145.22 -77.50 -9.78 17.70 45.17 46.41 47.65 37.09 26.54 4.25 -18.04 -54.23 -90.42 -128.26 -166.10 -184.87 -203.65 -185.80 -167.94 -107.29 -46.64 43.72 134.08 221.33 308.59 350.01 391.43 363.35 335.28 255.53 175.79 83.65 -8.48
-111.85 -106.87 -101.88 -85.12 -68.35 -40.77 -13.19 23.22 59.64 104.37 149.10 201.52 253.94 300.23 346.51 355.58 364.64 316.46 268.28 179.61 90.95 -5.33 -101.62 -184.29 -266.97 -332.60 -398.22 -453.15 -508.07 -548.25 -588.43 -590.06 -591.68 -538.82 -485.96 -398.53 -311.09 -226.07 -141.05 -84.58 -28.12 -6.51 15.10 12.58 10.05 -3.45 -16.95 -36.94 -56.94 -81.81 -106.69 -128.00 -149.32 -153.61 -157.91 -132.65 -107.39 -47.63 12.13 95.87 179.62 258.24 336.86 370.51 404.17 370.67 337.16 254.12 171.08 77.61 -15.85
-172.16 -176.35 -180.53 -176.06 -171.59 -160.39 -149.19 -126.74 -104.29 -67.35 -30.42 13.11 56.65 89.34 122.03 125.09 128.14 92.54 56.95 -8.93 -74.82 -150.50 -226.18 -290.58 -354.97 -399.14 -443.30 -473.04 -502.77 -519.78 -536.78 -526.57 -516.37 -468.07 -419.77 -347.36 -274.95 -205.91 -136.87 -91.66 -46.45 -30.72 -14.98 -21.26 -27.54 -43.98 -60.43 -78.13 -95.84 -109.39 -122.95 -127.75 -132.55 -122.36 -112.17 -79.50 -46.83 12.03 70.89 148.03 225.16 295.14 365.13 391.02 416.91 377.98 339.05 252.71 166.37 71.57 -23.22
-231.80 -243.51 -255.23 -261.40 -267.58 -271.86 -276.14 -267.32 -258.50 -229.01 -199.52 -164.40 -129.29 -109.64 -89.99 -92.63 -95.28 -118.60 -141.93 -185.57 -229.20 -284.52 -339.85 -385.30 -430.75 -451.76 -472.76 -476.11 -479.46 -473.85 -468.24 -447.38 -426.53 -383.11 -339.70 -282.56 -225.42 -173.43 -121.43 -89.36 -57.29 -49.93 -42.57 -55.16 -67.76 -89.36 -110.95 -128.28 -145.61 -149.75 -153.88 -144.20 -134.52 -111.84 -89.17 -50.37 -11.57 46.58 104.74 177.27 249.81 314.74 379.68 401.15 422.61 379.73 336.85 247.91 158.97 63.97 -31.02
-291.44 -310.68 -329.92 -346.74 -363.56 -383.32 -403.09 -407.90 -412.71 -390.66 -368.61 -341.92 -315.23 -308.62 -302.01 -310.35 -318.69 -329.75 -340.81 -362.20 -383.59 -418.55 -453.51 -480.02 -506.53 -504.37 -502.22 -479.18 -456.14 -427.92 -399.70 -368.19 -336.69 -298.16 -259.63 -217.76 -175.89 -140.94 -105.99 -87.06 -68.13 -69.14 -70.15 -89.07 -107.99 -134.73 -161.48 -178.44 -195.39 -190.10 -184.81 -160.65 -136.49 -101.33 -66.17 -21.24 23.68 81.13 138.59 206.52 274.46 334.34 394.22 411.27 428.32 381.48 334.65 243.11 151.58 56.38 -38.83
-316.99 -336.96 -356.92 -375.89 -394.85 -419.97 -445.09 -456.32 -467.56 -451.20 -434.84 -415.65 -396.45 -399.36 -402.27 -415.26 -428.25 -433.58 -438.91 -448.02 -457.12 -479.17 -501.22 -514.28 -527.34 -508.84 -490.34 -449.43 -408.51 -365.66 -322.80 -285.17 -247.55 -213.58 -179.60 -149.71 -119.81 -98.39 -76.97 -68.88 -60.79 -68.92 -77.04 -100.66 -124.28 -154.07 -183.87 -200.64 -217.41 -207.48 -197.55 -166.64 -135.74 -95.49 -55.24 -9.22 36.80 91.10 145.41 207.89 270.37 325.24 380.10 394.12 408.14 360.55 312.97 223.23 133.48 42.32 -48.85
-342.54 -363.24 -383.93 -405.03 -426.14 -456.61 -487.09 -504.75 -522.41 -511.74 -501.06 -489.37 -477.68 -490.10 -502.52 -520.16 -537.80 -537.41 -537.01 -533.83 -530.65 -539.79 -548.93 -548.54 -548.15 -513.31 -478.47 -419.68 -360.89 -303.40 -245.91 -202.16 -158.40 -128.99 -99.57 -81.66 -63.74 -55.85 -47.96 -50.70 -53.45 -68.69 -83.94 -112.25 -140.57 -173.41 -206.26 -222.85 -239.43 -224.86 -210.28 -172.63 -134.99 -89.65 -44.31 2.80 49.91 101.07 152.23 209.25 266.27 316.13 365.98 376.97 387.96 339.62 291.29 203.34 115.39 28.26 -58.87
-316.97 -329.33 -341.68 -353.02 -364.35 -384.78 -405.21 -418.44 -431.66 -425.67 -419.68 -416.60 -413.51 -432.03 -450.55 -471.92 -493.29 -496.34 -499.38 -497.06 -494.74 -500.00 -505.25 -498.54 -491.84 -451.14 -410.43 -345.95 -281.48 -218.88 -156.29 -111.44 -66.59 -42.50 -18.42 -10.29 -2.16 -4.29 -6.43 -16.58 -26.72 -45.88 -65.03 -93.84 -122.64 -153.71 -184.77 -199.94 -215.10 -201.63 -188.17 -153.77 -119.37 -78.43 -37.50 3.97 45.43 89.05 132.66 180.14 227.62 268.19 308.75 315.70 322.66 278.84 235.02 157.70 80.39 5.29 -69.81
-291.39 -295.42 -299.44 -301.00 -302.56 -312.94 -323.33 -332.12 -340.91 -339.61 -338.30 -343.82 -349.33 -373.96 -398.58 -423.68 -448.79 -455.27 -461.74 -460.29 -458.84 -460.20 -461.57 -448.55 -435.53 -388.96 -342.39 -272.23 -202.06 -134.36 -66.66 -20.72 25.23 43.98 62.73 61.08 59.42 47.26 35.10 17.55 0.00 -23.06 -46.12 -75.42 -104.72 -134.00 -163.28 -177.03 -190.78 -178.41 -166.05 -134.90 -103.75 -67.21 -30.68 5.13 40.95 77.02 113.09 151.03 188.97 220.25 251.52 254.44 257.35 218.05 178.75 112.06 45.38 -17.68 -80.74
-230.13 -218.74 -207.34 -189.73 -172.13 -161.11 -150.09 -146.69 -143.29 -146.00 -148.71 -164.33 -179.95 -209.85 -239.75 -269.15 -298.55 -314.83 -331.10 -339.67 -348.24 -353.10 -357.95 -344.83 -331.72 -286.61 -241.51 -172.94 -104.38 -36.50 31.39 75.78 120.17 132.16 144.15 132.76 121.38 101.07 80.76 58.64 36.51 12.62 -11.28 -37.47 -63.66 -87.57 -111.48 -122.78 -134.08 -126.21 -118.34 -96.72 -75.10 -49.26 -23.42 2.01 27.44 52.58 77.72 102.89 128.07 146.94 165.81 163.95 162.10 130.71 99.33 48.93 -1.47 -47.63 -93.78
-168.87 -142.05 -115.23 -78.47 -41.70 -9.28 23.15 38.74 54.33 47.60 40.88 15.15 -10.57 -45.75 -80.93 -114.62 -148.32 -174.39 -200.46 -219.05 -237.65 -245.99 -254.33 -241.12 -227.90 -184.26 -140.62 -73.66 -6.69 61.37 129.44 172.28 215.12 220.34 225.56 204.45 183.33 154.88 126.43 99.72 73.02 48.29 23.57 0.48 -22.60 -41.14 -59.69 -68.53 -77.38 -74.00 -70.63 -58.54 -46.45 -31.30 -16.15 -1.11 13.93 28.13 42.34 54.76 67.17 73.63 80.09 73.47 66.85 43.38 19.91 -14.21 -48.33 -77.57 -106.82
-100.54 -57.47 -14.40 42.68 99.76 154.65 209.55 238.09 266.63 256.17 245.72 209.81 173.89 133.00 92.11 53.34 14.58 -22.49 -59.56 -90.43 -121.31 -136.60 -151.89 -142.13 -132.37 -92.70 -53.03 10.91 74.86 142.57 210.29 251.37 292.46 290.52 288.58 258.12 227.67 192.88 158.08 129.37 100.65 77.62 54.60 36.73 18.86 7.10 -4.65 -10.34 -16.03 -16.98 -17.92 -15.74 -13.55 -9.85 -6.15 -2.16 1.83 4.90 7.97 8.05 8.12 3.10 -1.93 -12.51 -23.10 -38.61 -54.12 -72.69 -91.25 -104.81 -118.37
-32.21 27.11 86.43 163.83 241.22 318.58 395.95 437.44 478.93 464.74 450.56 404.46 358.36 311.75 265.15 221.31 177.47 129.41 81.34 38.19 -4.97 -27.21 -49.44 -43.14 -36.83 -1.14 34.56 95.48 156.41 223.77 291.14 330.47 369.80 360.70 351.60 311.80 272.01 230.87 189.74 159.01 128.28 106.95 85.62 72.97 60.32 55.35 50.39 47.85 45.32 40.05 34.79 27.06 19.34 11.59 3.85 -3.21 -10.26 -18.33 -26.40 -38.66 -50.92 -67.43 -83.94 -98.50 -113.05 -120.61 -128.16 -131.16 -134.17 -132.04 -129.91
