test/esri_led_60/synt_tma_6000m_led_60.esri
nrows             510
ncols             462
xllcorner      398000.00
yllcorner     7846000.00
cellsize          500.00
NODATA_value    -9999
[rows 64 to 95 of 510, columns 71 to 141 of 462]
-110.13 -103.10 -97.91 -92.71 -90.66 -88.61 -89.57 -90.52 -94.64 -98.76 -104.92 -111.08 -115.77 -120.45 -121.31 -122.17 -120.89 -119.61 -117.67 -115.73 -110.65 -105.57 -94.86 -84.14 -69.85 -55.56 -41.64 -27.72 -16.24 -4.75 4.20 13.15 20.17 27.19 32.46 37.74 40.78 43.81 44.40 44.99 44.13 43.26 42.43 41.60 41.86 42.11 43.81 45.51 48.25 50.99 53.38 55.77 55.63 55.49 51.36 47.23 39.59 31.94 21.95 11.96 0.03 -11.89 -26.14 -40.40 -57.24 -74.08 -92.07 -110.06 -125.87 -141.68 -153.69
-108.19 -101.45 -96.57 -91.68 -89.83 -87.98 -88.93 -89.88 -93.93 -97.97 -104.19 -110.41 -115.30 -120.20 -121.40 -122.61 -121.88 -121.16 -119.90 -118.64 -113.99 -109.33 -98.48 -87.63 -72.85 -58.06 -43.60 -29.15 -17.23 -5.31 3.97 13.25 20.56 27.88 33.48 39.08 42.46 45.84 46.77 47.70 47.21 46.72 46.30 45.88 46.49 47.10 49.07 51.03 54.01 57.00 59.69 62.39 62.58 62.77 58.95 55.13 47.83 40.53 30.93 21.32 9.71 -1.90 -16.03 -30.16 -47.10 -64.03 -82.33 -100.64 -117.04 -133.45 -146.37
-103.86 -97.88 -93.55 -89.22 -87.62 -86.01 -86.90 -87.80 -91.51 -95.23 -101.01 -106.79 -111.54 -116.29 -117.86 -119.44 -119.34 -119.24 -118.51 -117.78 -113.52 -109.27 -98.82 -88.37 -73.90 -59.43 -45.12 -30.80 -18.85 -6.91 2.54 11.98 19.53 27.08 32.93 38.79 42.49 46.19 47.55 48.91 48.91 48.92 48.98 49.05 50.04 51.04 53.25 55.47 58.63 61.79 64.68 67.58 68.11 68.64 65.37 62.10 55.53 48.95 40.10 31.25 20.21 9.17 -4.66 -18.50 -35.26 -52.03 -70.25 -88.48 -105.16 -121.84 -135.61
-99.54 -94.31 -90.53 -86.76 -85.40 -84.04 -84.88 -85.72 -89.10 -92.48 -97.83 -103.18 -107.78 -112.38 -114.32 -116.27 -116.80 -117.33 -117.12 -116.91 -113.06 -109.21 -99.16 -89.10 -74.95 -60.81 -46.63 -32.46 -20.48 -8.50 1.11 10.72 18.50 26.27 32.39 38.51 42.52 46.54 48.32 50.11 50.62 51.12 51.67 52.21 53.59 54.97 57.44 59.91 63.25 66.58 69.68 72.77 73.64 74.50 71.79 69.07 63.23 57.38 49.28 41.18 30.71 20.23 6.70 -6.83 -23.43 -40.04 -58.17 -76.31 -93.27 -110.23 -124.85
-94.14 -89.89 -86.88 -83.86 -82.85 -81.84 -82.57 -83.29 -86.14 -88.99 -93.64 -98.28 -102.55 -106.81 -109.10 -111.40 -112.62 -113.85 -114.24 -114.63 -111.29 -107.95 -98.53 -89.10 -75.60 -62.10 -48.41 -34.71 -22.94 -11.16 -1.48 8.19 16.19 24.19 30.58 36.96 41.32 45.68 47.94 50.20 51.28 52.35 53.45 54.55 56.36 58.17 60.90 63.64 67.16 70.68 74.01 77.33 78.61 79.89 77.87 75.84 70.96 66.07 59.01 51.95 42.24 32.53 19.33 6.14 -10.29 -26.71 -44.64 -62.56 -79.64 -96.72 -112.14
-88.75 -85.47 -83.22 -80.97 -80.30 -79.64 -80.25 -80.87 -83.18 -85.50 -89.44 -93.39 -97.31 -101.24 -103.89 -106.53 -108.45 -110.37 -111.35 -112.34 -109.52 -106.70 -97.90 -89.10 -76.25 -63.39 -50.18 -36.96 -25.39 -13.82 -4.08 5.67 13.89 22.11 28.77 35.42 40.12 44.82 47.55 50.29 51.94 53.58 55.24 56.89 59.13 61.37 64.37 67.37 71.07 74.78 78.34 81.90 83.59 85.28 83.95 82.62 78.69 74.76 68.73 62.71 53.77 44.82 31.96 19.10 2.86 -13.38 -31.10 -48.81 -66.01 -83.22 -99.43
-83.84 -81.45 -80.04 -78.64 -78.46 -78.28 -78.81 -79.35 -81.16 -82.97 -86.35 -89.73 -93.40 -97.07 -99.94 -102.82 -105.35 -107.87 -109.61 -111.34 -109.18 -107.02 -98.72 -90.43 -78.02 -65.61 -52.81 -40.02 -28.70 -17.38 -7.60 2.18 10.65 19.13 26.12 33.12 38.20 43.28 46.47 49.65 51.82 54.00 56.21 58.42 61.12 63.81 67.13 70.45 74.44 78.43 82.40 86.36 88.57 90.79 90.10 89.42 86.38 83.33 78.35 73.37 65.20 57.02 44.38 31.73 15.46 -0.81 -18.50 -36.19 -53.53 -70.88 -87.69
-78.93 -77.42 -76.87 -76.32 -76.62 -76.92 -77.37 -77.83 -79.14 -80.45 -83.26 -86.08 -89.49 -92.89 -96.00 -99.10 -102.24 -105.38 -107.86 -110.34 -108.84 -107.35 -99.55 -91.75 -79.79 -67.82 -55.45 -43.08 -32.01 -20.94 -11.12 -1.30 7.42 16.15 23.48 30.81 36.28 41.75 45.38 49.01 51.71 54.42 57.18 59.94 63.10 66.26 69.89 73.52 77.81 82.09 86.45 90.82 93.56 96.30 96.26 96.23 94.06 91.90 87.96 84.03 76.63 69.22 56.79 44.36 28.06 11.76 -5.90 -23.56 -41.05 -58.53 -75.95
-73.60 -73.02 -73.43 -73.83 -74.77 -75.71 -76.29 -76.88 -77.96 -79.03 -81.54 -84.05 -87.30 -90.54 -93.73 -96.91 -100.39 -103.87 -106.87 -109.88 -108.94 -108.00 -100.67 -93.34 -81.84 -70.34 -58.45 -46.55 -35.80 -25.06 -15.28 -5.50 3.40 12.31 19.93 27.56 33.38 39.20 43.25 47.29 50.47 53.65 56.91 60.17 63.78 67.39 71.39 75.39 80.04 84.69 89.51 94.33 97.57 100.81 101.31 101.81 100.29 98.77 95.58 92.38 85.54 78.70 66.46 54.21 37.91 21.61 3.99 -13.64 -31.10 -48.57 -66.10
-68.27 -68.62 -69.98 -71.35 -72.92 -74.50 -75.22 -75.93 -76.77 -77.62 -79.82 -82.02 -85.11 -88.19 -91.46 -94.72 -98.54 -102.36 -105.89 -109.42 -109.03 -108.65 -101.79 -94.94 -83.90 -72.87 -61.45 -50.03 -39.60 -29.17 -19.44 -9.70 -0.62 8.47 16.39 24.31 30.48 36.66 41.11 45.57 49.22 52.88 56.64 60.41 64.46 68.51 72.88 77.25 82.27 87.30 92.57 97.83 101.58 105.32 106.35 107.38 106.51 105.65 103.19 100.74 94.46 88.18 76.12 64.06 47.77 31.47 13.88 -3.71 -21.16 -38.61 -56.26
-61.19 -62.81 -65.37 -67.93 -70.35 -72.77 -73.92 -75.07 -76.01 -76.95 -79.04 -81.13 -84.08 -87.03 -90.23 -93.44 -97.23 -101.02 -104.58 -108.13 -108.00 -107.87 -101.65 -95.43 -85.24 -75.05 -64.39 -53.74 -43.79 -33.85 -24.28 -14.70 -5.56 3.59 11.67 19.75 26.19 32.63 37.49 42.35 46.48 50.61 54.82 59.03 63.50 67.96 72.75 77.54 82.98 88.42 94.06 99.71 103.84 107.97 109.43 110.90 110.44 109.99 107.85 105.72 99.70 93.68 81.91 70.13 54.10 38.07 20.74 3.41 -13.69 -30.80 -47.93
-54.10 -57.00 -60.76 -64.52 -67.78 -71.04 -72.63 -74.22 -75.25 -76.28 -78.26 -80.24 -83.05 -85.87 -89.01 -92.15 -95.92 -99.69 -103.27 -106.85 -106.97 -107.09 -101.51 -95.92 -86.58 -77.24 -67.34 -57.44 -47.99 -38.53 -29.11 -19.70 -10.50 -1.29 6.95 15.20 21.90 28.61 33.87 39.14 43.74 48.34 53.00 57.65 62.53 67.41 72.62 77.83 83.68 89.53 95.56 101.59 106.10 110.62 112.51 114.41 114.37 114.33 112.52 110.70 104.95 99.19 87.69 76.19 60.43 44.68 27.61 10.54 -6.23 -22.99 -39.61
-45.99 -50.50 -55.83 -61.16 -65.53 -69.90 -72.09 -74.28 -75.54 -76.80 -78.81 -80.82 -83.55 -86.28 -89.25 -92.22 -95.74 -99.27 -102.65 -106.04 -106.28 -106.53 -101.57 -96.61 -88.23 -79.84 -70.89 -61.93 -53.08 -44.22 -34.97 -25.72 -16.42 -7.12 1.26 9.64 16.56 23.49 29.15 34.81 39.89 44.98 50.06 55.15 60.44 65.72 71.40 77.07 83.41 89.75 96.23 102.71 107.61 112.51 114.74 116.97 117.17 117.38 115.71 114.05 108.43 102.81 91.51 80.22 64.69 49.16 32.37 15.57 -0.70 -16.97 -32.64
-37.88 -44.00 -50.90 -57.79 -63.28 -68.76 -71.55 -74.34 -75.83 -77.32 -79.36 -81.40 -84.05 -86.70 -89.49 -92.28 -95.56 -98.84 -102.03 -105.22 -105.59 -105.96 -101.63 -97.30 -89.88 -82.45 -74.43 -66.42 -58.17 -49.92 -40.83 -31.74 -22.35 -12.96 -4.44 4.08 11.23 18.37 24.43 30.49 36.05 41.62 47.13 52.65 58.34 64.04 70.17 76.30 83.14 89.98 96.90 103.83 109.12 114.41 116.97 119.53 119.98 120.43 118.91 117.39 111.91 106.42 95.33 84.24 68.94 53.65 37.12 20.60 4.83 -10.94 -25.67
-30.16 -37.91 -46.53 -55.15 -61.89 -68.64 -72.02 -75.40 -77.11 -78.82 -81.03 -83.24 -85.93 -88.63 -91.20 -93.78 -96.78 -99.78 -102.89 -106.00 -106.55 -107.10 -103.16 -99.23 -92.48 -85.73 -78.55 -71.37 -63.71 -56.06 -47.04 -38.02 -28.42 -18.82 -10.12 -1.42 5.91 13.24 19.62 26.01 31.97 37.94 43.84 49.74 55.80 61.86 68.44 75.02 82.41 89.81 97.34 104.87 110.63 116.40 119.22 122.03 122.66 123.29 122.01 120.72 115.44 110.16 99.10 88.05 72.70 57.36 40.92 24.48 9.17 -6.15 -19.91
-22.45 -31.81 -42.16 -52.51 -60.51 -68.52 -72.49 -76.46 -78.39 -80.33 -82.70 -85.07 -87.81 -90.55 -92.91 -95.28 -98.00 -100.72 -103.75 -106.79 -107.51 -108.23 -104.69 -101.15 -95.08 -89.00 -82.66 -76.33 -69.26 -62.20 -53.25 -44.30 -34.49 -24.68 -15.80 -6.92 0.59 8.10 14.81 21.52 27.90 34.27 40.55 46.83 53.26 59.69 66.72 73.74 81.69 89.64 97.77 105.90 112.15 118.40 121.47 124.54 125.34 126.15 125.10 124.06 118.98 113.90 102.87 91.85 76.46 61.08 44.72 28.37 13.50 -1.37 -14.15
-15.32 -25.77 -37.37 -48.98 -58.01 -67.04 -71.62 -76.20 -78.51 -80.83 -83.52 -86.22 -89.10 -91.98 -94.22 -96.45 -98.94 -101.43 -104.38 -107.33 -108.15 -108.98 -105.69 -102.39 -96.76 -91.12 -85.38 -79.63 -73.03 -66.42 -57.59 -48.76 -38.87 -28.98 -20.03 -11.08 -3.49 4.09 10.92 17.76 24.30 30.83 37.28 43.72 50.37 57.02 64.36 71.71 80.10 88.49 97.13 105.76 112.44 119.12 122.46 125.81 126.86 127.90 127.17 126.43 121.63 116.82 105.93 95.03 79.72 64.40 48.24 32.08 17.66 3.23 -8.79
-8.19 -19.72 -32.59 -45.45 -55.51 -65.56 -70.75 -75.94 -78.64 -81.34 -84.35 -87.36 -90.39 -93.42 -95.53 -97.63 -99.88 -102.14 -105.01 -107.87 -108.80 -109.73 -106.68 -103.63 -98.44 -93.24 -88.09 -82.94 -76.79 -70.65 -61.93 -53.22 -43.26 -33.29 -24.26 -15.23 -7.58 0.07 7.03 13.99 20.69 27.39 34.01 40.62 47.48 54.35 62.01 69.68 78.51 87.34 96.48 105.63 112.73 119.84 123.46 127.08 128.37 129.66 129.23 128.81 124.28 119.75 108.98 98.21 82.97 67.73 51.77 35.80 21.81 7.83 -3.43
-1.04 -12.90 -26.21 -39.53 -50.13 -60.73 -66.65 -72.57 -75.99 -79.41 -82.92 -86.43 -89.68 -92.94 -95.04 -97.13 -99.18 -101.23 -103.79 -106.35 -107.17 -107.99 -105.19 -102.39 -97.62 -92.84 -88.05 -83.26 -77.40 -71.55 -63.14 -54.73 -45.02 -35.30 -26.41 -17.52 -9.96 -2.41 4.41 11.22 17.74 24.25 30.71 37.17 44.02 50.86 58.68 66.49 75.55 84.61 93.97 103.33 110.69 118.05 122.05 126.04 127.72 129.40 129.29 129.18 124.97 120.75 110.43 100.11 85.42 70.73 55.34 39.95 26.52 13.08 2.33
6.11 -6.08 -19.84 -33.60 -44.75 -55.91 -62.55 -69.19 -73.34 -77.48 -81.49 -85.49 -88.97 -92.45 -94.55 -96.64 -98.48 -100.31 -102.57 -104.83 -105.54 -106.25 -103.69 -101.14 -96.79 -92.45 -88.01 -83.57 -78.01 -72.45 -64.35 -56.24 -46.78 -37.31 -28.56 -19.80 -12.35 -4.89 1.78 8.46 14.78 21.11 27.41 33.72 40.55 47.38 55.34 63.30 72.59 81.88 91.45 101.03 108.65 116.27 120.64 125.00 127.08 129.15 129.35 129.55 125.65 121.76 111.88 102.01 87.87 73.73 58.92 44.11 31.23 18.34 8.08
13.48 1.28 -12.57 -26.42 -37.90 -49.37 -56.72 -64.07 -69.10 -74.13 -78.84 -83.55 -87.40 -91.25 -93.38 -95.51 -97.09 -98.67 -100.56 -102.46 -103.00 -103.55 -101.21 -98.87 -94.88 -90.90 -86.74 -82.58 -77.26 -71.95 -64.19 -56.44 -47.31 -38.18 -29.64 -21.10 -13.83 -6.56 -0.20 6.17 12.09 18.00 23.92 29.85 36.49 43.13 51.17 59.21 68.69 78.17 87.90 97.64 105.48 113.32 118.10 122.87 125.44 128.01 128.64 129.28 125.82 122.36 113.05 103.74 90.29 76.84 62.73 48.62 36.28 23.94 13.98
20.85 8.64 -5.31 -19.25 -31.04 -42.84 -50.90 -58.95 -64.87 -70.78 -76.20 -81.61 -85.84 -90.06 -92.22 -94.38 -95.71 -97.03 -98.56 -100.08 -100.46 -100.85 -98.72 -96.59 -92.97 -89.35 -85.46 -81.58 -76.51 -71.45 -64.04 -56.63 -47.84 -39.04 -30.72 -22.39 -15.32 -8.24 -2.18 3.89 9.39 14.89 20.44 25.98 32.44 38.89 47.01 55.12 64.79 74.45 84.35 94.25 102.31 110.37 115.56 120.75 123.80 126.86 127.94 129.01 125.99 122.97 114.22 105.47 92.71 79.94 66.53 53.12 41.33 29.54 19.89
27.82 15.61 1.55 -12.51 -24.55 -36.59 -45.13 -53.67 -60.31 -66.96 -73.18 -79.40 -84.15 -88.89 -91.09 -93.28 -94.38 -95.49 -96.86 -98.24 -98.65 -99.06 -97.10 -95.13 -91.78 -88.44 -84.89 -81.35 -76.61 -71.88 -64.73 -57.57 -48.95 -40.34 -32.16 -23.97 -17.07 -10.17 -4.39 1.39 6.51 11.63 16.78 21.94 28.20 34.46 42.67 50.87 60.80 70.73 80.92 91.11 99.45 107.80 113.31 118.82 122.33 125.85 127.51 129.18 126.74 124.30 116.00 107.71 95.40 83.10 70.23 57.36 46.02 34.68 25.24
34.78 22.57 8.40 -5.77 -18.05 -30.34 -39.36 -48.38 -55.76 -63.14 -70.17 -77.19 -82.46 -87.72 -89.95 -92.18 -93.06 -93.94 -95.17 -96.40 -96.84 -97.28 -95.48 -93.67 -90.60 -87.52 -84.32 -81.12 -76.72 -72.31 -65.41 -58.51 -50.07 -41.63 -33.59 -25.56 -18.83 -12.11 -6.61 -1.11 3.63 8.36 13.13 17.90 23.97 30.03 38.32 46.62 56.82 67.02 77.49 87.97 96.59 105.22 111.05 116.89 120.86 124.83 127.09 129.36 127.49 125.63 117.79 109.95 98.10 86.25 73.93 61.60 50.71 39.83 30.59
40.26 28.52 14.67 0.83 -11.33 -23.48 -32.66 -41.83 -49.64 -57.45 -65.06 -72.68 -78.42 -84.15 -86.59 -89.02 -90.00 -90.98 -92.39 -93.81 -94.53 -95.25 -93.78 -92.30 -89.62 -86.95 -84.23 -81.51 -77.54 -73.57 -66.97 -60.36 -52.12 -43.88 -36.00 -28.13 -21.54 -14.96 -9.58 -4.21 0.39 4.99 9.62 14.26 20.24 26.23 34.57 42.91 53.22 63.54 74.16 84.78 93.54 102.31 108.30 114.29 118.55 122.80 125.52 128.25 126.92 125.59 118.25 110.92 99.62 88.33 76.60 64.88 54.48 44.09 35.11
45.75 34.46 20.95 7.43 -4.60 -16.63 -25.95 -35.28 -43.52 -51.76 -59.96 -68.16 -74.37 -80.58 -83.23 -85.87 -86.94 -88.02 -89.62 -91.22 -92.22 -93.23 -92.08 -90.92 -88.65 -86.38 -84.14 -81.90 -78.36 -74.83 -68.52 -62.21 -54.17 -46.12 -38.41 -30.70 -24.25 -17.81 -12.56 -7.31 -2.84 1.62 6.12 10.61 16.52 22.43 30.81 39.19 49.63 60.07 70.83 81.59 90.49 99.40 105.55 111.70 116.24 120.77 123.96 127.14 126.35 125.55 118.72 111.89 101.14 90.40 79.28 68.16 58.25 48.35 39.62
49.28 39.38 27.13 14.89 3.64 -7.61 -16.77 -25.94 -34.35 -42.77 -51.15 -59.53 -66.02 -72.51 -75.68 -78.86 -80.55 -82.24 -84.34 -86.45 -87.96 -89.47 -88.98 -88.49 -86.97 -85.44 -83.86 -82.28 -79.30 -76.31 -70.48 -64.66 -57.03 -49.40 -41.99 -34.58 -28.27 -21.95 -16.62 -11.28 -6.59 -1.89 2.84 7.57 13.58 19.60 27.90 36.19 46.39 56.59 67.08 77.56 86.29 95.01 101.14 107.27 111.86 116.44 119.72 122.99 122.55 122.10 116.05 110.01 100.30 90.59 80.45 70.30 61.09 51.89 43.54
52.81 44.29 33.32 22.34 11.88 1.41 -7.60 -16.61 -25.19 -33.77 -42.34 -50.90 -57.67 -64.43 -68.14 -71.85 -74.15 -76.46 -79.07 -81.69 -83.70 -85.71 -85.89 -86.06 -85.29 -84.51 -83.59 -82.67 -80.23 -77.79 -72.45 -67.10 -59.89 -52.68 -45.58 -38.47 -32.29 -26.10 -20.68 -15.26 -10.34 -5.41 -0.44 4.52 10.65 16.77 24.98 33.19 43.15 53.12 63.33 73.54 82.08 90.63 96.73 102.84 107.47 112.11 115.48 118.85 118.75 118.65 113.38 108.12 99.45 90.79 81.61 72.44 63.94 55.43 47.45
55.11 48.50 39.38 30.25 21.00 11.75 3.10 -5.56 -14.19 -22.82 -31.40 -39.98 -46.95 -53.91 -58.32 -62.73 -65.96 -69.20 -72.60 -76.01 -78.74 -81.47 -82.52 -83.56 -83.76 -83.96 -83.94 -83.91 -82.18 -80.45 -75.65 -70.84 -64.08 -57.32 -50.59 -43.85 -37.79 -31.72 -26.03 -20.34 -14.89 -9.44 -3.97 1.50 7.85 14.21 22.27 30.33 39.89 49.45 59.19 68.93 77.12 85.30 91.23 97.15 101.67 106.19 109.50 112.81 113.01 113.21 108.87 104.53 97.17 89.81 81.89 73.98 66.35 58.73 51.18
57.42 52.70 45.43 38.16 30.13 22.10 13.79 5.49 -3.19 -11.86 -20.46 -29.05 -36.22 -43.39 -48.50 -53.61 -57.77 -61.94 -66.13 -70.32 -73.78 -77.23 -79.15 -81.07 -82.24 -83.42 -84.29 -85.16 -84.14 -83.12 -78.85 -74.58 -68.27 -61.96 -55.60 -49.23 -43.29 -37.34 -31.38 -25.43 -19.45 -13.47 -7.49 -1.52 5.06 11.64 19.55 27.47 36.63 45.78 55.05 64.32 72.15 79.98 85.72 91.47 95.87 100.27 103.52 106.77 107.28 107.78 104.36 100.94 94.89 88.84 82.17 75.51 68.77 62.02 54.90
59.03 56.00 50.47 44.93 38.10 31.28 23.40 15.52 6.85 -1.83 -10.47 -19.12 -26.50 -33.88 -39.59 -45.30 -50.33 -55.37 -60.45 -65.52 -69.79 -74.05 -76.79 -79.53 -81.64 -83.76 -85.65 -87.54 -87.34 -87.13 -83.30 -79.47 -73.45 -67.44 -61.41 -55.38 -49.57 -43.76 -37.49 -31.23 -24.66 -18.10 -11.63 -5.17 1.61 8.38 16.16 23.93 32.74 41.54 50.42 59.29 66.79 74.28 79.76 85.25 89.50 93.75 97.06 100.37 101.29 102.21 99.63 97.05 92.20 87.34 81.94 76.54 70.74 64.94 58.24
60.65 59.31 55.50 51.69 46.08 40.46 33.01 25.56 16.88 8.20 -0.49 -9.18 -16.78 -24.37 -30.68 -36.99 -42.89 -48.80 -54.76 -60.72 -65.80 -70.88 -74.43 -77.99 -81.04 -84.10 -87.01 -89.92 -90.53 -91.15 -87.75 -84.36 -78.64 -72.92 -67.22 -61.53 -55.85 -50.18 -43.60 -37.02 -29.88 -22.73 -15.77 -8.81 -1.84 5.12 12.76 20.39 28.84 37.29 45.78 54.27 61.43 68.58 73.81 79.03 83.13 87.23 90.60 93.97 95.30 96.63 94.90 93.17 89.51 85.85 81.71 77.57 72.71 67.85 61.58
