test/esri_led_60/synt_tma_4800m_led_60.esri
nrows             510
ncols             462
xllcorner      398000.00
yllcorner     7846000.00
cellsize          500.00
NODATA_value    -9999
[rows 448 to 479 of 510, columns 144 to 215 of 462]
2.86 3.38 3.90 6.86 9.81 15.63 21.44 30.00 38.56 49.41 60.25 72.81 85.36 98.81 112.27 125.36 138.44 149.36 160.28 167.31 174.33 176.80 179.27 178.01 176.74 173.25 169.76 165.34 160.91 156.61 152.31 149.23 146.15 144.98 143.82 144.33 144.83 146.01 147.18 147.35 147.51 143.93 140.34 129.80 119.26 100.74 82.21 58.80 35.39 13.13 -9.12 -24.47 -39.82 -45.64 -51.46 -49.52 -47.57 -43.28 -38.99 -38.78 -38.56 -45.86 -53.15 -66.47 -79.79 -94.96 -110.13 -123.74 -137.34 -147.92 -158.50 -165.47
-4.35 -4.44 -4.53 -2.36 -0.19 4.61 9.41 16.72 24.03 33.50 42.97 54.21 65.44 77.80 90.16 102.39 114.63 125.06 135.48 142.60 149.71 152.99 156.26 156.32 156.37 154.30 152.23 149.00 145.76 142.31 138.86 136.39 133.92 133.34 132.76 134.06 135.37 137.66 139.96 141.52 143.09 140.99 138.88 129.68 120.47 102.98 85.49 62.81 40.12 18.22 -3.67 -19.19 -34.71 -41.31 -47.92 -47.27 -46.62 -44.04 -41.45 -43.35 -45.24 -55.03 -64.82 -80.65 -96.48 -113.52 -130.56 -144.75 -158.94 -168.63 -178.32 -183.36
-12.15 -12.59 -13.04 -11.30 -9.56 -5.31 -1.06 5.58 12.22 20.94 29.67 40.18 50.69 62.42 74.16 85.94 97.72 107.91 118.10 125.28 132.46 136.11 139.76 140.40 141.04 139.61 138.17 135.44 132.71 129.57 126.42 124.13 121.84 121.54 121.23 123.18 125.12 128.55 131.98 135.02 138.05 137.41 136.76 128.70 120.64 103.81 86.97 64.39 41.81 19.42 -2.97 -19.64 -36.30 -44.76 -53.22 -55.05 -56.87 -57.04 -57.22 -61.65 -66.08 -77.84 -89.60 -106.74 -123.89 -141.34 -158.79 -171.96 -185.13 -192.08 -199.04 -200.20
-19.94 -20.74 -21.54 -20.24 -18.93 -15.24 -11.54 -5.57 0.40 8.38 16.37 26.15 35.94 47.05 58.16 69.48 80.80 90.76 100.72 107.97 115.21 119.23 123.25 124.48 125.72 124.91 124.11 121.88 119.66 116.82 113.99 111.88 109.77 109.74 109.71 112.29 114.87 119.44 124.00 128.51 133.01 133.83 134.64 127.73 120.81 104.63 88.46 65.98 43.50 20.62 -2.27 -20.08 -37.90 -48.21 -58.52 -62.82 -67.12 -70.05 -72.98 -79.94 -86.91 -100.65 -114.38 -132.84 -151.30 -169.16 -187.02 -199.17 -211.31 -215.53 -219.75 -217.03
-27.83 -28.73 -29.62 -28.42 -27.21 -23.63 -20.05 -14.24 -8.43 -0.65 7.13 16.68 26.22 37.10 47.99 59.15 70.32 80.20 90.09 97.29 104.49 108.45 112.42 113.60 114.77 113.92 113.08 110.79 108.49 105.52 102.54 100.27 97.99 97.99 97.99 101.10 104.22 109.93 115.65 121.70 127.74 130.02 132.29 126.34 120.38 104.46 88.53 65.55 42.56 18.48 -5.60 -25.27 -44.94 -57.77 -70.60 -78.02 -85.44 -91.61 -97.78 -107.29 -116.80 -131.86 -146.93 -165.65 -184.36 -201.49 -218.61 -228.50 -238.38 -238.45 -238.52 -230.48
-35.73 -36.72 -37.71 -36.60 -35.49 -32.03 -28.57 -22.91 -17.25 -9.68 -2.10 7.20 16.51 27.16 37.82 48.83 59.83 69.64 79.46 86.61 93.76 97.67 101.59 102.71 103.83 102.94 102.05 99.69 97.33 94.21 91.09 88.66 86.22 86.25 86.27 89.91 93.56 100.43 107.31 114.89 122.47 126.21 129.94 124.95 119.96 104.28 88.61 65.12 41.62 16.34 -8.94 -30.46 -51.98 -67.33 -82.68 -93.21 -103.75 -113.17 -122.59 -134.64 -146.69 -163.08 -179.47 -198.45 -217.43 -233.81 -250.20 -257.83 -265.45 -261.37 -257.29 -243.93
-43.12 -44.00 -44.88 -43.61 -42.33 -38.67 -35.01 -29.16 -23.31 -15.60 -7.89 1.47 10.83 21.47 32.12 43.09 54.07 63.80 73.53 80.46 87.39 90.88 94.36 94.96 95.56 94.20 92.83 90.10 87.36 83.94 80.52 77.88 75.24 75.33 75.41 79.61 83.80 91.81 99.83 108.89 117.96 123.05 128.14 123.92 119.71 103.97 88.23 63.88 39.52 12.74 -14.04 -37.52 -61.01 -78.78 -96.54 -109.89 -123.23 -135.39 -147.55 -161.47 -175.39 -192.30 -209.21 -227.61 -246.01 -260.93 -275.85 -280.67 -285.49 -276.96 -268.42 -249.75
-50.51 -51.28 -52.05 -50.61 -49.17 -45.31 -41.45 -35.41 -29.36 -21.52 -13.68 -4.27 5.14 15.78 26.42 37.36 48.31 57.96 67.61 74.31 81.01 84.08 87.14 87.22 87.30 85.46 83.62 80.50 77.39 73.66 69.94 67.10 64.26 64.40 64.55 69.30 74.05 83.20 92.35 102.89 113.44 119.89 126.34 122.90 119.46 103.66 87.86 62.64 37.41 9.14 -19.13 -44.58 -70.04 -90.23 -110.41 -126.56 -142.71 -157.61 -172.52 -188.30 -204.09 -221.52 -238.95 -256.77 -274.59 -288.05 -301.50 -303.52 -305.54 -292.54 -279.55 -255.56
-56.82 -57.31 -57.79 -55.99 -54.19 -49.94 -45.69 -39.27 -32.85 -24.73 -16.60 -7.05 2.50 13.13 23.75 34.55 45.35 54.69 64.04 70.22 76.40 78.72 81.03 80.27 79.51 76.95 74.39 70.84 67.28 63.45 59.62 56.96 54.31 54.92 55.52 61.01 66.51 76.65 86.80 98.45 110.09 117.48 124.87 121.93 118.98 103.08 87.17 61.26 35.36 5.99 -23.39 -50.23 -77.07 -98.84 -120.60 -138.42 -156.23 -172.52 -188.81 -205.14 -221.47 -238.30 -255.13 -271.42 -287.70 -298.96 -310.21 -309.37 -308.52 -292.02 -275.51 -247.98
-63.13 -63.33 -63.53 -61.37 -59.21 -54.57 -49.92 -43.13 -36.35 -27.93 -19.52 -9.83 -0.14 10.48 21.09 31.74 42.38 51.43 60.47 66.13 71.79 73.36 74.92 73.32 71.72 68.44 65.16 61.17 57.18 53.23 49.29 46.83 44.37 45.43 46.50 52.73 58.96 70.11 81.25 94.00 106.75 115.08 123.41 120.96 118.51 102.49 86.48 59.89 33.30 2.83 -27.65 -55.87 -84.09 -107.44 -130.80 -150.27 -169.75 -187.43 -205.10 -221.98 -238.86 -255.09 -271.32 -286.06 -300.80 -309.86 -318.93 -315.22 -311.51 -291.50 -271.48 -240.39
-68.18 -67.93 -67.67 -65.00 -62.33 -57.18 -52.04 -44.80 -37.57 -28.83 -20.10 -10.30 -0.51 9.95 20.40 30.62 40.84 49.23 57.62 62.40 67.18 67.70 68.21 65.50 62.79 58.62 54.45 50.09 45.72 42.07 38.42 36.79 35.17 37.31 39.45 46.70 53.95 65.89 77.82 91.13 104.43 113.12 121.81 119.57 117.32 101.37 85.41 58.71 32.02 1.28 -29.46 -58.06 -86.65 -110.38 -134.11 -153.76 -173.42 -190.79 -208.17 -224.02 -239.87 -254.20 -268.54 -280.62 -292.70 -298.78 -304.85 -298.46 -292.07 -270.17 -248.26 -216.27
-73.23 -72.52 -71.81 -68.63 -65.45 -59.80 -54.16 -46.47 -38.79 -29.73 -20.68 -10.78 -0.87 9.42 19.71 29.50 39.30 47.03 54.76 58.67 62.58 62.03 61.49 57.68 53.87 48.81 43.75 39.00 34.26 30.90 27.55 26.75 25.96 29.18 32.40 40.67 48.94 61.67 74.40 88.25 102.11 111.16 120.21 118.17 116.14 100.24 84.34 57.54 30.74 -0.26 -31.27 -60.24 -89.21 -113.31 -137.42 -157.25 -177.08 -194.16 -211.24 -226.06 -240.88 -253.32 -265.76 -275.18 -284.61 -287.69 -290.78 -281.71 -272.63 -248.84 -225.05 -192.14
-77.30 -76.01 -74.71 -70.92 -67.12 -60.91 -54.69 -46.52 -38.35 -28.98 -19.61 -9.67 0.26 10.22 20.18 29.31 38.44 45.23 52.03 54.79 57.55 55.68 53.82 48.67 43.52 37.43 31.33 26.28 21.23 18.50 15.77 16.32 16.87 21.63 26.39 35.89 45.38 58.78 72.18 86.26 100.34 109.45 118.55 116.63 114.70 99.05 83.41 57.00 30.58 0.06 -30.47 -58.85 -87.24 -110.56 -133.87 -152.53 -171.18 -186.54 -201.89 -214.36 -226.83 -236.28 -245.74 -251.67 -257.59 -257.28 -256.96 -245.63 -234.30 -210.10 -185.90 -154.26
-81.37 -79.49 -77.61 -73.20 -68.80 -62.01 -55.22 -46.57 -37.92 -28.23 -18.54 -8.57 1.39 11.02 20.64 29.11 37.57 43.44 49.30 50.91 52.52 49.34 46.15 39.66 33.17 26.04 18.92 13.56 8.20 6.09 3.99 5.89 7.78 14.09 20.39 31.11 41.82 55.89 69.96 84.27 98.58 107.74 116.90 115.08 113.26 97.87 82.48 56.45 30.43 0.38 -29.66 -57.47 -85.27 -107.80 -130.32 -147.81 -165.29 -178.92 -192.54 -202.66 -212.78 -219.25 -225.72 -228.15 -230.58 -226.86 -223.14 -209.56 -195.97 -171.36 -146.75 -116.38
-84.75 -82.22 -79.69 -74.64 -69.58 -62.21 -54.83 -45.71 -36.59 -26.64 -16.69 -6.79 3.11 12.27 21.43 29.08 36.73 41.53 46.33 46.66 47.00 42.37 37.75 29.83 21.90 13.71 5.52 -0.11 -5.73 -7.12 -8.50 -5.15 -1.80 6.10 13.99 25.92 37.84 52.50 67.16 81.64 96.11 105.36 114.60 113.02 111.44 96.54 81.63 56.37 31.11 2.12 -26.88 -53.33 -79.78 -100.61 -121.43 -136.76 -152.10 -163.08 -174.06 -181.03 -187.99 -190.86 -193.72 -192.37 -191.01 -184.08 -177.15 -162.03 -146.91 -123.05 -99.18 -71.51
-88.13 -84.95 -81.77 -76.07 -70.37 -62.41 -54.45 -44.86 -35.27 -25.05 -14.83 -5.00 4.83 13.53 22.22 29.06 35.90 39.63 43.36 42.42 41.48 35.41 29.35 19.99 10.63 1.37 -7.88 -13.78 -19.67 -20.33 -20.99 -16.19 -11.39 -1.90 7.60 20.72 33.85 49.11 64.37 79.01 93.65 102.98 112.30 110.96 109.62 95.20 80.79 56.29 31.80 3.85 -24.09 -49.19 -74.30 -93.41 -112.53 -125.72 -138.91 -147.24 -155.58 -159.39 -163.20 -162.46 -161.72 -156.58 -151.44 -141.30 -131.16 -114.50 -97.84 -74.73 -51.62 -26.64
-90.80 -86.98 -83.16 -76.83 -70.50 -62.02 -53.53 -43.57 -33.61 -23.26 -12.91 -3.28 6.35 14.45 22.55 28.45 34.35 36.93 39.50 37.26 35.02 27.61 20.19 9.57 -1.05 -11.21 -21.36 -27.46 -33.55 -33.60 -33.66 -27.69 -21.72 -10.97 -0.23 13.79 27.81 43.47 59.12 73.84 88.56 97.99 107.41 106.49 105.57 92.05 78.53 55.42 32.32 6.16 -20.00 -43.01 -66.03 -82.77 -99.50 -109.95 -120.40 -125.60 -130.79 -131.08 -131.37 -126.86 -122.35 -113.55 -104.76 -91.92 -79.09 -61.77 -44.46 -23.29 -2.12 18.81
-93.47 -89.00 -84.54 -77.59 -70.64 -61.62 -52.61 -42.28 -31.94 -21.46 -10.98 -1.56 7.86 15.36 22.87 27.84 32.81 34.22 35.63 32.10 28.57 19.80 11.03 -0.86 -12.74 -23.79 -34.84 -41.14 -47.44 -46.88 -46.32 -39.18 -32.04 -20.05 -8.06 6.86 21.77 37.83 53.88 68.68 83.48 93.00 102.53 102.02 101.52 88.90 76.27 54.56 32.84 8.47 -15.90 -36.83 -57.76 -72.12 -86.47 -94.19 -101.90 -103.95 -106.00 -102.77 -99.54 -91.25 -82.97 -70.52 -58.07 -42.54 -27.01 -9.05 8.92 28.15 47.38 64.25
-95.43 -90.35 -85.26 -77.73 -70.20 -60.74 -51.28 -40.71 -30.13 -19.66 -9.19 -0.10 8.98 15.79 22.59 26.53 30.46 30.64 30.82 26.04 21.25 11.37 1.48 -11.34 -24.16 -35.83 -47.51 -53.94 -60.38 -59.40 -58.42 -50.52 -42.62 -29.91 -17.19 -1.87 13.45 29.54 45.63 60.22 74.81 84.25 93.68 93.68 93.67 82.42 71.18 51.63 32.09 10.36 -11.38 -29.53 -47.69 -59.22 -70.75 -75.44 -80.14 -78.86 -77.58 -70.77 -63.96 -52.01 -40.06 -24.23 -8.41 9.33 27.07 44.85 62.64 78.65 94.66 105.95
-97.39 -91.69 -85.99 -77.87 -69.76 -59.86 -49.96 -39.14 -28.32 -17.86 -7.40 1.35 10.11 16.21 22.32 25.22 28.12 27.06 26.00 19.97 13.94 2.93 -8.08 -21.82 -35.57 -47.88 -60.18 -66.75 -73.32 -71.92 -70.52 -61.86 -53.20 -39.77 -26.33 -10.60 5.14 21.25 37.37 51.76 66.15 75.50 84.84 85.33 85.82 75.95 66.08 48.71 31.35 12.25 -6.85 -22.23 -37.62 -46.32 -55.02 -56.70 -58.38 -53.77 -49.16 -38.76 -28.37 -12.76 2.85 22.05 41.25 61.20 81.16 98.76 116.35 129.15 141.94 147.65
-98.94 -92.64 -86.34 -77.67 -68.99 -58.67 -48.35 -37.31 -26.28 -15.84 -5.41 3.02 11.44 16.87 22.29 24.19 26.08 23.86 21.64 14.54 7.45 -4.41 -16.26 -30.65 -45.04 -57.78 -70.53 -77.20 -83.88 -82.20 -80.52 -71.43 -62.35 -48.67 -34.99 -19.37 -3.74 11.95 27.63 41.42 55.21 64.17 73.13 74.01 74.90 66.58 58.26 43.47 28.68 12.65 -3.38 -15.68 -27.98 -33.75 -39.51 -38.22 -36.92 -29.13 -21.35 -7.67 6.02 24.88 43.73 65.88 88.03 109.78 131.53 148.33 165.14 173.79 182.45 181.62
-100.49 -93.59 -86.70 -77.46 -68.22 -57.48 -46.74 -35.49 -24.23 -13.83 -3.42 4.68 12.78 17.52 22.26 23.16 24.05 20.67 17.29 9.12 0.95 -11.75 -24.44 -39.47 -54.50 -67.69 -80.88 -87.66 -94.44 -92.48 -90.52 -81.01 -71.50 -57.57 -43.65 -28.13 -12.61 2.64 17.89 31.08 44.27 52.85 61.42 62.70 63.97 57.21 50.45 38.23 26.01 13.05 0.09 -9.13 -18.35 -21.18 -24.01 -19.73 -15.46 -4.50 6.45 23.43 40.41 62.51 84.62 109.71 134.81 158.35 181.90 197.91 213.92 218.44 222.96 215.58
-101.89 -94.45 -87.01 -77.22 -67.44 -56.24 -45.04 -33.46 -21.88 -11.34 -0.80 7.16 15.12 19.41 23.70 23.88 24.05 19.87 15.68 6.83 -2.02 -15.17 -28.32 -43.67 -59.02 -72.45 -85.87 -92.70 -99.53 -97.41 -95.29 -85.65 -76.01 -62.31 -48.61 -33.76 -18.91 -4.68 9.55 21.61 33.67 41.41 49.16 50.46 51.76 46.22 40.68 30.74 20.80 10.66 0.53 -5.87 -12.27 -12.48 -12.69 -5.91 0.87 14.35 27.83 47.26 66.69 91.08 115.47 142.56 169.64 194.17 218.71 233.42 248.14 248.41 248.69 235.17
-103.29 -95.31 -87.33 -76.99 -66.65 -54.99 -43.33 -31.43 -19.53 -8.86 1.82 9.64 17.47 21.30 25.14 24.60 24.05 19.06 14.07 4.55 -4.98 -18.59 -32.20 -47.88 -63.55 -77.20 -90.86 -97.74 -104.62 -102.34 -100.05 -90.28 -80.51 -67.04 -53.56 -39.39 -25.22 -12.00 1.22 12.14 23.06 29.98 36.90 38.22 39.54 35.23 30.92 23.26 15.60 8.28 0.96 -2.61 -6.19 -3.78 -1.38 7.91 17.20 33.20 49.21 71.09 92.98 119.66 146.33 175.40 204.46 229.99 255.52 268.94 282.36 278.38 274.41 254.75
-104.46 -96.09 -87.73 -76.89 -66.06 -53.88 -41.69 -29.30 -16.91 -5.86 5.19 13.21 21.22 25.01 28.81 28.07 27.34 22.15 16.96 7.38 -2.19 -15.66 -29.13 -44.52 -59.92 -73.31 -86.69 -93.39 -100.09 -97.81 -95.53 -86.11 -76.69 -64.06 -51.43 -38.65 -25.88 -14.50 -3.12 5.84 14.79 20.10 25.42 26.06 26.70 22.92 19.13 13.04 6.95 1.76 -3.44 -4.84 -6.24 -1.92 2.41 13.33 24.26 41.62 58.98 81.91 104.84 132.16 159.49 188.74 217.98 242.89 267.81 279.25 290.69 283.20 275.72 251.78
-105.63 -96.88 -88.12 -76.80 -65.47 -52.76 -40.06 -27.18 -14.29 -2.86 8.57 16.77 24.97 28.73 32.48 31.55 30.62 25.24 19.85 10.22 0.59 -12.73 -26.05 -41.17 -56.30 -69.41 -82.53 -89.05 -95.57 -93.29 -91.01 -81.94 -72.86 -61.08 -49.30 -37.92 -26.54 -16.99 -7.45 -0.47 6.52 10.23 13.94 13.90 13.86 10.60 7.34 2.82 -1.70 -4.77 -7.84 -7.07 -6.30 -0.05 6.20 18.75 31.31 50.04 68.76 92.73 116.70 144.67 172.65 202.07 231.49 255.79 280.09 289.56 299.02 288.02 277.02 248.80
-106.49 -97.57 -88.66 -76.93 -65.20 -51.92 -38.64 -25.09 -11.54 0.55 12.64 21.38 30.12 34.30 38.48 37.93 37.39 32.47 27.55 18.56 9.57 -2.89 -15.35 -29.43 -43.51 -55.62 -67.72 -73.68 -79.64 -77.55 -75.45 -67.30 -59.15 -48.91 -38.67 -29.49 -20.30 -13.57 -6.84 -2.93 0.98 2.04 3.09 1.46 -0.18 -3.71 -7.23 -10.91 -14.59 -16.25 -17.91 -15.66 -13.42 -5.99 1.43 14.64 27.85 46.63 65.40 88.82 112.24 139.01 165.78 193.23 220.68 242.38 264.08 270.82 277.57 264.19 250.81 220.76
-107.35 -98.27 -89.19 -77.06 -64.93 -51.08 -37.22 -23.00 -8.79 3.96 16.70 25.99 35.27 39.87 44.47 44.31 44.15 39.71 35.26 26.91 18.55 6.95 -4.66 -17.69 -30.73 -41.82 -52.91 -58.31 -63.70 -61.80 -59.90 -52.66 -45.43 -36.74 -28.05 -21.06 -14.07 -10.15 -6.23 -5.39 -4.55 -6.15 -7.76 -10.99 -14.22 -18.01 -21.80 -24.65 -27.49 -27.73 -27.98 -24.25 -20.53 -11.94 -3.34 10.52 24.38 43.22 62.05 84.92 107.79 133.35 158.91 184.39 209.86 228.96 248.06 252.09 256.11 240.35 224.60 192.73
-108.08 -99.04 -90.01 -77.59 -65.17 -50.70 -36.24 -21.19 -6.13 7.52 21.18 31.31 41.44 46.79 52.13 52.74 53.35 49.83 46.30 39.07 31.84 21.58 11.32 -0.12 -11.56 -21.11 -30.65 -35.17 -39.69 -38.02 -36.36 -30.36 -24.36 -17.64 -10.93 -6.72 -2.52 -2.25 -1.99 -5.22 -8.46 -13.71 -18.95 -24.60 -30.25 -34.92 -39.60 -42.10 -44.60 -43.87 -43.13 -38.33 -33.54 -24.20 -14.86 -0.94 12.98 31.03 49.07 70.32 91.57 114.64 137.71 159.77 181.83 197.11 212.39 213.41 214.42 197.30 180.18 148.41
-108.80 -99.82 -90.83 -78.12 -65.40 -50.33 -35.26 -19.37 -3.48 11.09 25.66 36.63 47.60 53.70 59.79 61.18 62.56 59.95 57.35 51.23 45.12 36.21 27.30 17.45 7.60 -0.39 -8.39 -12.03 -15.67 -14.24 -12.82 -8.05 -3.28 1.45 6.19 7.61 9.03 5.65 2.26 -5.06 -12.37 -21.26 -30.15 -38.21 -46.27 -51.83 -57.40 -59.56 -61.71 -60.00 -58.28 -52.41 -46.54 -36.46 -26.38 -12.40 1.59 18.84 36.10 55.72 75.35 95.93 116.51 135.16 153.81 165.27 176.72 174.72 172.72 154.24 135.77 104.10
-109.32 -100.64 -91.95 -79.12 -66.29 -50.66 -35.04 -18.24 -1.45 14.16 29.78 41.72 53.66 60.58 67.50 69.70 71.90 70.28 68.65 63.73 58.81 51.33 43.86 35.69 27.52 21.18 14.84 12.20 9.57 10.90 12.23 15.88 19.53 22.30 25.07 23.52 21.98 14.54 7.10 -4.84 -16.78 -29.87 -42.97 -53.88 -64.80 -71.53 -78.25 -80.20 -82.14 -79.46 -76.79 -69.77 -62.75 -51.80 -40.85 -26.68 -12.50 3.99 20.48 38.34 56.20 74.02 91.84 106.87 121.90 129.60 137.30 132.75 128.19 109.21 90.24 59.85
-109.84 -101.45 -93.07 -80.12 -67.17 -50.99 -34.82 -17.12 0.58 17.24 33.90 46.81 59.72 67.46 75.21 78.22 81.24 80.60 79.96 76.23 72.50 66.46 60.41 53.92 47.44 42.75 38.07 36.44 34.81 36.04 37.28 39.81 42.35 43.15 43.94 39.43 34.93 23.43 11.94 -4.63 -21.19 -38.49 -55.78 -69.56 -83.33 -91.22 -99.11 -100.84 -102.57 -98.93 -95.29 -87.13 -78.97 -67.14 -55.32 -40.95 -26.59 -10.87 4.86 20.95 37.05 52.11 67.18 78.59 89.99 93.94 97.88 90.77 83.66 64.18 44.71 15.61
