test/esri_led_60/synt_tma_2400m_led_60.esri
nrows             510
ncols             462
xllcorner      398000.00
yllcorner     7846000.00
cellsize          500.00
NODATA_value    -9999
[rows 132 to 164 of 510, columns 292 to 364 of 462]
119.72 117.95 116.18 113.65 111.11 107.97 104.83 101.16 97.50 93.37 89.25 84.76 80.26 75.51 70.77 65.94 61.11 56.46 51.82 47.75 43.68 40.61 37.53 35.79 34.05 33.71 33.37 34.22 35.06 36.64 38.22 40.04 41.85 43.55 45.24 46.69 48.13 49.39 50.65 51.87 53.09 54.45 55.81 57.48 59.14 61.24 63.33 65.86 68.38 71.22 74.07 76.98 79.89 82.54 85.18 87.23 89.27 90.48 91.68 91.96 92.24 91.63 91.02 89.59 88.17 86.04 83.90 81.17 78.44 75.23 72.02 68.44 64.85
123.02 121.40 119.78 117.42 115.07 112.12 109.18 105.72 102.27 98.36 94.46 90.17 85.89 81.33 76.78 72.10 67.42 62.88 58.33 54.29 50.25 47.13 44.01 42.13 40.24 39.69 39.14 39.71 40.29 41.59 42.89 44.45 46.00 47.48 48.96 50.23 51.50 52.59 53.68 54.71 55.74 56.87 58.00 59.37 60.74 62.46 64.19 66.28 68.38 70.74 73.10 75.53 77.95 80.15 82.35 84.03 85.71 86.66 87.61 87.75 87.88 87.23 86.57 85.18 83.79 81.74 79.70 77.10 74.50 71.45 68.40 65.00 61.60
126.18 124.68 123.18 120.98 118.77 116.01 113.24 109.98 106.73 103.03 99.33 95.26 91.19 86.84 82.48 77.98 73.47 69.05 64.63 60.64 56.65 53.49 50.33 48.31 46.29 45.49 44.70 44.96 45.23 46.20 47.17 48.43 49.69 50.92 52.16 53.23 54.31 55.24 56.16 57.04 57.91 58.85 59.79 60.92 62.05 63.47 64.88 66.60 68.31 70.24 72.17 74.15 76.12 77.90 79.68 81.01 82.35 83.07 83.79 83.81 83.83 83.16 82.49 81.17 79.85 77.93 76.02 73.59 71.16 68.31 65.45 62.26 59.07
129.34 127.96 126.58 124.53 122.48 119.89 117.30 114.24 111.18 107.70 104.21 100.35 96.49 92.34 88.19 83.86 79.53 75.23 70.93 66.99 63.05 59.86 56.66 54.49 52.33 51.29 50.26 50.21 50.17 50.81 51.46 52.41 53.37 54.36 55.35 56.23 57.11 57.88 58.65 59.36 60.08 60.83 61.58 62.47 63.36 64.47 65.58 66.91 68.25 69.75 71.24 72.76 74.28 75.64 77.00 77.99 78.99 79.48 79.97 79.87 79.78 79.10 78.41 77.16 75.91 74.12 72.34 70.08 67.82 65.16 62.51 59.53 56.55
132.25 130.96 129.67 127.73 125.80 123.35 120.90 118.00 115.10 111.79 108.48 104.81 101.14 97.18 93.22 89.07 84.92 80.76 76.61 72.75 68.90 65.70 62.49 60.22 57.94 56.69 55.43 55.10 54.76 55.08 55.40 56.06 56.72 57.46 58.20 58.90 59.59 60.22 60.84 61.42 62.01 62.61 63.22 63.92 64.63 65.49 66.35 67.36 68.38 69.50 70.62 71.74 72.86 73.84 74.82 75.51 76.20 76.49 76.77 76.58 76.40 75.72 75.04 73.87 72.71 71.06 69.42 67.34 65.26 62.81 60.36 57.59 54.83
135.15 133.95 132.75 130.93 129.11 126.80 124.49 121.75 119.01 115.88 112.75 109.27 105.79 102.02 98.25 94.28 90.31 86.30 82.29 78.52 74.75 71.54 68.33 65.94 63.56 62.09 60.61 59.98 59.35 59.35 59.35 59.71 60.07 60.56 61.06 61.57 62.07 62.55 63.03 63.48 63.93 64.39 64.85 65.37 65.89 66.50 67.11 67.81 68.51 69.25 69.99 70.71 71.43 72.03 72.64 73.02 73.41 73.49 73.58 73.30 73.02 72.35 71.67 70.59 69.50 68.00 66.50 64.60 62.71 60.45 58.20 55.66 53.12
137.61 136.47 135.33 133.59 131.85 129.64 127.42 124.80 122.17 119.17 116.17 112.85 109.52 105.92 102.32 98.52 94.72 90.87 87.02 83.37 79.72 76.56 73.40 70.96 68.52 66.89 65.26 64.38 63.51 63.24 62.96 63.06 63.15 63.43 63.71 64.05 64.39 64.74 65.09 65.44 65.78 66.13 66.49 66.86 67.24 67.65 68.06 68.50 68.94 69.36 69.79 70.16 70.54 70.81 71.09 71.21 71.33 71.24 71.14 70.78 70.42 69.76 69.10 68.09 67.09 65.72 64.35 62.63 60.90 58.85 56.80 54.46 52.13
140.07 138.99 137.92 136.26 134.60 132.48 130.36 127.84 125.33 122.46 119.60 116.42 113.25 109.81 106.38 102.75 99.13 95.44 91.75 88.23 84.70 81.58 78.47 75.97 73.48 71.69 69.90 68.79 67.68 67.12 66.57 66.40 66.24 66.29 66.35 66.53 66.70 66.93 67.15 67.39 67.64 67.88 68.12 68.35 68.58 68.80 69.01 69.19 69.37 69.47 69.58 69.61 69.64 69.60 69.55 69.40 69.25 68.98 68.71 68.27 67.83 67.18 66.52 65.60 64.68 63.44 62.21 60.66 59.10 57.25 55.39 53.27 51.15
141.84 140.81 139.78 138.18 136.57 134.52 132.46 130.02 127.58 124.80 122.02 118.96 115.89 112.59 109.30 105.83 102.37 98.85 95.34 91.97 88.59 85.58 82.56 80.08 77.60 75.73 73.85 72.58 71.31 70.56 69.80 69.43 69.06 68.94 68.82 68.86 68.89 69.02 69.14 69.30 69.45 69.60 69.75 69.87 69.99 70.04 70.10 70.06 70.02 69.86 69.70 69.44 69.17 68.84 68.51 68.14 67.76 67.32 66.89 66.38 65.86 65.21 64.56 63.70 62.85 61.73 60.62 59.22 57.83 56.15 54.48 52.57 50.65
143.60 142.63 141.65 140.10 138.55 136.56 134.56 132.20 129.83 127.14 124.45 121.49 118.53 115.37 112.21 108.91 105.61 102.27 98.92 95.70 92.49 89.57 86.66 84.19 81.72 79.77 77.81 76.38 74.95 73.99 73.03 72.45 71.88 71.59 71.29 71.19 71.09 71.11 71.13 71.20 71.27 71.33 71.39 71.39 71.39 71.29 71.18 70.93 70.67 70.24 69.81 69.26 68.70 68.09 67.48 66.87 66.26 65.67 65.07 64.48 63.89 63.24 62.59 61.81 61.02 60.02 59.03 57.79 56.55 55.06 53.58 51.87 50.16
144.39 143.47 142.55 141.06 139.57 137.62 135.68 133.36 131.04 128.41 125.77 122.89 120.01 116.96 113.90 110.75 107.59 104.42 101.25 98.21 95.17 92.40 89.63 87.25 84.86 82.90 80.94 79.44 77.93 76.85 75.78 75.07 74.36 73.94 73.53 73.32 73.12 73.05 72.98 72.98 72.97 72.94 72.92 72.81 72.70 72.45 72.20 71.75 71.30 70.64 69.98 69.17 68.36 67.51 66.65 65.83 65.01 64.27 63.53 62.85 62.18 61.52 60.86 60.12 59.38 58.49 57.59 56.50 55.41 54.11 52.80 51.31 49.81
145.18 144.32 143.46 142.02 140.58 138.69 136.79 134.52 132.26 129.68 127.10 124.30 121.49 118.54 115.60 112.58 109.57 106.57 103.58 100.72 97.85 95.23 92.61 90.30 87.99 86.03 84.07 82.49 80.91 79.72 78.52 77.68 76.84 76.30 75.76 75.45 75.14 74.99 74.84 74.75 74.67 74.56 74.44 74.23 74.01 73.62 73.22 72.58 71.93 71.04 70.15 69.09 68.02 66.92 65.82 64.79 63.76 62.87 61.98 61.22 60.47 59.79 59.12 58.43 57.74 56.95 56.16 55.21 54.27 53.15 52.03 50.75 49.47
144.72 143.94 143.17 141.80 140.44 138.61 136.78 134.56 132.34 129.81 127.27 124.52 121.77 118.90 116.04 113.15 110.26 107.44 104.61 101.93 99.26 96.82 94.37 92.20 90.02 88.14 86.25 84.69 83.12 81.89 80.66 79.76 78.86 78.25 77.64 77.25 76.87 76.64 76.42 76.25 76.08 75.87 75.66 75.33 74.99 74.44 73.90 73.07 72.24 71.14 70.03 68.74 67.45 66.13 64.81 63.59 62.37 61.33 60.29 59.45 58.60 57.90 57.19 56.53 55.87 55.17 54.47 53.67 52.87 51.94 51.02 49.97 48.93
144.26 143.57 142.88 141.59 140.31 138.54 136.77 134.60 132.42 129.93 127.44 124.74 122.04 119.26 116.48 113.72 110.96 108.30 105.64 103.15 100.67 98.40 96.14 94.10 92.06 90.25 88.43 86.88 85.32 84.06 82.80 81.84 80.88 80.20 79.51 79.06 78.60 78.30 78.00 77.75 77.50 77.19 76.88 76.43 75.97 75.27 74.57 73.56 72.55 71.23 69.91 68.40 66.88 65.34 63.80 62.39 60.98 59.79 58.61 57.67 56.73 56.00 55.26 54.63 54.01 53.39 52.78 52.12 51.46 50.73 50.01 49.20 48.39
142.38 141.82 141.25 140.08 138.91 137.23 135.55 133.44 131.34 128.90 126.45 123.80 121.15 118.43 115.72 113.07 110.42 107.92 105.42 103.12 100.83 98.76 96.69 94.83 92.96 91.29 89.61 88.14 86.67 85.45 84.23 83.28 82.32 81.61 80.90 80.40 79.89 79.52 79.14 78.80 78.45 78.03 77.60 77.00 76.40 75.53 74.66 73.47 72.27 70.75 69.23 67.51 65.79 64.06 62.32 60.74 59.15 57.82 56.49 55.46 54.42 53.64 52.86 52.24 51.63 51.10 50.57 50.06 49.56 49.04 48.52 47.98 47.44
140.51 140.07 139.62 138.57 137.51 135.92 134.33 132.29 130.25 127.86 125.46 122.86 120.25 117.61 114.96 112.43 109.89 107.54 105.20 103.10 100.99 99.12 97.25 95.56 93.87 92.33 90.79 89.40 88.02 86.84 85.66 84.71 83.76 83.03 82.29 81.74 81.18 80.74 80.29 79.85 79.41 78.87 78.32 77.58 76.83 75.79 74.76 73.37 71.99 70.27 68.55 66.63 64.71 62.77 60.84 59.08 57.32 55.85 54.38 53.24 52.11 51.28 50.45 49.86 49.26 48.81 48.36 48.01 47.65 47.35 47.04 46.77 46.49
137.22 136.94 136.66 135.76 134.85 133.39 131.93 129.99 128.04 125.71 123.39 120.84 118.29 115.71 113.14 110.71 108.28 106.08 103.89 101.98 100.06 98.39 96.72 95.23 93.74 92.37 91.00 89.76 88.51 87.43 86.35 85.44 84.54 83.82 83.09 82.50 81.91 81.39 80.88 80.33 79.78 79.09 78.40 77.49 76.57 75.35 74.13 72.56 70.98 69.08 67.17 65.07 62.97 60.87 58.77 56.86 54.95 53.35 51.75 50.51 49.28 48.40 47.53 46.94 46.36 45.99 45.63 45.43 45.23 45.16 45.09 45.11 45.13
133.94 133.82 133.70 132.94 132.19 130.86 129.53 127.68 125.83 123.57 121.31 118.82 116.33 113.82 111.32 108.99 106.66 104.62 102.58 100.85 99.13 97.66 96.20 94.90 93.61 92.41 91.22 90.11 89.00 88.01 87.03 86.18 85.33 84.61 83.89 83.26 82.64 82.05 81.46 80.80 80.14 79.31 78.49 77.40 76.32 74.92 73.51 71.75 69.98 67.89 65.80 63.52 61.24 58.97 56.70 54.64 52.57 50.84 49.11 47.78 46.45 45.53 44.60 44.03 43.45 43.17 42.89 42.85 42.82 42.97 43.13 43.45 43.77
129.39 129.45 129.50 128.93 128.36 127.19 126.02 124.30 122.59 120.43 118.27 115.86 113.45 111.04 108.62 106.41 104.19 102.30 100.41 98.86 97.31 96.05 94.78 93.69 92.59 91.58 90.57 89.62 88.68 87.81 86.94 86.17 85.40 84.70 84.00 83.35 82.71 82.04 81.37 80.59 79.81 78.83 77.84 76.57 75.31 73.71 72.12 70.17 68.22 65.97 63.71 61.28 58.86 56.46 54.06 51.88 49.70 47.87 46.04 44.63 43.23 42.26 41.30 40.74 40.19 40.00 39.82 39.94 40.07 40.47 40.88 41.51 42.14
124.84 125.07 125.31 124.92 124.52 123.52 122.51 120.93 119.34 117.28 115.22 112.90 110.58 108.25 105.92 103.82 101.72 99.97 98.23 96.86 95.50 94.43 93.36 92.47 91.57 90.75 89.93 89.14 88.35 87.61 86.86 86.16 85.46 84.79 84.12 83.45 82.77 82.03 81.28 80.38 79.49 78.34 77.20 75.75 74.30 72.51 70.73 68.60 66.47 64.05 61.62 59.05 56.48 53.95 51.42 49.13 46.83 44.90 42.97 41.48 40.00 39.00 38.00 37.46 36.93 36.83 36.74 37.03 37.33 37.97 38.62 39.56 40.51
119.23 119.64 120.05 119.85 119.65 118.83 118.01 116.59 115.17 113.25 111.34 109.14 106.94 104.73 102.53 100.56 98.59 96.99 95.40 94.20 93.00 92.12 91.23 90.52 89.81 89.16 88.52 87.89 87.25 86.63 86.01 85.39 84.77 84.13 83.49 82.78 82.08 81.26 80.44 79.41 78.39 77.08 75.77 74.14 72.51 70.54 68.58 66.28 63.99 61.44 58.88 56.21 53.53 50.93 48.32 45.95 43.59 41.60 39.61 38.09 36.57 35.56 34.55 34.06 33.56 33.57 33.57 34.04 34.51 35.40 36.29 37.54 38.79
113.62 114.21 114.79 114.78 114.77 114.14 113.50 112.25 111.00 109.23 107.45 105.38 103.30 101.22 99.13 97.29 95.46 94.01 92.57 91.54 90.51 89.80 89.10 88.57 88.05 87.58 87.11 86.63 86.16 85.66 85.16 84.62 84.08 83.46 82.85 82.12 81.39 80.49 79.59 78.44 77.29 75.82 74.35 72.53 70.72 68.57 66.42 63.97 61.51 58.83 56.14 53.36 50.59 47.90 45.21 42.78 40.35 38.31 36.26 34.70 33.14 32.12 31.10 30.65 30.20 30.30 30.41 31.05 31.69 32.82 33.95 35.52 37.08
107.23 107.97 108.70 108.87 109.04 108.60 108.16 107.10 106.04 104.45 102.86 100.95 99.05 97.12 95.19 93.51 91.82 90.53 89.24 88.36 87.49 86.94 86.39 86.02 85.65 85.33 85.01 84.67 84.33 83.94 83.55 83.08 82.61 82.02 81.42 80.67 79.91 78.93 77.96 76.68 75.41 73.78 72.15 70.17 68.18 65.88 63.57 60.98 58.40 55.63 52.85 50.02 47.20 44.49 41.78 39.34 36.90 34.85 32.80 31.25 29.70 28.71 27.72 27.33 26.94 27.16 27.38 28.20 29.01 30.37 31.74 33.60 35.45
100.84 101.72 102.60 102.95 103.30 103.06 102.81 101.95 101.08 99.67 98.26 96.53 94.79 93.02 91.26 89.72 88.19 87.05 85.91 85.19 84.47 84.08 83.69 83.48 83.26 83.09 82.92 82.71 82.51 82.23 81.94 81.54 81.14 80.57 80.00 79.21 78.43 77.37 76.32 74.92 73.52 71.74 69.96 67.80 65.65 63.18 60.71 58.00 55.28 52.42 49.56 46.68 43.81 41.07 38.34 35.89 33.44 31.39 29.34 27.80 26.25 25.29 24.33 24.01 23.69 24.02 24.36 25.34 26.33 27.93 29.53 31.68 33.82
94.02 95.00 95.98 96.48 96.98 96.92 96.86 96.19 95.53 94.32 93.12 91.59 90.05 88.47 86.89 85.53 84.17 83.18 82.20 81.62 81.03 80.77 80.51 80.42 80.32 80.27 80.21 80.11 80.01 79.81 79.62 79.27 78.92 78.36 77.81 77.00 76.18 75.06 73.93 72.42 70.91 68.99 67.08 64.78 62.48 59.88 57.29 54.49 51.68 48.78 45.88 43.01 40.13 37.43 34.73 32.33 29.92 27.93 25.93 24.44 22.95 22.06 21.16 20.93 20.70 21.16 21.62 22.77 23.93 25.74 27.56 29.97 32.38
87.20 88.28 89.35 90.00 90.65 90.78 90.90 90.43 89.97 88.98 87.98 86.65 85.31 83.92 82.53 81.34 80.15 79.32 78.48 78.04 77.60 77.46 77.33 77.36 77.39 77.45 77.51 77.51 77.52 77.40 77.29 76.99 76.70 76.16 75.62 74.78 73.94 72.74 71.54 69.92 68.30 66.25 64.19 61.75 59.31 56.59 53.87 50.97 48.08 45.14 42.20 39.33 36.46 33.79 31.12 28.76 26.41 24.46 22.51 21.08 19.64 18.82 17.99 17.85 17.71 18.30 18.88 20.20 21.52 23.55 25.58 28.26 30.93
80.33 81.44 82.55 83.29 84.04 84.31 84.59 84.31 84.04 83.25 82.46 81.34 80.22 79.03 77.85 76.83 75.82 75.14 74.45 74.13 73.80 73.77 73.73 73.85 73.97 74.11 74.26 74.33 74.41 74.35 74.30 74.04 73.79 73.25 72.72 71.86 71.00 69.74 68.49 66.78 65.08 62.92 60.77 58.22 55.68 52.87 50.06 47.13 44.19 41.25 38.32 35.50 32.68 30.09 27.50 25.23 22.96 21.11 19.26 17.92 16.58 15.85 15.13 15.10 15.07 15.79 16.51 17.99 19.47 21.69 23.91 26.81 29.71
73.46 74.60 75.74 76.59 77.43 77.85 78.28 78.19 78.10 77.52 76.94 76.04 75.13 74.15 73.16 72.33 71.49 70.95 70.42 70.21 70.01 70.07 70.14 70.34 70.55 70.78 71.00 71.15 71.30 71.31 71.31 71.09 70.87 70.35 69.83 68.94 68.06 66.75 65.43 63.65 61.86 59.60 57.34 54.69 52.04 49.15 46.26 43.28 40.30 37.37 34.44 31.67 28.90 26.38 23.87 21.70 19.52 17.76 16.00 14.76 13.52 12.89 12.26 12.35 12.43 13.28 14.13 15.77 17.41 19.83 22.24 25.36 28.48
66.89 67.98 69.08 69.95 70.83 71.35 71.87 71.93 71.99 71.61 71.22 70.52 69.82 69.04 68.25 67.59 66.92 66.52 66.11 66.01 65.90 66.04 66.18 66.44 66.71 66.98 67.26 67.45 67.65 67.69 67.74 67.55 67.35 66.84 66.33 65.43 64.53 63.19 61.85 60.01 58.18 55.86 53.54 50.84 48.14 45.22 42.29 39.32 36.34 33.46 30.57 27.88 25.19 22.79 20.38 18.33 16.28 14.64 13.01 11.88 10.76 10.26 9.76 9.97 10.18 11.16 12.15 13.94 15.73 18.31 20.89 24.19 27.49
60.32 61.36 62.41 63.32 64.23 64.84 65.46 65.67 65.89 65.69 65.49 65.00 64.51 63.92 63.34 62.84 62.35 62.08 61.81 61.81 61.80 62.01 62.21 62.54 62.86 63.18 63.51 63.75 64.00 64.08 64.16 64.00 63.83 63.33 62.83 61.92 61.01 59.64 58.26 56.38 54.49 52.12 49.74 46.99 44.23 41.28 38.32 35.35 32.38 29.54 26.70 24.09 21.49 19.19 16.90 14.96 13.03 11.52 10.01 9.01 8.01 7.63 7.25 7.59 7.92 9.05 10.17 12.11 14.05 16.79 19.53 23.01 26.49
54.31 55.24 56.17 57.03 57.90 58.55 59.20 59.52 59.84 59.80 59.75 59.44 59.13 58.73 58.32 57.98 57.64 57.49 57.33 57.39 57.46 57.71 57.97 58.32 58.67 59.02 59.38 59.65 59.92 60.02 60.13 59.99 59.85 59.36 58.88 57.98 57.08 55.70 54.32 52.43 50.54 48.16 45.78 43.03 40.28 37.35 34.42 31.50 28.58 25.81 23.05 20.55 18.05 15.88 13.71 11.91 10.11 8.74 7.36 6.50 5.64 5.40 5.15 5.62 6.09 7.35 8.60 10.68 12.75 15.63 18.51 22.12 25.74
48.30 49.11 49.92 50.75 51.57 52.26 52.95 53.37 53.79 53.90 54.01 53.88 53.76 53.53 53.30 53.12 52.93 52.89 52.84 52.98 53.12 53.42 53.72 54.10 54.48 54.86 55.24 55.54 55.83 55.97 56.10 55.98 55.86 55.39 54.92 54.03 53.14 51.76 50.39 48.49 46.60 44.21 41.83 39.08 36.34 33.43 30.52 27.65 24.77 22.09 19.41 17.01 14.62 12.57 10.52 8.86 7.19 5.95 4.72 3.99 3.27 3.16 3.05 3.66 4.26 5.65 7.04 9.24 11.45 14.47 17.48 21.23 24.98
43.05 43.69 44.33 45.06 45.79 46.46 47.12 47.59 48.06 48.28 48.50 48.52 48.53 48.45 48.37 48.31 48.24 48.28 48.33 48.51 48.70 49.02 49.34 49.73 50.12 50.51 50.90 51.21 51.52 51.67 51.83 51.74 51.64 51.20 50.76 49.90 49.04 47.70 46.36 44.51 42.65 40.32 37.99 35.30 32.62 29.79 26.95 24.17 21.38 18.80 16.22 13.94 11.67 9.74 7.82 6.28 4.75 3.65 2.55 1.96 1.37 1.40 1.43 2.16 2.90 4.41 5.93 8.25 10.57 13.69 16.81 20.66 24.50
