test/esri_led_60/synt_tma+240m_led_60.esri
nrows             510
ncols             462
xllcorner      398000.00
yllcorner     7846000.00
cellsize          500.00
NODATA_value    -9999
[rows 231 to 263 of 510, columns 300 to 374 of 462]
44.47 44.84 45.21 45.35 45.50 45.37 45.25 44.83 44.42 43.73 43.05 42.13 41.21 40.12 39.02 37.79 36.57 35.25 33.93 32.51 31.10 29.59 28.08 26.45 24.82 23.08 21.33 19.48 17.64 15.72 13.81 11.88 9.95 8.08 6.21 4.45 2.70 1.13 -0.44 -1.77 -3.10 -4.15 -5.20 -5.93 -6.66 -7.05 -7.44 -7.46 -7.48 -7.13 -6.78 -6.06 -5.35 -4.28 -3.22 -1.85 -0.49 1.12 2.73 4.48 6.24 8.06 9.87 11.65 13.43 15.10 16.76 18.26 19.77 21.08 22.40 23.52 24.65 25.61 26.57
42.82 43.22 43.62 43.82 44.02 43.97 43.92 43.59 43.27 42.68 42.09 41.27 40.45 39.44 38.43 37.27 36.12 34.86 33.59 32.21 30.84 29.35 27.86 26.25 24.64 22.90 21.16 19.33 17.49 15.59 13.69 11.79 9.89 8.05 6.22 4.51 2.81 1.30 -0.22 -1.49 -2.76 -3.74 -4.72 -5.38 -6.04 -6.35 -6.66 -6.60 -6.55 -6.11 -5.68 -4.88 -4.07 -2.92 -1.76 -0.30 1.16 2.86 4.55 6.39 8.24 10.12 12.01 13.84 15.67 17.36 19.05 20.56 22.06 23.34 24.63 25.69 26.76 27.63 28.51
41.16 41.59 42.02 42.28 42.53 42.56 42.58 42.35 42.12 41.62 41.13 40.41 39.68 38.76 37.83 36.76 35.68 34.46 33.25 31.92 30.58 29.11 27.65 26.05 24.45 22.72 21.00 19.17 17.34 15.46 13.57 11.70 9.83 8.03 6.23 4.57 2.92 1.46 0.00 -1.20 -2.41 -3.32 -4.24 -4.82 -5.41 -5.65 -5.88 -5.75 -5.61 -5.10 -4.58 -3.69 -2.80 -1.55 -0.30 1.25 2.80 4.59 6.38 8.30 10.23 12.19 14.14 16.02 17.91 19.63 21.35 22.85 24.35 25.60 26.86 27.86 28.87 29.66 30.44
39.67 40.15 40.62 40.94 41.27 41.39 41.51 41.40 41.28 40.91 40.54 39.94 39.34 38.53 37.73 36.75 35.76 34.63 33.49 32.21 30.93 29.50 28.07 26.49 24.91 23.19 21.47 19.66 17.84 15.97 14.09 12.24 10.39 8.62 6.85 5.23 3.61 2.20 0.80 -0.35 -1.50 -2.35 -3.20 -3.72 -4.24 -4.40 -4.55 -4.33 -4.11 -3.51 -2.90 -1.91 -0.91 0.44 1.79 3.45 5.11 7.01 8.91 10.93 12.96 15.00 17.05 18.99 20.94 22.70 24.46 25.97 27.47 28.70 29.92 30.87 31.81 32.50 33.18
38.19 38.70 39.21 39.61 40.01 40.23 40.44 40.44 40.44 40.20 39.96 39.48 39.00 38.31 37.62 36.74 35.85 34.79 33.74 32.51 31.28 29.88 28.49 26.93 25.36 23.66 21.95 20.14 18.33 16.47 14.61 12.78 10.94 9.20 7.46 5.88 4.31 2.95 1.59 0.50 -0.60 -1.38 -2.17 -2.61 -3.06 -3.14 -3.22 -2.92 -2.62 -1.92 -1.22 -0.12 0.97 2.43 3.88 5.65 7.43 9.43 11.43 13.56 15.69 17.82 19.95 21.96 23.98 25.78 27.57 29.09 30.60 31.80 32.99 33.87 34.75 35.33 35.92
36.97 37.53 38.09 38.57 39.05 39.38 39.71 39.84 39.98 39.88 39.79 39.46 39.14 38.58 38.03 37.27 36.50 35.54 34.57 33.41 32.26 30.90 29.55 28.02 26.49 24.80 23.11 21.30 19.50 17.65 15.80 13.98 12.15 10.43 8.71 7.16 5.60 4.28 2.96 1.91 0.86 0.13 -0.60 -0.98 -1.37 -1.37 -1.38 -0.99 -0.60 0.20 0.99 2.19 3.39 4.97 6.54 8.44 10.33 12.46 14.58 16.83 19.07 21.30 23.54 25.63 27.72 29.57 31.41 32.94 34.47 35.63 36.80 37.61 38.42 38.90 39.38
35.75 36.36 36.97 37.53 38.09 38.54 38.98 39.25 39.52 39.57 39.62 39.45 39.27 38.85 38.44 37.79 37.15 36.28 35.41 34.32 33.23 31.93 30.62 29.12 27.61 25.94 24.26 22.47 20.67 18.83 16.99 15.17 13.36 11.66 9.95 8.43 6.90 5.61 4.33 3.33 2.32 1.65 0.97 0.65 0.33 0.40 0.46 0.94 1.41 2.31 3.20 4.51 5.82 7.51 9.20 11.22 13.23 15.48 17.73 20.09 22.45 24.79 27.12 29.29 31.47 33.36 35.26 36.79 38.33 39.47 40.61 41.35 42.10 42.46 42.83
34.89 35.55 36.21 36.86 37.51 38.08 38.65 39.06 39.48 39.69 39.91 39.89 39.88 39.62 39.36 38.85 38.34 37.59 36.83 35.83 34.82 33.58 32.33 30.87 29.40 27.74 26.09 24.31 22.52 20.68 18.84 17.04 15.23 13.53 11.83 10.32 8.80 7.53 6.26 5.29 4.31 3.67 3.03 2.76 2.49 2.63 2.76 3.31 3.87 4.86 5.85 7.27 8.69 10.50 12.32 14.47 16.61 19.00 21.38 23.87 26.36 28.80 31.25 33.51 35.77 37.72 39.67 41.22 42.78 43.89 45.00 45.67 46.33 46.58 46.83
34.02 34.74 35.45 36.20 36.94 37.62 38.31 38.88 39.44 39.82 40.19 40.34 40.49 40.39 40.28 39.91 39.54 38.90 38.25 37.33 36.42 35.23 34.05 32.62 31.19 29.55 27.92 26.15 24.37 22.54 20.70 18.90 17.09 15.40 13.71 12.20 10.70 9.45 8.20 7.25 6.30 5.70 5.10 4.88 4.66 4.86 5.05 5.69 6.32 7.41 8.50 10.03 11.56 13.49 15.43 17.71 20.00 22.51 25.03 27.64 30.26 32.82 35.38 37.72 40.07 42.08 44.08 45.65 47.22 48.30 49.39 49.98 50.57 50.71 50.84
33.57 34.34 35.11 35.95 36.78 37.60 38.41 39.12 39.84 40.38 40.93 41.25 41.57 41.63 41.70 41.47 41.25 40.73 40.21 39.40 38.58 37.47 36.36 34.98 33.60 32.00 30.40 28.64 26.88 25.05 23.22 21.41 19.60 17.90 16.20 14.68 13.17 11.92 10.66 9.72 8.77 8.18 7.60 7.41 7.22 7.47 7.71 8.41 9.12 10.29 11.47 13.10 14.74 16.81 18.87 21.28 23.70 26.35 29.01 31.75 34.50 37.17 39.85 42.29 44.72 46.78 48.85 50.43 52.01 53.07 54.12 54.63 55.15 55.15 55.16
33.11 33.94 34.77 35.70 36.63 37.57 38.51 39.37 40.24 40.95 41.66 42.16 42.65 42.88 43.11 43.03 42.96 42.57 42.18 41.46 40.74 39.71 38.67 37.34 36.01 34.44 32.87 31.13 29.38 27.56 25.73 23.92 22.10 20.39 18.68 17.16 15.64 14.38 13.12 12.18 11.24 10.67 10.10 9.94 9.78 10.08 10.37 11.14 11.91 13.18 14.44 16.18 17.93 20.12 22.30 24.85 27.40 30.19 32.98 35.86 38.74 41.53 44.32 46.85 49.38 51.49 53.61 55.21 56.81 57.83 58.85 59.28 59.72 59.60 59.49
33.09 33.98 34.87 35.89 36.91 37.97 39.03 40.05 41.06 41.94 42.82 43.49 44.15 44.55 44.95 45.03 45.12 44.86 44.61 44.00 43.40 42.45 41.51 40.24 38.98 37.45 35.92 34.20 32.48 30.65 28.83 27.00 25.18 23.45 21.72 20.17 18.62 17.33 16.05 15.08 14.12 13.53 12.95 12.80 12.64 12.96 13.28 14.10 14.92 16.26 17.59 19.44 21.28 23.58 25.88 28.56 31.24 34.16 37.08 40.09 43.10 46.00 48.90 51.51 54.13 56.29 58.46 60.07 61.67 62.66 63.64 63.99 64.34 64.10 63.86
33.08 34.02 34.97 36.08 37.19 38.37 39.56 40.72 41.89 42.93 43.98 44.82 45.66 46.22 46.79 47.03 47.27 47.16 47.04 46.55 46.06 45.20 44.35 43.15 41.95 40.46 38.97 37.27 35.57 33.75 31.93 30.09 28.26 26.50 24.75 23.18 21.60 20.28 18.97 17.98 16.99 16.40 15.80 15.65 15.50 15.85 16.19 17.06 17.93 19.34 20.75 22.69 24.62 27.04 29.46 32.26 35.07 38.13 41.18 44.32 47.45 50.46 53.48 56.18 58.87 61.09 63.31 64.92 66.54 67.48 68.43 68.70 68.97 68.60 68.23
33.48 34.48 35.48 36.68 37.88 39.18 40.48 41.79 43.09 44.30 45.50 46.51 47.51 48.25 48.98 49.38 49.78 49.81 49.84 49.48 49.11 48.36 47.60 46.48 45.36 43.93 42.49 40.82 39.14 37.33 35.51 33.66 31.80 30.01 28.22 26.60 24.98 23.61 22.24 21.20 20.16 19.52 18.88 18.71 18.54 18.88 19.22 20.11 21.01 22.47 23.93 25.94 27.96 30.47 32.99 35.90 38.82 42.00 45.17 48.42 51.66 54.78 57.89 60.66 63.43 65.69 67.94 69.56 71.17 72.08 72.98 73.16 73.34 72.85 72.35
33.88 34.94 36.00 37.28 38.57 39.99 41.41 42.85 44.30 45.66 47.02 48.20 49.37 50.27 51.17 51.74 52.30 52.47 52.64 52.40 52.16 51.51 50.86 49.81 48.77 47.39 46.01 44.36 42.71 40.90 39.09 37.22 35.34 33.52 31.70 30.02 28.35 26.93 25.51 24.42 23.33 22.65 21.97 21.77 21.57 21.91 22.25 23.17 24.09 25.60 27.11 29.20 31.29 33.90 36.51 39.54 42.57 45.87 49.16 52.52 55.88 59.09 62.30 65.14 67.99 70.28 72.58 74.19 75.81 76.67 77.53 77.62 77.72 77.10 76.48
34.65 35.77 36.89 38.25 39.62 41.14 42.67 44.24 45.82 47.32 48.83 50.16 51.50 52.56 53.62 54.34 55.06 55.38 55.70 55.59 55.48 54.94 54.40 53.44 52.48 51.16 49.84 48.22 46.61 44.80 42.99 41.10 39.20 37.33 35.46 33.72 31.98 30.48 28.98 27.81 26.65 25.90 25.15 24.89 24.64 24.95 25.26 26.17 27.08 28.61 30.15 32.29 34.42 37.11 39.79 42.90 46.02 49.40 52.79 56.24 59.69 62.97 66.26 69.16 72.05 74.37 76.69 78.29 79.90 80.71 81.52 81.53 81.55 80.81 80.07
35.42 36.59 37.77 39.22 40.67 42.30 43.93 45.63 47.34 48.99 50.64 52.13 53.62 54.84 56.07 56.94 57.82 58.28 58.75 58.77 58.80 58.37 57.93 57.06 56.19 54.93 53.67 52.09 50.51 48.70 46.90 44.98 43.06 41.14 39.22 37.41 35.61 34.03 32.46 31.21 29.96 29.15 28.33 28.02 27.71 27.99 28.26 29.17 30.07 31.63 33.18 35.37 37.56 40.31 43.06 46.26 49.47 52.94 56.42 59.96 63.49 66.86 70.22 73.17 76.12 78.46 80.81 82.40 83.99 84.75 85.52 85.45 85.38 84.52 83.67
36.48 37.71 38.95 40.47 41.99 43.72 45.45 47.27 49.08 50.87 52.65 54.28 55.91 57.29 58.66 59.68 60.71 61.32 61.93 62.08 62.24 61.92 61.60 60.82 60.04 58.84 57.65 56.10 54.55 52.75 50.94 48.99 47.04 45.06 43.09 41.20 39.32 37.64 35.97 34.63 33.28 32.36 31.45 31.06 30.67 30.88 31.09 31.96 32.83 34.37 35.92 38.12 40.32 43.11 45.89 49.14 52.39 55.93 59.46 63.05 66.65 70.05 73.46 76.44 79.42 81.77 84.12 85.69 87.26 87.97 88.69 88.54 88.39 87.44 86.48
37.54 38.83 40.12 41.72 43.32 45.15 46.97 48.90 50.83 52.75 54.66 56.43 58.21 59.73 61.25 62.42 63.60 64.35 65.10 65.39 65.67 65.47 65.26 64.58 63.89 62.76 61.62 60.11 58.59 56.79 54.99 53.01 51.03 48.99 46.96 44.99 43.02 41.26 39.49 38.04 36.59 35.58 34.57 34.10 33.62 33.77 33.92 34.75 35.58 37.12 38.65 40.86 43.08 45.90 48.72 52.02 55.32 58.91 62.50 66.15 69.80 73.25 76.71 79.72 82.72 85.08 87.43 88.98 90.53 91.19 91.86 91.63 91.41 90.35 89.30
38.80 40.15 41.50 43.17 44.84 46.75 48.66 50.69 52.72 54.75 56.77 58.67 60.57 62.22 63.88 65.18 66.49 67.38 68.27 68.68 69.09 68.99 68.89 68.30 67.70 66.62 65.55 64.07 62.59 60.78 58.98 56.96 54.95 52.84 50.74 48.68 46.62 44.74 42.87 41.30 39.73 38.61 37.48 36.90 36.32 36.38 36.44 37.20 37.96 39.45 40.93 43.12 45.31 48.13 50.95 54.25 57.56 61.16 64.77 68.43 72.10 75.56 79.02 82.03 85.04 87.38 89.72 91.24 92.76 93.37 93.99 93.70 93.42 92.29 91.16
40.06 41.47 42.88 44.62 46.36 48.36 50.35 52.48 54.61 56.75 58.89 60.91 62.93 64.72 66.50 67.95 69.39 70.41 71.43 71.96 72.50 72.51 72.52 72.01 71.50 70.49 69.48 68.03 66.58 64.77 62.97 60.92 58.86 56.69 54.52 52.37 50.22 48.23 46.24 44.56 42.88 41.63 40.39 39.70 39.02 38.98 38.95 39.65 40.34 41.78 43.22 45.38 47.55 50.36 53.17 56.48 59.79 63.41 67.03 70.71 74.39 77.86 81.34 84.35 87.35 89.68 92.01 93.49 94.98 95.55 96.12 95.77 95.42 94.22 93.01
41.42 42.89 44.37 46.17 47.98 50.05 52.11 54.33 56.54 58.77 61.00 63.13 65.26 67.15 69.05 70.61 72.17 73.31 74.45 75.09 75.73 75.85 75.96 75.52 75.09 74.14 73.18 71.75 70.32 68.51 66.70 64.60 62.51 60.26 58.02 55.77 53.52 51.42 49.31 47.50 45.69 44.32 42.94 42.13 41.32 41.18 41.03 41.63 42.22 43.58 44.94 47.04 49.14 51.90 54.66 57.94 61.21 64.80 68.38 72.03 75.68 79.13 82.57 85.55 88.53 90.83 93.12 94.57 96.02 96.56 97.09 96.70 96.31 95.05 93.80
42.79 44.32 45.85 47.73 49.60 51.74 53.88 56.18 58.47 60.80 63.12 65.35 67.58 69.59 71.60 73.28 74.96 76.21 77.46 78.22 78.97 79.18 79.39 79.03 78.68 77.78 76.88 75.47 74.07 72.25 70.42 68.29 66.15 63.84 61.52 59.17 56.82 54.60 52.38 50.44 48.50 47.00 45.49 44.56 43.63 43.37 43.11 43.61 44.11 45.39 46.67 48.70 50.74 53.45 56.16 59.39 62.63 66.18 69.73 73.35 76.98 80.39 83.81 86.76 89.71 91.97 94.24 95.65 97.07 97.56 98.05 97.62 97.19 95.89 94.60
44.18 45.78 47.37 49.30 51.24 53.44 55.64 58.00 60.36 62.76 65.16 67.47 69.78 71.88 73.97 75.74 77.51 78.86 80.21 81.05 81.89 82.18 82.46 82.17 81.88 81.02 80.15 78.76 77.37 75.53 73.70 71.51 69.33 66.94 64.55 62.10 59.65 57.31 54.97 52.91 50.84 49.20 47.56 46.50 45.43 45.05 44.67 45.04 45.42 46.59 47.76 49.70 51.63 54.25 56.87 60.01 63.16 66.64 70.11 73.66 77.21 80.56 83.91 86.81 89.70 91.92 94.13 95.51 96.89 97.35 97.82 97.37 96.92 95.62 94.31
45.57 47.23 48.89 50.88 52.88 55.14 57.40 59.83 62.25 64.73 67.20 69.59 71.98 74.16 76.35 78.21 80.07 81.51 82.95 83.88 84.81 85.18 85.54 85.31 85.08 84.26 83.43 82.06 80.68 78.82 76.97 74.74 72.51 70.04 67.58 65.03 62.48 60.03 57.57 55.37 53.17 51.40 49.63 48.43 47.23 46.73 46.22 46.48 46.74 47.80 48.86 50.69 52.53 55.05 57.57 60.64 63.70 67.09 70.49 73.97 77.44 80.73 84.02 86.85 89.69 91.86 94.02 95.37 96.71 97.15 97.59 97.12 96.65 95.34 94.03
46.94 48.65 50.37 52.42 54.46 56.77 59.08 61.56 64.03 66.55 69.07 71.51 73.96 76.20 78.44 80.37 82.29 83.79 85.29 86.29 87.28 87.69 88.11 87.92 87.73 86.93 86.12 84.75 83.37 81.49 79.61 77.33 75.05 72.51 69.97 67.33 64.69 62.12 59.55 57.24 54.92 53.02 51.12 49.79 48.46 47.82 47.18 47.31 47.43 48.36 49.29 51.00 52.70 55.10 57.49 60.43 63.37 66.64 69.91 73.28 76.64 79.83 83.02 85.78 88.53 90.64 92.75 94.05 95.36 95.79 96.22 95.76 95.30 94.02 92.74
48.30 50.07 51.85 53.95 56.05 58.41 60.77 63.29 65.80 68.37 70.94 73.44 75.94 78.24 80.54 82.52 84.51 86.08 87.64 88.69 89.74 90.21 90.68 90.53 90.38 89.60 88.82 87.44 86.06 84.15 82.25 79.92 77.59 74.98 72.36 69.63 66.89 64.22 61.54 59.10 56.66 54.63 52.61 51.15 49.69 48.91 48.14 48.14 48.13 48.93 49.73 51.31 52.88 55.15 57.41 60.22 63.03 66.19 69.34 72.59 75.84 78.93 82.02 84.70 87.37 89.42 91.47 92.74 94.01 94.43 94.85 94.40 93.95 92.70 91.45
49.60 51.43 53.26 55.40 57.54 59.93 62.31 64.86 67.40 69.99 72.58 75.10 77.62 79.94 82.27 84.28 86.29 87.89 89.48 90.56 91.64 92.13 92.62 92.48 92.34 91.56 90.78 89.38 87.99 86.05 84.11 81.73 79.35 76.67 73.99 71.17 68.36 65.58 62.81 60.27 57.72 55.58 53.45 51.86 50.28 49.38 48.48 48.35 48.21 48.87 49.53 50.95 52.38 54.49 56.60 59.26 61.91 64.91 67.91 71.02 74.13 77.09 80.05 82.63 85.21 87.19 89.17 90.41 91.65 92.07 92.49 92.08 91.67 90.48 89.29
50.90 52.78 54.66 56.85 59.03 61.45 63.86 66.43 69.00 71.61 74.22 76.76 79.30 81.64 83.99 86.03 88.08 89.70 91.32 92.42 93.53 94.04 94.55 94.43 94.30 93.52 92.74 91.33 89.92 87.94 85.97 83.54 81.11 78.36 75.62 72.72 69.82 66.95 64.08 61.43 58.79 56.53 54.28 52.58 50.88 49.86 48.83 48.56 48.29 48.81 49.32 50.60 51.88 53.83 55.79 58.29 60.78 63.63 66.47 69.44 72.41 75.25 78.09 80.56 83.04 84.96 86.87 88.08 89.29 89.71 90.14 89.76 89.39 88.26 87.14
52.14 54.06 55.98 58.19 60.39 62.81 65.24 67.80 70.36 72.96 75.56 78.08 80.60 82.94 85.27 87.30 89.33 90.94 92.55 93.64 94.74 95.24 95.74 95.60 95.45 94.65 93.85 92.41 90.97 88.96 86.95 84.47 81.99 79.19 76.39 73.42 70.46 67.52 64.58 61.85 59.12 56.78 54.44 52.64 50.84 49.70 48.57 48.17 47.78 48.16 48.53 49.66 50.78 52.57 54.36 56.68 59.00 61.68 64.35 67.15 69.95 72.65 75.35 77.72 80.08 81.93 83.77 84.95 86.14 86.58 87.02 86.70 86.38 85.34 84.30
53.39 55.34 57.30 59.53 61.75 64.18 66.61 69.17 71.72 74.31 76.90 79.40 81.91 84.23 86.55 88.57 90.58 92.18 93.78 94.86 95.95 96.43 96.92 96.77 96.61 95.78 94.96 93.49 92.02 89.97 87.92 85.40 82.88 80.01 77.15 74.12 71.10 68.08 65.07 62.26 59.45 57.02 54.59 52.70 50.80 49.55 48.31 47.79 47.27 47.51 47.74 48.71 49.68 51.30 52.93 55.07 57.22 59.72 62.22 64.86 67.50 70.05 72.61 74.87 77.13 78.90 80.67 81.83 82.98 83.44 83.89 83.63 83.37 82.42 81.47
54.58 56.56 58.54 60.76 62.98 65.38 67.79 70.30 72.82 75.35 77.89 80.34 82.79 85.05 87.31 89.27 91.23 92.77 94.32 95.35 96.39 96.83 97.28 97.08 96.87 96.01 95.14 93.64 92.13 90.04 87.95 85.39 82.82 79.92 77.02 73.95 70.88 67.82 64.76 61.90 59.04 56.56 54.07 52.10 50.14 48.81 47.47 46.85 46.23 46.34 46.45 47.27 48.10 49.55 51.01 52.99 54.96 57.28 59.59 62.06 64.53 66.94 69.35 71.49 73.64 75.34 77.04 78.17 79.30 79.78 80.26 80.07 79.87 79.02 78.18
55.78 57.77 59.77 61.98 64.20 66.58 68.96 71.44 73.91 76.39 78.88 81.27 83.67 85.87 88.07 89.97 91.88 93.37 94.86 95.85 96.83 97.23 97.63 97.39 97.14 96.24 95.33 93.78 92.23 90.11 87.98 85.38 82.77 79.83 76.89 73.78 70.66 67.56 64.46 61.55 58.64 56.09 53.55 51.51 49.47 48.06 46.64 45.91 45.19 45.17 45.16 45.84 46.51 47.81 49.10 50.90 52.69 54.83 56.97 59.27 61.57 63.83 66.09 68.12 70.15 71.78 73.41 74.52 75.63 76.13 76.63 76.50 76.37 75.63 74.89
