test/esri_led_60/synt_tma_3600m_led_60.esri
nrows             510
ncols             462
xllcorner      398000.00
yllcorner     7846000.00
cellsize          500.00
NODATA_value    -9999
[rows 224 to 255 of 510, columns 292 to 364 of 462]
51.25 53.80 56.35 59.55 62.76 66.05 69.34 72.01 74.67 76.20 77.72 77.93 78.14 77.04 75.93 73.51 71.09 67.50 63.92 59.70 55.49 51.37 47.24 43.80 40.35 37.79 35.24 33.40 31.57 30.00 28.43 26.56 24.69 22.12 19.56 16.22 12.87 8.86 4.85 0.34 -4.18 -9.01 -13.85 -18.71 -23.56 -28.09 -32.62 -36.53 -40.43 -43.55 -46.66 -48.96 -51.26 -52.79 -54.32 -55.16 -55.99 -56.16 -56.33 -55.82 -55.31 -54.07 -52.83 -50.83 -48.84 -46.16 -43.47 -40.26 -37.05 -33.58 -30.11 -26.64 -23.17
48.38 51.05 53.73 57.10 60.48 63.94 67.41 70.21 73.01 74.59 76.17 76.35 76.54 75.32 74.11 71.50 68.89 65.05 61.22 56.71 52.21 47.81 43.41 39.74 36.06 33.35 30.65 28.73 26.82 25.22 23.62 21.76 19.90 17.38 14.85 11.57 8.28 4.36 0.44 -3.96 -8.36 -13.05 -17.74 -22.44 -27.14 -31.51 -35.88 -39.64 -43.40 -46.41 -49.41 -51.63 -53.85 -55.33 -56.82 -57.63 -58.43 -58.59 -58.76 -58.24 -57.73 -56.48 -55.23 -53.22 -51.21 -48.51 -45.80 -42.58 -39.36 -35.89 -32.43 -29.01 -25.59
45.27 47.96 50.64 54.04 57.44 60.94 64.45 67.28 70.12 71.73 73.33 73.51 73.70 72.45 71.20 68.53 65.86 61.94 58.03 53.42 48.82 44.32 39.82 36.06 32.29 29.52 26.74 24.79 22.83 21.21 19.59 17.73 15.87 13.36 10.86 7.63 4.39 0.56 -3.28 -7.55 -11.82 -16.34 -20.86 -25.37 -29.87 -34.04 -38.21 -41.81 -45.40 -48.28 -51.16 -53.30 -55.45 -56.88 -58.32 -59.11 -59.89 -60.03 -60.18 -59.64 -59.11 -57.83 -56.55 -54.50 -52.45 -49.69 -46.93 -43.66 -40.39 -36.91 -33.43 -30.05 -26.67
42.17 44.86 47.54 50.97 54.39 57.94 61.48 64.36 67.24 68.87 70.50 70.68 70.86 69.58 68.30 65.57 62.84 58.84 54.84 50.14 45.44 40.83 36.23 32.38 28.53 25.68 22.84 20.84 18.84 17.20 15.56 13.70 11.83 9.35 6.87 3.69 0.50 -3.25 -7.00 -11.14 -15.28 -19.64 -23.99 -28.29 -32.60 -36.57 -40.55 -43.97 -47.40 -50.15 -52.91 -54.97 -57.04 -58.43 -59.83 -60.59 -61.35 -61.47 -61.60 -61.04 -60.49 -59.18 -57.88 -55.78 -53.69 -50.87 -48.06 -44.75 -41.43 -37.93 -34.44 -31.09 -27.75
38.81 41.38 43.95 47.28 50.60 54.07 57.54 60.37 63.21 64.85 66.49 66.71 66.93 65.71 64.50 61.84 59.19 55.28 51.37 46.76 42.15 37.61 33.08 29.26 25.45 22.62 19.79 17.78 15.77 14.10 12.44 10.55 8.66 6.16 3.67 0.51 -2.65 -6.34 -10.02 -14.05 -18.07 -22.24 -26.41 -30.50 -34.58 -38.33 -42.08 -45.31 -48.54 -51.16 -53.77 -55.74 -57.71 -59.05 -60.39 -61.11 -61.83 -61.92 -62.00 -61.40 -60.80 -59.43 -58.06 -55.88 -53.70 -50.79 -47.87 -44.46 -41.05 -37.49 -33.93 -30.58 -27.24
35.44 37.90 40.37 43.59 46.81 50.20 53.59 56.39 59.19 60.83 62.48 62.74 63.00 61.85 60.69 58.12 55.54 51.72 47.91 43.38 38.86 34.39 29.92 26.15 22.37 19.56 16.74 14.72 12.70 11.00 9.31 7.40 5.48 2.98 0.47 -2.67 -5.81 -9.43 -13.05 -16.95 -20.86 -24.85 -28.84 -32.71 -36.57 -40.10 -43.62 -46.65 -49.69 -52.16 -54.63 -56.51 -58.39 -59.67 -60.95 -61.63 -62.31 -62.36 -62.41 -61.76 -61.11 -59.68 -58.24 -55.98 -53.71 -50.70 -47.69 -44.18 -40.67 -37.04 -33.42 -30.08 -26.73
31.88 34.15 36.42 39.45 42.48 45.71 48.94 51.66 54.38 56.04 57.69 58.06 58.42 57.44 56.45 54.10 51.74 48.18 44.61 40.34 36.06 31.81 27.55 23.92 20.30 17.55 14.81 12.79 10.78 9.04 7.31 5.33 3.35 0.79 -1.78 -4.95 -8.12 -11.72 -15.32 -19.13 -22.94 -26.76 -30.59 -34.23 -37.87 -41.16 -44.44 -47.26 -50.08 -52.38 -54.68 -56.43 -58.19 -59.38 -60.57 -61.17 -61.77 -61.74 -61.71 -60.97 -60.23 -58.69 -57.14 -54.74 -52.34 -49.17 -45.99 -42.32 -38.65 -34.90 -31.15 -27.73 -24.32
28.32 30.39 32.47 35.30 38.14 41.22 44.29 46.93 49.57 51.24 52.91 53.38 53.84 53.03 52.21 50.08 47.95 44.63 41.32 37.29 33.27 29.22 25.18 21.70 18.22 15.55 12.87 10.86 8.86 7.08 5.30 3.26 1.22 -1.41 -4.03 -7.23 -10.43 -14.01 -17.58 -21.30 -25.02 -28.67 -32.33 -35.75 -39.18 -42.22 -45.27 -47.87 -50.47 -52.60 -54.72 -56.36 -57.99 -59.08 -60.18 -60.71 -61.23 -61.12 -61.01 -60.18 -59.35 -57.70 -56.04 -53.50 -50.96 -47.63 -44.30 -40.47 -36.64 -32.75 -28.87 -25.39 -21.91
24.69 26.51 28.33 30.91 33.49 36.36 39.23 41.78 44.32 46.03 47.74 48.38 49.02 48.50 47.97 46.20 44.43 41.52 38.61 34.98 31.35 27.65 23.94 20.69 17.44 14.89 12.33 10.32 8.32 6.47 4.62 2.46 0.30 -2.44 -5.18 -8.47 -11.76 -15.37 -18.98 -22.65 -26.32 -29.84 -33.36 -36.58 -39.80 -42.61 -45.41 -47.78 -50.15 -52.07 -54.00 -55.46 -56.92 -57.87 -58.82 -59.21 -59.60 -59.35 -59.11 -58.13 -57.16 -55.33 -53.50 -50.76 -48.03 -44.47 -40.91 -36.85 -32.78 -28.69 -24.59 -20.95 -17.32
21.07 22.63 24.20 26.52 28.84 31.51 34.17 36.62 39.06 40.81 42.56 43.38 44.21 43.97 43.73 42.32 40.92 38.41 35.90 32.67 29.44 26.07 22.70 19.68 16.67 14.23 11.78 9.78 7.78 5.86 3.93 1.66 -0.61 -3.47 -6.33 -9.72 -13.10 -16.74 -20.38 -24.00 -27.62 -31.01 -34.39 -37.40 -40.42 -42.99 -45.56 -47.70 -49.83 -51.55 -53.27 -54.56 -55.85 -56.65 -57.45 -57.71 -57.96 -57.58 -57.21 -56.08 -54.96 -52.96 -50.96 -48.03 -45.09 -41.31 -37.52 -33.23 -28.93 -24.62 -20.32 -16.52 -12.72
17.59 18.86 20.14 22.16 24.18 26.60 29.02 31.36 33.69 35.53 37.36 38.44 39.52 39.68 39.84 38.92 38.01 36.04 34.07 31.37 28.66 25.74 22.81 20.11 17.41 15.10 12.80 10.80 8.79 6.75 4.72 2.28 -0.15 -3.19 -6.22 -9.75 -13.28 -17.01 -20.74 -24.37 -27.99 -31.28 -34.57 -37.41 -40.25 -42.60 -44.95 -46.86 -48.76 -50.25 -51.74 -52.81 -53.88 -54.48 -55.08 -55.14 -55.20 -54.63 -54.05 -52.72 -51.38 -49.15 -46.91 -43.70 -40.49 -36.41 -32.33 -27.72 -23.11 -18.51 -13.91 -9.85 -5.80
14.10 15.09 16.08 17.80 19.51 21.69 23.87 26.10 28.33 30.24 32.15 33.49 34.83 35.39 35.95 35.53 35.11 33.67 32.24 30.06 27.88 25.41 22.93 20.54 18.14 15.98 13.82 11.81 9.80 7.65 5.51 2.91 0.31 -2.90 -6.10 -9.78 -13.46 -17.28 -21.11 -24.73 -28.36 -31.55 -34.75 -37.41 -40.08 -42.21 -44.34 -46.01 -47.68 -48.95 -50.21 -51.07 -51.92 -52.32 -52.72 -52.58 -52.44 -51.67 -50.90 -49.35 -47.81 -45.34 -42.86 -39.38 -35.90 -31.52 -27.14 -22.22 -17.30 -12.40 -7.50 -3.18 1.13
11.14 11.82 12.51 13.89 15.28 17.18 19.09 21.22 23.34 25.36 27.39 29.05 30.71 31.74 32.78 32.94 33.10 32.29 31.49 29.93 28.37 26.42 24.47 22.44 20.42 18.43 16.45 14.43 12.42 10.16 7.89 5.11 2.33 -1.07 -4.48 -8.34 -12.20 -16.16 -20.11 -23.79 -27.47 -30.62 -33.77 -36.31 -38.85 -40.80 -42.76 -44.22 -45.69 -46.73 -47.78 -48.41 -49.03 -49.19 -49.35 -48.97 -48.60 -47.58 -46.56 -44.74 -42.93 -40.14 -37.36 -33.54 -29.71 -24.95 -20.19 -14.87 -9.56 -4.26 1.03 5.69 10.35
8.18 8.56 8.93 9.99 11.04 12.68 14.32 16.34 18.35 20.49 22.62 24.60 26.58 28.09 29.61 30.35 31.09 30.92 30.74 29.80 28.86 27.44 26.01 24.35 22.69 20.88 19.07 17.06 15.04 12.66 10.28 7.32 4.35 0.75 -2.85 -6.90 -10.94 -15.03 -19.12 -22.85 -26.58 -29.69 -32.79 -35.20 -37.61 -39.39 -41.17 -42.43 -43.70 -44.52 -45.35 -45.74 -46.14 -46.06 -45.99 -45.37 -44.75 -43.49 -42.22 -40.13 -38.04 -34.95 -31.87 -27.69 -23.52 -18.38 -13.24 -7.52 -1.81 3.87 9.55 14.57 19.58
6.18 6.25 6.33 7.05 7.77 9.14 10.51 12.41 14.32 16.57 18.82 21.13 23.45 25.47 27.48 28.83 30.18 30.67 31.16 30.87 30.57 29.72 28.86 27.61 26.35 24.76 23.16 21.19 19.23 16.77 14.31 11.20 8.10 4.32 0.54 -3.68 -7.90 -12.13 -16.36 -20.18 -23.99 -27.11 -30.23 -32.59 -34.95 -36.63 -38.31 -39.44 -40.57 -41.23 -41.89 -42.10 -42.30 -42.00 -41.70 -40.83 -39.97 -38.42 -36.87 -34.46 -32.05 -28.59 -25.12 -20.53 -15.93 -10.33 -4.73 1.47 7.66 13.82 19.97 25.40 30.84
4.18 3.95 3.72 4.11 4.49 5.59 6.69 8.49 10.29 12.66 15.02 17.67 20.32 22.84 25.36 27.32 29.28 30.42 31.57 31.93 32.29 31.99 31.70 30.86 30.01 28.63 27.26 25.33 23.41 20.87 18.34 15.09 11.84 7.89 3.94 -0.45 -4.85 -9.23 -13.60 -17.50 -21.40 -24.53 -27.66 -29.97 -32.28 -33.86 -35.44 -36.44 -37.44 -37.94 -38.44 -38.45 -38.46 -37.93 -37.41 -36.29 -35.18 -33.35 -31.52 -28.79 -26.05 -22.22 -18.38 -13.36 -8.34 -2.28 3.78 10.46 17.14 23.76 30.38 36.24 42.09
3.50 2.99 2.48 2.55 2.62 3.46 4.29 5.98 7.68 10.14 12.60 15.54 18.49 21.48 24.46 26.99 29.53 31.31 33.09 34.07 35.06 35.33 35.60 35.19 34.78 33.68 32.58 30.78 28.98 26.46 23.95 20.65 17.35 13.31 9.26 4.76 0.25 -4.24 -8.73 -12.73 -16.72 -19.93 -23.14 -25.49 -27.85 -29.45 -31.06 -32.04 -33.03 -33.47 -33.92 -33.82 -33.72 -33.03 -32.34 -31.00 -29.66 -27.54 -25.42 -22.32 -19.23 -14.96 -10.70 -5.19 0.32 6.92 13.52 20.74 27.97 35.12 42.27 48.58 54.90
2.82 2.03 1.24 0.99 0.74 1.32 1.90 3.48 5.06 7.61 10.17 13.42 16.67 20.11 23.56 26.67 29.78 32.19 34.60 36.22 37.84 38.67 39.51 39.53 39.56 38.73 37.90 36.23 34.56 32.06 29.56 26.21 22.86 18.72 14.59 9.97 5.35 0.75 -3.86 -7.95 -12.05 -15.33 -18.61 -21.02 -23.42 -25.04 -26.67 -27.64 -28.61 -29.00 -29.39 -29.18 -28.98 -28.13 -27.28 -25.71 -24.14 -21.73 -19.32 -15.86 -12.41 -7.71 -3.01 2.99 8.99 16.12 23.25 31.03 38.80 46.48 54.16 60.93 67.70
3.60 2.56 1.52 0.98 0.45 0.78 1.12 2.58 4.04 6.65 9.26 12.75 16.24 20.08 23.92 27.52 31.13 34.11 37.08 39.28 41.48 42.86 44.23 44.71 45.19 44.69 44.20 42.76 41.32 38.96 36.60 33.32 30.04 25.93 21.81 17.17 12.54 7.88 3.22 -0.97 -5.17 -8.59 -12.01 -14.57 -17.14 -18.92 -20.70 -21.80 -22.91 -23.38 -23.85 -23.65 -23.46 -22.54 -21.62 -19.88 -18.14 -15.46 -12.77 -8.93 -5.10 0.07 5.24 11.78 18.33 26.04 33.75 42.12 50.49 58.72 66.95 74.18 81.41
4.38 3.09 1.80 0.98 0.15 0.24 0.33 1.68 3.02 5.69 8.36 12.09 15.81 20.04 24.27 28.38 32.48 36.03 39.57 42.34 45.12 47.04 48.96 49.89 50.82 50.66 50.51 49.29 48.08 45.86 43.64 40.43 37.22 33.13 29.04 24.38 19.72 15.01 10.29 6.00 1.71 -1.84 -5.40 -8.13 -10.86 -12.80 -14.74 -15.97 -17.20 -17.75 -18.31 -18.13 -17.95 -16.95 -15.96 -14.05 -12.14 -9.18 -6.22 -2.00 2.21 7.85 13.49 20.58 27.66 35.95 44.25 53.21 62.17 70.96 79.74 87.43 95.12
6.46 4.97 3.47 2.40 1.33 1.20 1.07 2.30 3.52 6.22 8.91 12.82 16.72 21.25 25.79 30.31 34.83 38.85 42.87 46.17 49.46 51.89 54.31 55.70 57.09 57.33 57.57 56.67 55.78 53.81 51.84 48.83 45.82 41.85 37.89 33.31 28.73 24.01 19.30 14.91 10.53 6.78 3.03 0.04 -2.95 -5.18 -7.41 -8.91 -10.41 -11.18 -11.95 -11.92 -11.88 -10.92 -9.96 -7.95 -5.95 -2.76 0.44 5.02 9.60 15.71 21.83 29.46 37.10 45.98 54.87 64.43 73.98 83.32 92.65 100.77 108.89
8.55 6.85 5.15 3.83 2.51 2.16 1.82 2.92 4.03 6.75 9.47 13.54 17.62 22.46 27.31 32.24 37.17 41.67 46.18 49.99 53.80 56.73 59.67 61.52 63.37 64.00 64.63 64.05 63.47 61.76 60.05 57.23 54.41 50.58 46.75 42.24 37.73 33.01 28.30 23.83 19.35 15.41 11.46 8.21 4.95 2.44 -0.08 -1.85 -3.62 -4.61 -5.60 -5.71 -5.81 -4.88 -3.95 -1.86 0.24 3.66 7.09 12.04 16.98 23.57 30.16 38.35 46.53 56.01 65.49 75.64 85.80 95.68 105.56 114.11 122.66
11.51 9.67 7.83 6.33 4.83 4.32 3.80 4.81 5.82 8.54 11.27 15.46 19.66 24.73 29.80 35.05 40.29 45.19 50.09 54.34 58.59 61.99 65.39 67.70 70.01 71.06 72.11 71.92 71.73 70.37 69.00 66.47 63.94 60.33 56.72 52.35 47.98 43.30 38.63 34.07 29.50 25.33 21.16 17.56 13.97 11.07 8.17 6.01 3.86 2.53 1.20 0.84 0.48 1.27 2.05 4.15 6.25 9.84 13.43 18.68 23.93 30.94 37.95 46.64 55.32 65.34 75.36 86.06 96.76 107.13 117.50 126.41 135.32
14.47 12.49 10.51 8.83 7.15 6.47 5.79 6.70 7.61 10.34 13.07 17.38 21.70 26.99 32.29 37.85 43.42 48.71 53.99 58.69 63.39 67.25 71.12 73.88 76.64 78.12 79.60 79.80 79.99 78.97 77.95 75.71 73.47 70.08 66.69 62.46 58.23 53.60 48.96 44.31 39.65 35.25 30.85 26.92 22.99 19.70 16.41 13.87 11.34 9.67 8.00 7.38 6.76 7.41 8.06 10.17 12.27 16.02 19.76 25.32 30.87 38.31 45.74 54.93 64.12 74.68 85.24 96.48 107.72 118.58 129.44 138.72 147.99
17.73 15.70 13.67 11.91 10.15 9.39 8.64 9.50 10.36 13.09 15.83 20.20 24.58 30.02 35.46 41.25 47.03 52.62 58.20 63.26 68.31 72.59 76.86 80.06 83.25 85.17 87.08 87.71 88.34 87.72 87.11 85.22 83.34 80.23 77.12 73.08 69.04 64.47 59.90 55.16 50.42 45.76 41.11 36.80 32.48 28.75 25.01 22.01 19.01 16.91 14.81 13.84 12.87 13.27 13.68 15.69 17.70 21.51 25.31 31.07 36.82 44.57 52.32 61.90 71.47 82.45 93.43 105.09 116.75 127.97 139.19 148.71 158.22
20.99 18.91 16.84 15.00 13.16 12.32 11.49 12.30 13.12 15.85 18.58 23.03 27.47 33.05 38.63 44.64 50.65 56.53 62.40 67.82 73.24 77.92 82.60 86.23 89.86 92.22 94.57 95.63 96.69 96.48 96.27 94.74 93.21 90.38 87.56 83.70 79.84 75.34 70.84 66.01 61.18 56.27 51.37 46.68 41.98 37.79 33.61 30.14 26.68 24.15 21.62 20.30 18.97 19.14 19.31 21.22 23.13 27.00 30.86 36.82 42.77 50.84 58.90 68.86 78.82 90.22 101.62 113.70 125.77 137.35 148.93 158.70 168.46
24.04 22.01 19.99 18.20 16.40 15.61 14.81 15.65 16.48 19.23 21.98 26.45 30.92 36.56 42.20 48.34 54.48 60.56 66.65 72.35 78.05 83.08 88.11 92.13 96.16 98.95 101.74 103.24 104.75 104.98 105.21 104.07 102.93 100.41 97.90 94.26 90.62 86.20 81.77 76.86 71.94 66.77 61.60 56.50 51.41 46.73 42.05 38.08 34.10 31.08 28.06 26.30 24.54 24.38 24.21 25.93 27.64 31.45 35.25 41.28 47.31 55.53 63.76 73.94 84.12 95.77 107.41 119.72 132.03 143.80 155.56 165.42 175.29
27.08 25.11 23.14 21.40 19.65 18.89 18.13 18.99 19.85 22.61 25.37 29.86 34.36 40.07 45.78 52.04 58.31 64.60 70.90 76.88 82.86 88.23 93.61 98.03 102.46 105.68 108.90 110.86 112.82 113.48 114.15 113.40 112.64 110.45 108.25 104.82 101.39 97.05 92.71 87.71 82.70 77.27 71.84 66.33 60.83 55.66 50.50 46.01 41.52 38.00 34.49 32.30 30.11 29.61 29.12 30.64 32.15 35.90 39.65 45.74 51.84 60.23 68.62 79.02 89.42 101.31 113.20 125.74 138.29 150.24 162.19 172.15 182.11
29.55 27.73 25.91 24.33 22.74 22.13 21.52 22.48 23.45 26.25 29.06 33.57 38.07 43.80 49.53 55.87 62.21 68.64 75.08 81.28 87.48 93.14 98.81 103.59 108.38 112.01 115.65 118.05 120.45 121.54 122.64 122.27 121.91 120.02 118.13 114.91 111.68 107.41 103.15 98.05 92.95 87.24 81.54 75.62 69.69 64.03 58.36 53.34 48.32 44.28 40.24 37.57 34.90 34.01 33.12 34.34 35.57 39.13 42.70 48.72 54.74 63.12 71.50 81.93 92.36 104.29 116.22 128.79 141.37 153.33 165.29 175.20 185.12
32.02 30.35 28.67 27.26 25.84 25.37 24.91 25.98 27.05 29.90 32.75 37.27 41.79 47.54 53.29 59.69 66.10 72.68 79.26 85.68 92.10 98.06 104.02 109.16 114.30 118.35 122.39 125.23 128.07 129.60 131.13 131.15 131.17 129.59 128.01 124.99 121.97 117.78 113.58 108.39 103.19 97.21 91.23 84.90 78.56 72.39 66.23 60.67 55.12 50.56 45.99 42.84 39.69 38.40 37.11 38.04 38.98 42.37 45.76 51.70 57.64 66.01 74.38 84.84 95.30 107.27 119.24 131.84 144.45 156.42 168.38 178.25 188.13
33.61 32.16 30.71 29.55 28.39 28.17 27.95 29.21 30.46 33.41 36.36 40.92 45.48 51.25 57.02 63.47 69.93 76.62 83.30 89.90 96.50 102.71 108.92 114.37 119.83 124.24 128.65 131.88 135.11 137.02 138.93 139.29 139.65 138.32 137.00 134.14 131.27 127.11 122.95 117.64 112.33 106.07 99.82 93.08 86.34 79.69 73.05 66.99 60.92 55.85 50.78 47.15 43.51 41.79 40.07 40.64 41.21 44.32 47.42 53.13 58.83 67.01 75.18 85.45 95.73 107.51 119.30 131.73 144.16 155.94 167.73 177.43 187.13
35.20 33.97 32.74 31.84 30.94 30.97 31.00 32.43 33.87 36.93 39.98 44.57 49.16 54.96 60.75 67.25 73.76 80.55 87.35 94.12 100.90 107.36 113.82 119.58 125.35 130.13 134.90 138.52 142.14 144.44 146.74 147.43 148.12 147.05 145.99 143.28 140.58 136.45 132.32 126.89 121.47 114.94 108.41 101.26 94.12 86.99 79.87 73.30 66.73 61.15 55.57 51.45 47.33 45.18 43.03 43.24 43.45 46.27 49.08 54.55 60.03 68.01 75.98 86.07 96.16 107.76 119.36 131.61 143.86 155.47 167.08 176.61 186.13
