test/esri_led_60/synt_tma_0m_led_60.esri
nrows             510
ncols             462
xllcorner      398000.00
yllcorner     7846000.00
cellsize          500.00
NODATA_value    -9999
[rows 132 to 164 of 510, columns 375 to 449 of 462]
36.19 34.17 32.34 30.52 28.91 27.31 25.93 24.55 23.40 22.24 21.31 20.37 19.65 18.92 18.41 17.89 17.58 17.28 17.19 17.11 17.25 17.40 17.77 18.14 18.73 19.32 20.09 20.87 21.80 22.73 23.77 24.81 25.91 27.00 28.11 29.21 30.27 31.32 32.28 33.23 34.02 34.82 35.40 35.99 36.33 36.67 36.75 36.82 36.63 36.43 35.98 35.52 34.84 34.15 33.27 32.39 31.35 30.32 29.17 28.02 26.80 25.58 24.32 23.06 21.81 20.56 19.35 18.14 17.01 15.88 14.86 13.84 12.98 12.11 11.43
35.91 34.07 32.44 30.80 29.38 27.95 26.75 25.55 24.56 23.57 22.78 21.99 21.39 20.79 20.38 19.97 19.74 19.52 19.49 19.47 19.65 19.83 20.21 20.59 21.16 21.74 22.48 23.22 24.09 24.95 25.91 26.87 27.86 28.86 29.85 30.83 31.76 32.68 33.49 34.30 34.94 35.59 36.02 36.46 36.65 36.84 36.76 36.69 36.35 36.01 35.43 34.84 34.04 33.24 32.26 31.29 30.17 29.06 27.85 26.64 25.38 24.11 22.84 21.56 20.31 19.05 17.85 16.66 15.56 14.46 13.48 12.51 11.71 10.90 10.28
36.07 34.42 32.97 31.52 30.28 29.04 28.01 26.98 26.14 25.31 24.65 24.00 23.51 23.03 22.70 22.38 22.23 22.08 22.10 22.12 22.33 22.53 22.92 23.30 23.86 24.41 25.11 25.80 26.61 27.41 28.28 29.15 30.03 30.92 31.78 32.63 33.41 34.19 34.84 35.50 35.98 36.46 36.73 37.00 37.02 37.05 36.82 36.59 36.11 35.63 34.92 34.21 33.30 32.39 31.32 30.24 29.06 27.87 26.61 25.35 24.05 22.76 21.47 20.18 18.93 17.68 16.51 15.34 14.28 13.21 12.30 11.38 10.64 9.90 9.35
36.23 34.77 33.50 32.24 31.18 30.12 29.26 28.40 27.72 27.04 26.52 26.00 25.63 25.26 25.03 24.80 24.72 24.63 24.70 24.77 25.01 25.24 25.63 26.02 26.55 27.09 27.74 28.39 29.13 29.87 30.65 31.43 32.20 32.98 33.71 34.43 35.07 35.70 36.20 36.69 37.01 37.33 37.43 37.54 37.40 37.27 36.88 36.50 35.88 35.25 34.41 33.57 32.55 31.53 30.37 29.20 27.95 26.69 25.37 24.06 22.73 21.41 20.10 18.80 17.56 16.31 15.16 14.02 12.99 11.97 11.11 10.25 9.57 8.90 8.42
36.77 35.49 34.41 33.33 32.45 31.56 30.86 30.16 29.62 29.08 28.69 28.29 28.02 27.75 27.60 27.45 27.42 27.40 27.50 27.61 27.86 28.11 28.50 28.89 29.40 29.92 30.53 31.14 31.81 32.48 33.16 33.85 34.51 35.17 35.76 36.35 36.83 37.31 37.64 37.97 38.12 38.26 38.19 38.12 37.82 37.52 36.98 36.44 35.67 34.91 33.95 32.98 31.86 30.73 29.48 28.24 26.92 25.59 24.24 22.88 21.53 20.18 18.88 17.57 16.34 15.11 14.00 12.88 11.91 10.94 10.14 9.34 8.74 8.13 7.73
37.31 36.22 35.32 34.42 33.71 33.00 32.46 31.92 31.52 31.13 30.85 30.58 30.40 30.23 30.16 30.09 30.12 30.16 30.30 30.45 30.72 30.99 31.38 31.76 32.26 32.75 33.31 33.88 34.48 35.08 35.68 36.27 36.82 37.37 37.82 38.27 38.60 38.93 39.09 39.25 39.23 39.20 38.95 38.71 38.24 37.77 37.08 36.38 35.47 34.57 33.48 32.39 31.16 29.93 28.60 27.27 25.89 24.50 23.10 21.70 20.33 18.96 17.65 16.34 15.12 13.91 12.83 11.75 10.82 9.90 9.17 8.43 7.90 7.37 7.04
38.17 37.26 36.53 35.81 35.26 34.72 34.32 33.93 33.66 33.39 33.22 33.05 32.97 32.89 32.88 32.87 32.95 33.03 33.21 33.39 33.67 33.95 34.33 34.71 35.18 35.64 36.17 36.69 37.22 37.76 38.26 38.76 39.19 39.62 39.93 40.25 40.42 40.58 40.58 40.57 40.36 40.16 39.74 39.32 38.68 38.04 37.19 36.34 35.30 34.25 33.05 31.85 30.52 29.20 27.79 26.39 24.95 23.51 22.08 20.65 19.26 17.88 16.57 15.27 14.08 12.89 11.85 10.81 9.95 9.08 8.42 7.75 7.30 6.84 6.60
39.03 38.29 37.74 37.19 36.81 36.43 36.18 35.94 35.80 35.66 35.60 35.53 35.54 35.54 35.60 35.66 35.79 35.91 36.12 36.32 36.61 36.90 37.28 37.66 38.10 38.54 39.02 39.49 39.96 40.43 40.84 41.25 41.56 41.87 42.05 42.22 42.23 42.24 42.06 41.88 41.50 41.12 40.52 39.92 39.12 38.31 37.30 36.30 35.12 33.94 32.62 31.30 29.88 28.46 26.98 25.51 24.01 22.52 21.06 19.59 18.19 16.79 15.50 14.20 13.04 11.87 10.88 9.88 9.07 8.27 7.67 7.07 6.70 6.32 6.16
40.13 39.57 39.18 38.80 38.57 38.34 38.23 38.12 38.10 38.07 38.11 38.14 38.21 38.29 38.40 38.52 38.68 38.84 39.06 39.28 39.58 39.87 40.24 40.60 41.01 41.43 41.86 42.28 42.68 43.08 43.40 43.72 43.91 44.11 44.14 44.18 44.03 43.88 43.53 43.18 42.62 42.06 41.28 40.51 39.54 38.57 37.41 36.26 34.95 33.65 32.22 30.79 29.29 27.79 26.25 24.71 23.17 21.64 20.15 18.66 17.26 15.86 14.58 13.30 12.17 11.04 10.09 9.15 8.41 7.66 7.15 6.63 6.33 6.04 5.96
41.22 40.84 40.62 40.41 40.33 40.25 40.28 40.30 40.40 40.49 40.62 40.74 40.89 41.04 41.21 41.37 41.57 41.76 42.01 42.25 42.54 42.84 43.19 43.54 43.93 44.31 44.69 45.07 45.40 45.73 45.96 46.18 46.26 46.34 46.24 46.13 45.83 45.52 45.00 44.47 43.74 43.00 42.05 41.10 39.97 38.83 37.53 36.22 34.79 33.35 31.82 30.29 28.70 27.11 25.51 23.91 22.33 20.76 19.25 17.74 16.33 14.93 13.66 12.40 11.30 10.21 9.31 8.42 7.74 7.06 6.62 6.18 5.96 5.75 5.76
42.49 42.28 42.22 42.16 42.23 42.30 42.45 42.60 42.80 43.00 43.21 43.42 43.63 43.84 44.05 44.26 44.48 44.69 44.94 45.19 45.48 45.76 46.09 46.42 46.77 47.12 47.45 47.78 48.03 48.29 48.42 48.55 48.52 48.48 48.24 48.00 47.54 47.08 46.39 45.70 44.78 43.87 42.76 41.64 40.35 39.05 37.61 36.17 34.62 33.07 31.44 29.81 28.15 26.49 24.84 23.19 21.58 19.98 18.46 16.94 15.54 14.14 12.90 11.66 10.61 9.56 8.72 7.88 7.27 6.67 6.30 5.94 5.81 5.69 5.77
43.75 43.71 43.82 43.92 44.13 44.35 44.62 44.90 45.21 45.51 45.81 46.10 46.37 46.65 46.89 47.14 47.38 47.62 47.88 48.13 48.41 48.69 49.00 49.30 49.61 49.93 50.20 50.48 50.66 50.84 50.88 50.92 50.77 50.62 50.24 49.87 49.25 48.63 47.77 46.92 45.83 44.75 43.46 42.18 40.73 39.28 37.70 36.12 34.45 32.78 31.06 29.34 27.61 25.88 24.17 22.47 20.83 19.20 17.67 16.14 14.75 13.36 12.14 10.93 9.92 8.91 8.13 7.34 6.81 6.27 5.99 5.70 5.66 5.62 5.79
45.12 45.25 45.51 45.77 46.12 46.47 46.87 47.27 47.67 48.07 48.44 48.81 49.14 49.46 49.74 50.02 50.27 50.52 50.76 51.01 51.27 51.52 51.79 52.07 52.33 52.59 52.81 53.02 53.13 53.23 53.18 53.12 52.85 52.59 52.08 51.57 50.80 50.04 49.02 48.01 46.76 45.51 44.07 42.63 41.04 39.44 37.73 36.03 34.26 32.48 30.68 28.88 27.09 25.31 23.57 21.83 20.17 18.52 16.99 15.46 14.08 12.71 11.53 10.35 9.39 8.43 7.71 6.99 6.53 6.07 5.87 5.66 5.70 5.74 5.99
46.48 46.78 47.20 47.62 48.11 48.60 49.12 49.64 50.14 50.63 51.08 51.53 51.90 52.28 52.59 52.90 53.16 53.41 53.65 53.89 54.12 54.36 54.59 54.83 55.04 55.26 55.41 55.56 55.59 55.62 55.47 55.32 54.94 54.56 53.91 53.27 52.36 51.45 50.27 49.10 47.69 46.28 44.68 43.08 41.34 39.60 37.77 35.94 34.06 32.19 30.31 28.43 26.58 24.73 22.96 21.18 19.51 17.84 16.31 14.78 13.42 12.06 10.92 9.77 8.86 7.95 7.29 6.64 6.25 5.86 5.74 5.62 5.74 5.87 6.20
47.88 48.35 48.93 49.50 50.13 50.76 51.39 52.02 52.62 53.21 53.72 54.24 54.66 55.07 55.40 55.73 55.98 56.24 56.45 56.67 56.86 57.06 57.24 57.42 57.57 57.73 57.80 57.88 57.82 57.77 57.52 57.27 56.77 56.28 55.52 54.75 53.70 52.65 51.32 50.00 48.44 46.89 45.15 43.41 41.54 39.67 37.73 35.79 33.83 31.86 29.92 27.97 26.09 24.20 22.40 20.60 18.92 17.25 15.73 14.21 12.88 11.55 10.45 9.34 8.48 7.63 7.04 6.45 6.14 5.83 5.79 5.75 5.95 6.16 6.56
49.28 49.93 50.66 51.38 52.15 52.91 53.66 54.41 55.10 55.78 56.36 56.95 57.41 57.87 58.22 58.56 58.81 59.06 59.25 59.44 59.60 59.76 59.89 60.02 60.10 60.19 60.20 60.20 60.06 59.91 59.57 59.22 58.61 58.01 57.12 56.22 55.03 53.84 52.38 50.91 49.20 47.50 45.61 43.73 41.73 39.74 37.69 35.64 33.59 31.54 29.53 27.52 25.59 23.66 21.84 20.02 18.34 16.66 15.15 13.64 12.34 11.04 9.97 8.91 8.11 7.31 6.79 6.26 6.03 5.79 5.83 5.87 6.16 6.44 6.93
50.67 51.49 52.37 53.26 54.16 55.05 55.91 56.78 57.55 58.32 58.96 59.61 60.10 60.60 60.95 61.30 61.54 61.77 61.92 62.07 62.17 62.26 62.32 62.38 62.39 62.40 62.31 62.23 61.99 61.76 61.31 60.86 60.14 59.43 58.42 57.41 56.09 54.78 53.18 51.58 49.74 47.91 45.90 43.90 41.79 39.69 37.55 35.41 33.29 31.17 29.12 27.06 25.11 23.15 21.32 19.49 17.82 16.15 14.66 13.18 11.91 10.65 9.63 8.62 7.88 7.13 6.68 6.23 6.07 5.91 6.03 6.15 6.51 6.87 7.42
52.07 53.05 54.09 55.13 56.16 57.19 58.17 59.14 60.00 60.86 61.56 62.27 62.80 63.33 63.69 64.05 64.26 64.48 64.58 64.69 64.73 64.77 64.76 64.75 64.68 64.60 64.43 64.26 63.93 63.60 63.05 62.50 61.67 60.85 59.72 58.59 57.15 55.71 53.98 52.25 50.29 48.32 46.19 44.06 41.85 39.63 37.40 35.18 32.99 30.80 28.70 26.60 24.62 22.64 20.80 18.96 17.30 15.63 14.17 12.71 11.48 10.26 9.29 8.32 7.64 6.96 6.58 6.20 6.11 6.03 6.22 6.42 6.86 7.30 7.92
53.40 54.56 55.75 56.94 58.10 59.26 60.34 61.42 62.36 63.31 64.07 64.83 65.38 65.94 66.29 66.64 66.82 67.00 67.05 67.10 67.06 67.03 66.93 66.82 66.65 66.48 66.21 65.93 65.50 65.07 64.42 63.76 62.84 61.91 60.67 59.44 57.89 56.33 54.49 52.65 50.58 48.50 46.27 44.04 41.74 39.44 37.14 34.84 32.61 30.37 28.24 26.12 24.12 22.13 20.30 18.48 16.83 15.19 13.77 12.34 11.16 9.98 9.07 8.16 7.54 6.92 6.61 6.30 6.29 6.28 6.55 6.82 7.33 7.83 8.52
54.74 56.07 57.41 58.75 60.04 61.33 62.52 63.71 64.73 65.75 66.57 67.38 67.96 68.54 68.89 69.23 69.38 69.53 69.52 69.51 69.40 69.28 69.09 68.90 68.63 68.36 67.99 67.61 67.08 66.54 65.79 65.03 64.00 62.97 61.62 60.28 58.62 56.96 55.00 53.05 50.87 48.68 46.35 44.02 41.63 39.24 36.88 34.51 32.23 29.94 27.79 25.63 23.63 21.63 19.81 17.99 16.37 14.75 13.36 11.97 10.83 9.70 8.84 7.99 7.44 6.88 6.64 6.40 6.46 6.53 6.87 7.21 7.79 8.37 9.12
55.99 57.48 58.96 60.44 61.86 63.27 64.56 65.85 66.94 68.04 68.90 69.76 70.35 70.94 71.27 71.60 71.70 71.79 71.71 71.63 71.42 71.21 70.91 70.61 70.23 69.85 69.36 68.88 68.23 67.59 66.73 65.87 64.74 63.61 62.18 60.74 58.98 57.23 55.18 53.14 50.87 48.60 46.20 43.79 41.34 38.88 36.47 34.06 31.75 29.44 27.27 25.11 23.12 21.13 19.33 17.53 15.95 14.37 13.02 11.68 10.60 9.52 8.73 7.94 7.45 6.97 6.79 6.62 6.76 6.89 7.30 7.71 8.36 9.00 9.80
57.23 58.89 60.51 62.14 63.68 65.21 66.60 67.98 69.16 70.33 71.23 72.14 72.74 73.35 73.66 73.97 74.01 74.06 73.90 73.74 73.44 73.14 72.73 72.33 71.83 71.34 70.74 70.14 69.39 68.64 67.68 66.72 65.49 64.26 62.73 61.20 59.35 57.50 55.37 53.23 50.88 48.52 46.04 43.56 41.04 38.52 36.06 33.60 31.27 28.93 26.76 24.58 22.60 20.62 18.85 17.08 15.53 13.98 12.69 11.39 10.37 9.34 8.61 7.88 7.47 7.05 6.95 6.85 7.05 7.25 7.73 8.21 8.92 9.62 10.48
58.35 60.15 61.91 63.66 65.31 66.96 68.43 69.90 71.14 72.37 73.31 74.24 74.85 75.46 75.74 76.01 76.00 75.98 75.74 75.49 75.08 74.67 74.14 73.62 73.00 72.39 71.67 70.95 70.09 69.23 68.17 67.10 65.79 64.47 62.86 61.24 59.32 57.40 55.20 52.99 50.58 48.16 45.63 43.09 40.54 37.99 35.50 33.02 30.68 28.34 26.18 24.02 22.06 20.11 18.37 16.64 15.15 13.65 12.41 11.18 10.22 9.26 8.59 7.93 7.58 7.24 7.20 7.17 7.44 7.71 8.25 8.79 9.55 10.31 11.21
59.46 61.41 63.30 65.18 66.94 68.70 70.26 71.82 73.12 74.41 75.38 76.35 76.96 77.57 77.82 78.06 77.98 77.91 77.57 77.24 76.72 76.20 75.55 74.91 74.17 73.43 72.60 71.76 70.79 69.81 68.65 67.49 66.08 64.68 62.98 61.29 59.29 57.30 55.03 52.76 50.28 47.80 45.22 42.63 40.04 37.45 34.94 32.44 30.09 27.74 25.60 23.45 21.52 19.59 17.90 16.21 14.76 13.32 12.14 10.96 10.06 9.17 8.58 7.98 7.70 7.42 7.46 7.50 7.83 8.17 8.77 9.37 10.18 10.99 11.94
60.40 62.48 64.48 66.47 68.32 70.17 71.80 73.44 74.78 76.12 77.11 78.10 78.70 79.30 79.50 79.70 79.55 79.40 78.97 78.53 77.90 77.27 76.50 75.73 74.86 74.00 73.04 72.08 71.00 69.92 68.66 67.40 65.92 64.43 62.67 60.91 58.86 56.81 54.50 52.18 49.67 47.16 44.54 41.93 39.33 36.73 34.22 31.72 29.39 27.06 24.94 22.83 20.94 19.06 17.42 15.79 14.41 13.03 11.92 10.81 9.98 9.16 8.64 8.12 7.91 7.70 7.80 7.90 8.30 8.69 9.35 10.00 10.86 11.71 12.69
61.34 63.55 65.66 67.76 69.71 71.65 73.35 75.05 76.44 77.83 78.84 79.85 80.43 81.02 81.18 81.34 81.12 80.89 80.36 79.83 79.08 78.33 77.44 76.54 75.55 74.56 73.48 72.40 71.21 70.02 68.67 67.32 65.75 64.19 62.36 60.54 58.43 56.32 53.96 51.60 49.06 46.51 43.87 41.24 38.62 36.00 33.50 31.00 28.69 26.38 24.29 22.21 20.37 18.53 16.95 15.37 14.05 12.74 11.70 10.65 9.90 9.15 8.70 8.25 8.11 7.97 8.14 8.31 8.76 9.22 9.93 10.63 11.53 12.43 13.44
62.07 64.38 66.58 68.77 70.78 72.79 74.54 76.29 77.71 79.12 80.14 81.15 81.71 82.27 82.38 82.49 82.19 81.89 81.26 80.63 79.76 78.89 77.88 76.86 75.74 74.62 73.43 72.23 70.94 69.64 68.21 66.77 65.14 63.50 61.63 59.75 57.61 55.46 53.08 50.69 48.14 45.58 42.94 40.30 37.70 35.10 32.63 30.15 27.88 25.61 23.57 21.54 19.76 17.99 16.47 14.96 13.72 12.48 11.52 10.55 9.88 9.20 8.83 8.45 8.38 8.31 8.54 8.77 9.28 9.79 10.54 11.29 12.22 13.15 14.18
62.81 65.22 67.49 69.77 71.85 73.92 75.73 77.53 78.97 80.42 81.43 82.45 82.99 83.52 83.58 83.64 83.26 82.88 82.15 81.42 80.44 79.45 78.31 77.17 75.93 74.69 73.37 72.06 70.66 69.27 67.74 66.22 64.52 62.82 60.89 58.96 56.78 54.60 52.19 49.79 47.21 44.64 42.01 39.37 36.78 34.19 31.75 29.30 27.07 24.83 22.85 20.87 19.15 17.44 16.00 14.56 13.39 12.23 11.34 10.45 9.86 9.26 8.96 8.65 8.65 8.65 8.94 9.23 9.80 10.36 11.15 11.94 12.91 13.87 14.92
63.31 65.79 68.12 70.45 72.57 74.68 76.51 78.33 79.78 81.23 82.24 83.24 83.74 84.24 84.24 84.24 83.79 83.33 82.50 81.68 80.59 79.49 78.24 76.98 75.62 74.27 72.85 71.43 69.93 68.44 66.84 65.24 63.48 61.72 59.76 57.79 55.59 53.39 50.98 48.57 46.01 43.45 40.83 38.22 35.67 33.12 30.72 28.33 26.15 23.98 22.07 20.15 18.52 16.88 15.52 14.16 13.08 12.00 11.20 10.40 9.88 9.36 9.14 8.91 8.97 9.04 9.38 9.73 10.34 10.94 11.77 12.59 13.58 14.56 15.62
63.81 66.35 68.74 71.13 73.28 75.44 77.29 79.14 80.59 82.05 83.04 84.03 84.49 84.96 84.90 84.85 84.31 83.78 82.85 81.93 80.73 79.53 78.16 76.79 75.32 73.85 72.32 70.79 69.20 67.62 65.94 64.26 62.45 60.63 58.62 56.62 54.40 52.18 49.76 47.35 44.80 42.25 39.66 37.07 34.56 32.05 29.70 27.35 25.24 23.12 21.28 19.44 17.88 16.32 15.05 13.77 12.78 11.78 11.06 10.34 9.91 9.47 9.32 9.16 9.29 9.42 9.82 10.23 10.88 11.53 12.39 13.24 14.25 15.25 16.32
64.07 66.65 69.06 71.47 73.63 75.80 77.64 79.48 80.92 82.36 83.32 84.28 84.70 85.13 85.01 84.89 84.29 83.68 82.67 81.66 80.37 79.07 77.60 76.13 74.56 72.98 71.36 69.74 68.07 66.40 64.66 62.91 61.05 59.18 57.15 55.11 52.89 50.66 48.26 45.85 43.33 40.81 38.27 35.73 33.28 30.82 28.55 26.27 24.24 22.20 20.45 18.69 17.22 15.76 14.58 13.39 12.49 11.59 10.96 10.33 9.97 9.62 9.53 9.45 9.64 9.83 10.28 10.73 11.42 12.11 12.98 13.86 14.87 15.88 16.95
64.34 66.95 69.38 71.81 73.98 76.15 77.99 79.83 81.26 82.68 83.61 84.53 84.91 85.29 85.12 84.94 84.26 83.58 82.49 81.39 80.00 78.61 77.04 75.47 73.79 72.12 70.41 68.69 66.94 65.18 63.37 61.56 59.65 57.73 55.67 53.61 51.37 49.14 46.75 44.36 41.87 39.38 36.88 34.39 32.00 29.60 27.39 25.19 23.24 21.28 19.61 17.95 16.57 15.19 14.10 13.02 12.20 11.39 10.85 10.31 10.04 9.76 9.75 9.74 9.99 10.24 10.74 11.24 11.96 12.68 13.58 14.48 15.49 16.51 17.57
64.39 67.00 69.41 71.83 73.98 76.13 77.93 79.74 81.13 82.51 83.39 84.27 84.60 84.93 84.70 84.46 83.72 82.97 81.81 80.65 79.18 77.71 76.06 74.40 72.65 70.89 69.10 67.30 65.47 63.65 61.78 59.91 57.96 56.00 53.92 51.84 49.60 47.37 45.00 42.64 40.20 37.75 35.32 32.89 30.58 28.26 26.14 24.03 22.17 20.32 18.75 17.18 15.91 14.63 13.65 12.66 11.94 11.23 10.78 10.33 10.13 9.94 10.00 10.06 10.36 10.67 11.20 11.74 12.48 13.23 14.13 15.04 16.05 17.06 18.10
