test/esri_led_60/synt_tma_1200m_led_60.esri
nrows             510
ncols             462
xllcorner      398000.00
yllcorner     7846000.00
cellsize          500.00
NODATA_value    -9999
[rows 165 to 197 of 510, columns 74 to 147 of 462]
42.14 41.02 39.90 38.75 37.60 36.59 35.58 34.85 34.12 33.78 33.44 33.52 33.60 34.08 34.56 35.34 36.12 37.08 38.04 39.03 40.02 40.89 41.77 42.41 43.05 43.34 43.63 43.51 43.39 42.84 42.29 41.33 40.37 39.04 37.72 36.12 34.51 32.71 30.91 29.02 27.12 25.20 23.29 21.41 19.53 17.71 15.89 14.14 12.39 10.70 9.02 7.42 5.83 4.34 2.85 1.50 0.16 -1.04 -2.24 -3.32 -4.40 -5.44 -6.49 -7.62 -8.75 -10.08 -11.41 -13.02 -14.63 -16.53 -18.44 -20.59 -22.75 -25.06
33.85 33.26 32.67 32.03 31.38 30.84 30.30 30.00 29.70 29.74 29.77 30.18 30.58 31.32 32.06 33.05 34.03 35.14 36.25 37.34 38.43 39.37 40.31 40.98 41.65 41.95 42.26 42.15 42.04 41.50 40.97 40.03 39.08 37.80 36.51 34.95 33.40 31.66 29.93 28.12 26.30 24.48 22.66 20.88 19.10 17.38 15.67 14.02 12.37 10.78 9.19 7.66 6.13 4.69 3.25 1.92 0.59 -0.63 -1.84 -2.97 -4.10 -5.23 -6.35 -7.57 -8.78 -10.20 -11.62 -13.31 -15.00 -16.99 -18.97 -21.21 -23.45 -25.85
25.56 25.50 25.45 25.31 25.17 25.09 25.02 25.15 25.28 25.69 26.11 26.83 27.56 28.56 29.57 30.76 31.95 33.21 34.46 35.65 36.84 37.84 38.84 39.55 40.25 40.57 40.89 40.79 40.69 40.17 39.64 38.72 37.80 36.55 35.30 33.79 32.28 30.62 28.95 27.22 25.48 23.75 22.02 20.35 18.67 17.06 15.45 13.90 12.35 10.85 9.35 7.90 6.44 5.05 3.66 2.34 1.02 -0.21 -1.45 -2.63 -3.81 -5.01 -6.21 -7.51 -8.82 -10.32 -11.83 -13.60 -15.38 -17.44 -19.51 -21.83 -24.15 -26.65
16.39 16.85 17.31 17.67 18.02 18.42 18.82 19.39 19.95 20.75 21.55 22.61 23.66 24.94 26.21 27.61 29.01 30.43 31.84 33.14 34.44 35.51 36.58 37.33 38.08 38.43 38.79 38.72 38.65 38.15 37.66 36.79 35.91 34.72 33.52 32.09 30.66 29.08 27.50 25.87 24.24 22.62 21.00 19.45 17.89 16.40 14.91 13.48 12.05 10.66 9.27 7.91 6.55 5.22 3.89 2.61 1.32 0.08 -1.16 -2.38 -3.61 -4.87 -6.14 -7.53 -8.92 -10.52 -12.12 -13.98 -15.84 -17.98 -20.12 -22.51 -24.91 -27.47
7.23 8.20 9.17 10.02 10.88 11.75 12.63 13.62 14.62 15.81 16.99 18.38 19.76 21.31 22.85 24.46 26.08 27.65 29.22 30.62 32.03 33.18 34.32 35.11 35.91 36.30 36.68 36.64 36.60 36.14 35.68 34.85 34.02 32.88 31.75 30.39 29.03 27.54 26.06 24.53 23.00 21.49 19.99 18.55 17.11 15.74 14.37 13.06 11.75 10.47 9.19 7.92 6.65 5.39 4.13 2.88 1.62 0.38 -0.87 -2.13 -3.40 -4.74 -6.08 -7.55 -9.03 -10.72 -12.40 -14.35 -16.29 -18.51 -20.73 -23.20 -25.66 -28.30
-2.27 -0.84 0.59 1.90 3.21 4.52 5.83 7.23 8.63 10.18 11.72 13.41 15.11 16.90 18.70 20.51 22.32 24.03 25.75 27.27 28.78 30.00 31.22 32.08 32.93 33.37 33.81 33.82 33.83 33.43 33.03 32.27 31.51 30.46 29.41 28.15 26.89 25.52 24.15 22.74 21.34 19.96 18.59 17.29 15.99 14.76 13.53 12.35 11.18 10.02 8.86 7.70 6.54 5.36 4.19 2.98 1.78 0.55 -0.69 -1.98 -3.28 -4.68 -6.08 -7.64 -9.20 -10.97 -12.75 -14.77 -16.80 -19.09 -21.38 -23.90 -26.43 -29.12
-11.77 -9.88 -7.99 -6.23 -4.47 -2.72 -0.97 0.83 2.64 4.54 6.45 8.45 10.45 12.49 14.54 16.55 18.55 20.42 22.29 23.91 25.53 26.83 28.13 29.04 29.95 30.44 30.93 30.99 31.05 30.71 30.37 29.69 29.00 28.03 27.07 25.91 24.76 23.50 22.24 20.96 19.68 18.44 17.20 16.03 14.87 13.78 12.68 11.64 10.60 9.57 8.54 7.49 6.43 5.34 4.25 3.09 1.94 0.71 -0.51 -1.84 -3.16 -4.62 -6.08 -7.72 -9.36 -11.22 -13.09 -15.20 -17.31 -19.67 -22.03 -24.61 -27.19 -29.93
-21.23 -18.95 -16.68 -14.53 -12.38 -10.25 -8.13 -5.97 -3.82 -1.60 0.61 2.88 5.15 7.41 9.67 11.85 14.03 16.03 18.04 19.76 21.49 22.87 24.26 25.24 26.23 26.79 27.35 27.49 27.63 27.38 27.13 26.55 25.96 25.12 24.27 23.24 22.22 21.10 19.98 18.85 17.72 16.63 15.54 14.53 13.51 12.57 11.63 10.73 9.84 8.94 8.04 7.11 6.18 5.18 4.18 3.09 2.01 0.80 -0.40 -1.74 -3.08 -4.59 -6.10 -7.81 -9.52 -11.46 -13.40 -15.59 -17.77 -20.19 -22.61 -25.22 -27.84 -30.59
-30.68 -28.03 -25.37 -22.83 -20.29 -17.79 -15.29 -12.78 -10.27 -7.75 -5.22 -2.69 -0.16 2.33 4.81 7.16 9.51 11.65 13.78 15.62 17.45 18.92 20.38 21.44 22.50 23.14 23.77 23.99 24.21 24.05 23.89 23.41 22.93 22.20 21.47 20.57 19.68 18.70 17.72 16.74 15.76 14.82 13.88 13.02 12.16 11.37 10.58 9.83 9.07 8.31 7.55 6.74 5.93 5.03 4.12 3.10 2.07 0.89 -0.28 -1.64 -3.00 -4.55 -6.11 -7.90 -9.68 -11.70 -13.72 -15.98 -18.23 -20.71 -23.18 -25.83 -28.48 -31.24
-39.89 -36.93 -33.97 -31.11 -28.25 -25.44 -22.63 -19.84 -17.05 -14.26 -11.48 -8.73 -5.98 -3.31 -0.65 1.85 4.36 6.61 8.87 10.81 12.75 14.31 15.87 17.02 18.18 18.91 19.65 19.98 20.31 20.27 20.24 19.89 19.55 18.98 18.40 17.67 16.94 16.13 15.32 14.51 13.69 12.92 12.16 11.46 10.76 10.13 9.49 8.89 8.28 7.66 7.03 6.34 5.65 4.85 4.04 3.09 2.13 0.99 -0.16 -1.51 -2.87 -4.46 -6.06 -7.89 -9.73 -11.81 -13.89 -16.20 -18.50 -21.01 -23.52 -26.17 -28.83 -31.56
-49.11 -45.84 -42.57 -39.39 -36.22 -33.10 -29.98 -26.90 -23.82 -20.78 -17.74 -14.77 -11.80 -8.95 -6.11 -3.45 -0.80 1.58 3.96 6.00 8.04 9.70 11.35 12.60 13.85 14.68 15.52 15.96 16.40 16.49 16.58 16.38 16.18 15.76 15.33 14.76 14.20 13.56 12.92 12.27 11.63 11.03 10.43 9.90 9.36 8.88 8.40 7.95 7.49 7.00 6.52 5.95 5.38 4.67 3.97 3.08 2.19 1.08 -0.03 -1.39 -2.75 -4.37 -6.00 -7.89 -9.78 -11.92 -14.05 -16.42 -18.78 -21.31 -23.85 -26.51 -29.17 -31.88
-57.98 -54.47 -50.96 -47.54 -44.12 -40.76 -37.39 -34.09 -30.78 -27.53 -24.29 -21.15 -18.00 -15.00 -12.01 -9.23 -6.45 -3.95 -1.45 0.70 2.85 4.62 6.39 7.76 9.13 10.09 11.06 11.65 12.24 12.49 12.75 12.72 12.70 12.46 12.22 11.85 11.47 11.03 10.58 10.13 9.68 9.26 8.84 8.48 8.11 7.79 7.47 7.15 6.84 6.48 6.12 5.66 5.21 4.59 3.98 3.16 2.34 1.27 0.20 -1.15 -2.50 -4.14 -5.78 -7.69 -9.61 -11.78 -13.95 -16.33 -18.71 -21.25 -23.78 -26.41 -29.03 -31.68
-66.84 -63.10 -59.36 -55.69 -52.02 -48.41 -44.81 -41.27 -37.74 -34.29 -30.85 -27.52 -24.20 -21.05 -17.91 -15.00 -12.09 -9.47 -6.86 -4.60 -2.34 -0.45 1.43 2.92 4.40 5.50 6.60 7.34 8.08 8.49 8.91 9.06 9.21 9.16 9.12 8.93 8.75 8.50 8.25 7.99 7.73 7.49 7.25 7.06 6.86 6.70 6.53 6.36 6.18 5.95 5.72 5.38 5.04 4.52 4.00 3.24 2.49 1.46 0.43 -0.91 -2.25 -3.90 -5.56 -7.50 -9.44 -11.64 -13.84 -16.24 -18.64 -21.18 -23.71 -26.30 -28.90 -31.47
-75.32 -71.40 -67.48 -63.62 -59.76 -55.97 -52.18 -48.47 -44.76 -41.16 -37.56 -34.09 -30.63 -27.36 -24.08 -21.05 -18.02 -15.29 -12.56 -10.18 -7.79 -5.78 -3.76 -2.13 -0.49 0.77 2.03 2.95 3.87 4.49 5.10 5.46 5.82 5.99 6.16 6.20 6.24 6.20 6.17 6.11 6.05 6.00 5.95 5.93 5.90 5.89 5.87 5.83 5.79 5.67 5.55 5.30 5.06 4.61 4.17 3.48 2.79 1.80 0.80 -0.51 -1.83 -3.47 -5.11 -7.05 -8.99 -11.18 -13.37 -15.75 -18.13 -20.62 -23.11 -25.64 -28.16 -30.65
-83.80 -79.70 -75.60 -71.55 -67.51 -63.53 -59.56 -55.68 -51.79 -48.03 -44.27 -40.66 -37.06 -33.66 -30.26 -27.11 -23.96 -21.11 -18.27 -15.76 -13.25 -11.10 -8.96 -7.17 -5.39 -3.96 -2.53 -1.43 -0.33 0.48 1.29 1.86 2.43 2.82 3.21 3.46 3.72 3.90 4.08 4.22 4.37 4.51 4.65 4.80 4.94 5.07 5.21 5.30 5.39 5.38 5.38 5.23 5.08 4.71 4.35 3.72 3.09 2.13 1.18 -0.11 -1.40 -3.03 -4.66 -6.59 -8.53 -10.71 -12.89 -15.25 -17.61 -20.06 -22.52 -24.97 -27.43 -29.82
-91.84 -87.61 -83.38 -79.19 -75.01 -70.90 -66.78 -62.77 -58.75 -54.87 -50.98 -47.26 -43.54 -40.03 -36.51 -33.25 -29.99 -27.02 -24.05 -21.41 -18.76 -16.46 -14.16 -12.21 -10.25 -8.64 -7.02 -5.71 -4.40 -3.37 -2.33 -1.53 -0.72 -0.10 0.52 1.01 1.50 1.91 2.31 2.67 3.03 3.36 3.69 4.00 4.31 4.58 4.86 5.06 5.27 5.36 5.45 5.38 5.30 5.00 4.70 4.12 3.54 2.63 1.72 0.47 -0.78 -2.37 -3.96 -5.85 -7.74 -9.87 -12.01 -14.30 -16.60 -18.97 -21.34 -23.70 -26.06 -28.34
-99.88 -95.52 -91.16 -86.83 -82.51 -78.26 -74.01 -69.86 -65.71 -61.70 -57.70 -53.86 -50.02 -46.40 -42.77 -39.39 -36.02 -32.92 -29.83 -27.05 -24.27 -21.82 -19.37 -17.24 -15.12 -13.31 -11.50 -9.98 -8.47 -7.21 -5.95 -4.92 -3.88 -3.02 -2.17 -1.44 -0.72 -0.08 0.55 1.11 1.68 2.20 2.72 3.20 3.67 4.09 4.50 4.83 5.15 5.34 5.52 5.53 5.53 5.29 5.05 4.52 3.99 3.12 2.26 1.05 -0.17 -1.72 -3.27 -5.11 -6.96 -9.04 -11.12 -13.35 -15.58 -17.87 -20.16 -22.43 -24.69 -26.87
-107.41 -102.96 -98.50 -94.08 -89.66 -85.31 -80.96 -76.71 -72.47 -68.36 -64.26 -60.32 -56.39 -52.66 -48.93 -45.44 -41.95 -38.73 -35.51 -32.58 -29.65 -27.04 -24.42 -22.10 -19.79 -17.78 -15.77 -14.03 -12.29 -10.80 -9.31 -8.04 -6.76 -5.66 -4.56 -3.60 -2.64 -1.79 -0.93 -0.16 0.62 1.33 2.03 2.67 3.30 3.85 4.39 4.82 5.25 5.51 5.78 5.84 5.90 5.71 5.52 5.04 4.55 3.73 2.92 1.76 0.61 -0.87 -2.35 -4.11 -5.86 -7.84 -9.82 -11.94 -14.06 -16.24 -18.41 -20.57 -22.72 -24.80
-114.94 -110.39 -105.85 -101.33 -96.81 -92.36 -87.91 -83.57 -79.23 -75.02 -70.82 -66.78 -62.75 -58.92 -55.08 -51.48 -47.88 -44.53 -41.18 -38.11 -35.04 -32.25 -29.46 -26.97 -24.47 -22.25 -20.03 -18.07 -16.12 -14.39 -12.67 -11.16 -9.64 -8.30 -6.96 -5.77 -4.57 -3.49 -2.41 -1.42 -0.44 0.45 1.34 2.14 2.93 3.61 4.28 4.81 5.34 5.69 6.04 6.16 6.28 6.14 5.99 5.55 5.11 4.34 3.58 2.48 1.38 -0.02 -1.43 -3.10 -4.77 -6.65 -8.52 -10.53 -12.54 -14.61 -16.67 -18.71 -20.75 -22.74
-121.87 -117.27 -112.68 -108.09 -103.51 -99.00 -94.48 -90.07 -85.65 -81.37 -77.10 -72.98 -68.86 -64.93 -61.00 -57.29 -53.57 -50.10 -46.62 -43.40 -40.17 -37.22 -34.26 -31.57 -28.89 -26.46 -24.04 -21.86 -19.69 -17.74 -15.79 -14.05 -12.30 -10.73 -9.16 -7.73 -6.31 -5.02 -3.72 -2.54 -1.35 -0.28 0.79 1.74 2.68 3.49 4.29 4.91 5.54 5.95 6.37 6.54 6.71 6.61 6.51 6.11 5.71 5.00 4.30 3.28 2.27 0.98 -0.32 -1.86 -3.39 -5.12 -6.85 -8.70 -10.56 -12.48 -14.39 -16.32 -18.24 -20.15
-128.80 -124.15 -119.50 -114.86 -110.21 -105.63 -101.05 -96.56 -92.08 -87.73 -83.37 -79.17 -74.97 -70.95 -66.92 -63.09 -59.27 -55.66 -52.05 -48.68 -45.31 -42.18 -39.06 -36.18 -33.31 -30.68 -28.05 -25.66 -23.26 -21.09 -18.91 -16.93 -14.96 -13.15 -11.35 -9.70 -8.05 -6.54 -5.03 -3.65 -2.26 -1.01 0.24 1.34 2.44 3.36 4.29 5.01 5.73 6.22 6.70 6.92 7.14 7.08 7.02 6.66 6.31 5.66 5.02 4.09 3.16 1.97 0.79 -0.61 -2.02 -3.59 -5.17 -6.87 -8.57 -10.34 -12.12 -13.93 -15.73 -17.57
-135.05 -130.38 -125.72 -121.05 -116.38 -111.76 -107.15 -102.62 -98.10 -93.69 -89.29 -85.02 -80.75 -76.65 -72.54 -68.61 -64.68 -60.95 -57.22 -53.71 -50.19 -46.91 -43.62 -40.56 -37.51 -34.69 -31.87 -29.28 -26.68 -24.30 -21.91 -19.72 -17.54 -15.52 -13.51 -11.65 -9.79 -8.08 -6.36 -4.79 -3.22 -1.79 -0.37 0.89 2.14 3.19 4.24 5.06 5.88 6.43 6.99 7.26 7.53 7.51 7.49 7.19 6.89 6.32 5.75 4.94 4.12 3.09 2.06 0.83 -0.39 -1.77 -3.14 -4.65 -6.15 -7.76 -9.36 -11.05 -12.74 -14.53
-141.30 -136.61 -131.93 -127.24 -122.54 -117.90 -113.25 -108.68 -104.12 -99.66 -95.20 -90.87 -86.54 -82.35 -78.16 -74.13 -70.10 -66.25 -62.39 -58.74 -55.08 -51.63 -48.18 -44.95 -41.72 -38.71 -35.69 -32.90 -30.10 -27.51 -24.92 -22.52 -20.12 -17.89 -15.66 -13.60 -11.53 -9.61 -7.70 -5.93 -4.17 -2.57 -0.97 0.44 1.84 3.02 4.20 5.11 6.03 6.65 7.28 7.60 7.92 7.94 7.97 7.72 7.47 6.98 6.49 5.79 5.08 4.20 3.32 2.28 1.24 0.06 -1.12 -2.43 -3.74 -5.17 -6.61 -8.18 -9.75 -11.48
-146.81 -142.15 -137.49 -132.81 -128.13 -123.49 -118.84 -114.27 -109.70 -105.22 -100.74 -96.37 -92.00 -87.75 -83.49 -79.38 -75.27 -71.32 -67.36 -63.58 -59.80 -56.21 -52.62 -49.24 -45.85 -42.67 -39.50 -36.52 -33.55 -30.78 -28.01 -25.42 -22.83 -20.41 -17.99 -15.74 -13.48 -11.37 -9.26 -7.31 -5.36 -3.58 -1.81 -0.24 1.32 2.64 3.96 4.98 6.01 6.71 7.42 7.80 8.19 8.27 8.35 8.18 8.00 7.62 7.23 6.68 6.13 5.44 4.76 3.94 3.13 2.19 1.25 0.17 -0.91 -2.16 -3.41 -4.85 -6.30 -8.00
-152.32 -147.69 -143.05 -138.38 -133.72 -129.08 -124.44 -119.86 -115.28 -110.78 -106.28 -101.87 -97.45 -93.14 -88.83 -84.64 -80.45 -76.39 -72.33 -68.43 -64.53 -60.80 -57.07 -53.53 -49.98 -46.64 -43.30 -40.15 -37.01 -34.05 -31.09 -28.32 -25.54 -22.94 -20.33 -17.88 -15.42 -13.13 -10.83 -8.69 -6.55 -4.60 -2.65 -0.92 0.80 2.26 3.71 4.85 5.98 6.77 7.56 8.01 8.46 8.60 8.74 8.64 8.54 8.26 7.98 7.58 7.18 6.68 6.19 5.60 5.02 4.32 3.62 2.77 1.92 0.86 -0.20 -1.52 -2.85 -4.51
-157.08 -152.50 -147.93 -143.32 -138.71 -134.11 -129.52 -124.98 -120.43 -115.95 -111.47 -107.05 -102.64 -98.30 -93.96 -89.72 -85.48 -81.35 -77.22 -73.23 -69.23 -65.40 -61.56 -57.90 -54.23 -50.76 -47.28 -43.99 -40.70 -37.59 -34.48 -31.54 -28.60 -25.82 -23.04 -20.41 -17.78 -15.29 -12.80 -10.48 -8.15 -6.01 -3.87 -1.96 -0.06 1.56 3.17 4.44 5.71 6.61 7.51 8.05 8.59 8.82 9.05 9.05 9.05 8.92 8.79 8.58 8.37 8.11 7.85 7.53 7.22 6.79 6.37 5.77 5.17 4.32 3.47 2.28 1.09 -0.52
-161.83 -157.32 -152.81 -148.25 -143.70 -139.15 -134.61 -130.10 -125.59 -121.12 -116.66 -112.24 -107.82 -103.46 -99.09 -94.80 -90.51 -86.31 -82.11 -78.03 -73.94 -70.00 -66.05 -62.27 -58.48 -54.87 -51.26 -47.83 -44.39 -41.13 -37.87 -34.77 -31.67 -28.71 -25.76 -22.94 -20.13 -17.46 -14.78 -12.26 -9.74 -7.42 -5.09 -3.00 -0.92 0.85 2.63 4.03 5.44 6.45 7.46 8.09 8.71 9.03 9.35 9.46 9.57 9.58 9.59 9.58 9.56 9.54 9.52 9.46 9.41 9.26 9.11 8.77 8.43 7.79 7.14 6.09 5.03 3.48
-165.83 -161.43 -157.02 -152.56 -148.11 -143.66 -139.21 -134.78 -130.35 -125.95 -121.54 -117.16 -112.78 -108.44 -104.09 -99.79 -95.49 -91.26 -87.03 -82.90 -78.76 -74.75 -70.73 -66.86 -62.99 -59.28 -55.57 -52.03 -48.48 -45.09 -41.70 -38.45 -35.21 -32.09 -28.98 -25.99 -23.00 -20.13 -17.26 -14.54 -11.82 -9.28 -6.75 -4.46 -2.18 -0.21 1.75 3.33 4.90 6.06 7.21 7.97 8.73 9.18 9.63 9.89 10.16 10.36 10.56 10.78 11.00 11.26 11.51 11.76 12.01 12.17 12.32 12.25 12.18 11.76 11.34 10.45 9.55 8.10
-169.84 -165.53 -161.23 -156.88 -152.52 -148.17 -143.81 -139.46 -135.11 -130.77 -126.43 -122.09 -117.75 -113.42 -109.09 -104.78 -100.47 -96.21 -91.95 -87.77 -83.58 -79.50 -75.42 -71.46 -67.51 -63.70 -59.89 -56.23 -52.57 -49.05 -45.53 -42.14 -38.75 -35.48 -32.20 -29.03 -25.86 -22.80 -19.74 -16.82 -13.89 -11.15 -8.41 -5.92 -3.43 -1.28 0.88 2.62 4.37 5.67 6.97 7.86 8.75 9.33 9.91 10.33 10.74 11.13 11.53 11.98 12.44 12.98 13.51 14.06 14.61 15.07 15.52 15.72 15.93 15.73 15.54 14.80 14.07 12.71
-173.14 -168.98 -164.81 -160.60 -156.39 -152.17 -147.95 -143.73 -139.50 -135.27 -131.04 -126.78 -122.53 -118.26 -113.99 -109.72 -105.44 -101.20 -96.95 -92.75 -88.56 -84.44 -80.33 -76.32 -72.32 -68.44 -64.56 -60.81 -57.07 -53.44 -49.81 -46.29 -42.77 -39.34 -35.91 -32.56 -29.21 -25.94 -22.68 -19.54 -16.39 -13.42 -10.45 -7.74 -5.02 -2.64 -0.27 1.68 3.63 5.12 6.61 7.67 8.74 9.51 10.27 10.89 11.51 12.15 12.79 13.53 14.27 15.12 15.98 16.86 17.74 18.51 19.28 19.77 20.27 20.32 20.36 19.83 19.30 18.12
-176.44 -172.42 -168.40 -164.33 -160.26 -156.18 -152.10 -148.00 -143.90 -139.77 -135.65 -131.48 -127.31 -123.10 -118.89 -114.65 -110.42 -106.18 -101.94 -97.74 -93.53 -89.38 -85.24 -81.18 -77.13 -73.18 -69.24 -65.40 -61.56 -57.83 -54.09 -50.44 -46.79 -43.20 -39.61 -36.08 -32.55 -29.08 -25.62 -22.26 -18.90 -15.70 -12.50 -9.55 -6.61 -4.01 -1.42 0.74 2.89 4.57 6.24 7.49 8.74 9.68 10.63 11.46 12.29 13.17 14.05 15.07 16.10 17.27 18.44 19.66 20.87 21.96 23.04 23.82 24.60 24.90 25.19 24.86 24.54 23.54
-179.14 -175.28 -171.43 -167.54 -163.64 -159.73 -155.82 -151.88 -147.94 -143.96 -139.98 -135.94 -131.89 -127.78 -123.66 -119.50 -115.34 -111.15 -106.96 -102.77 -98.59 -94.44 -90.30 -86.22 -82.14 -78.15 -74.16 -70.25 -66.34 -62.51 -58.68 -54.90 -51.12 -47.37 -43.63 -39.91 -36.19 -32.52 -28.84 -25.25 -21.66 -18.22 -14.78 -11.58 -8.39 -5.55 -2.72 -0.33 2.06 3.97 5.87 7.35 8.82 10.00 11.19 12.28 13.38 14.56 15.74 17.10 18.46 19.98 21.50 23.06 24.62 26.04 27.46 28.53 29.60 30.16 30.72 30.66 30.59 29.87
-181.83 -178.15 -174.46 -170.74 -167.02 -163.28 -159.54 -155.77 -151.99 -148.15 -144.32 -140.39 -136.47 -132.46 -128.44 -124.35 -120.26 -116.12 -111.97 -107.81 -103.65 -99.50 -95.36 -91.26 -87.16 -83.12 -79.08 -75.10 -71.12 -67.19 -63.26 -59.35 -55.45 -51.54 -47.64 -43.74 -39.84 -35.95 -32.06 -28.24 -24.42 -20.73 -17.05 -13.61 -10.17 -7.09 -4.01 -1.39 1.24 3.37 5.50 7.20 8.90 10.33 11.75 13.11 14.47 15.94 17.42 19.12 20.81 22.69 24.56 26.47 28.38 30.12 31.87 33.24 34.60 35.43 36.26 36.45 36.64 36.21
