test/esri_led_60/synt_tma_0m_led_60.esri
nrows             510
ncols             462
xllcorner      398000.00
yllcorner     7846000.00
cellsize          500.00
NODATA_value    -9999
[rows 0 to 32 of 510, columns 0 to 74 of 462]
37.93 37.73 37.53 36.95 36.38 35.51 34.64 33.59 32.54 31.44 30.34 29.31 28.28 27.41 26.55 25.90 25.25 24.84 24.43 24.26 24.09 24.17 24.25 24.59 24.92 25.53 26.14 27.01 27.89 29.02 30.14 31.46 32.78 34.20 35.63 37.08 38.53 39.90 41.28 42.52 43.76 44.83 45.89 46.76 47.64 48.34 49.03 49.57 50.11 50.53 50.94 51.25 51.56 51.79 52.01 52.16 52.31 52.39 52.48 52.52 52.56 52.60 52.64 52.74 52.84 53.07 53.30 53.70 54.11 54.70 55.29 56.03 56.77 57.58 58.39
37.89 37.69 37.49 36.91 36.34 35.47 34.60 33.55 32.50 31.40 30.31 29.28 28.25 27.39 26.52 25.88 25.23 24.82 24.41 24.24 24.08 24.16 24.24 24.58 24.91 25.52 26.13 27.00 27.88 29.01 30.13 31.45 32.77 34.19 35.62 37.07 38.51 39.89 41.27 42.51 43.75 44.81 45.88 46.75 47.63 48.32 49.02 49.56 50.10 50.51 50.93 51.24 51.55 51.78 52.00 52.15 52.30 52.38 52.47 52.51 52.55 52.59 52.63 52.73 52.83 53.06 53.29 53.69 54.09 54.69 55.28 56.01 56.75 57.57 58.38
39.12 38.92 38.71 38.13 37.54 36.65 35.76 34.69 33.62 32.49 31.36 30.30 29.24 28.34 27.44 26.75 26.06 25.61 25.16 24.95 24.74 24.77 24.81 25.10 25.40 25.96 26.52 27.36 28.19 29.27 30.36 31.63 32.91 34.30 35.69 37.10 38.51 39.86 41.20 42.41 43.62 44.65 45.69 46.54 47.39 48.06 48.73 49.25 49.78 50.18 50.58 50.88 51.19 51.41 51.64 51.79 51.95 52.04 52.13 52.19 52.24 52.30 52.36 52.48 52.60 52.84 53.08 53.50 53.92 54.51 55.11 55.85 56.59 57.40 58.21
40.35 40.14 39.94 39.34 38.74 37.83 36.93 35.83 34.73 33.58 32.42 31.32 30.23 29.29 28.35 27.62 26.90 26.40 25.91 25.65 25.40 25.39 25.38 25.63 25.88 26.40 26.91 27.71 28.50 29.54 30.58 31.82 33.06 34.41 35.76 37.14 38.51 39.82 41.13 42.31 43.49 44.49 45.50 46.32 47.14 47.79 48.44 48.95 49.45 49.84 50.23 50.52 50.82 51.05 51.27 51.43 51.59 51.70 51.80 51.87 51.94 52.02 52.09 52.23 52.36 52.62 52.88 53.31 53.74 54.34 54.94 55.69 56.43 57.24 58.05
42.62 42.40 42.19 41.57 40.95 40.02 39.08 37.94 36.79 35.58 34.37 33.22 32.06 31.05 30.05 29.25 28.45 27.87 27.30 26.97 26.63 26.54 26.44 26.60 26.77 27.20 27.63 28.34 29.05 30.01 30.97 32.13 33.29 34.57 35.85 37.16 38.47 39.71 40.96 42.07 43.19 44.14 45.09 45.87 46.64 47.25 47.86 48.33 48.80 49.17 49.53 49.82 50.11 50.33 50.56 50.73 50.91 51.04 51.16 51.27 51.37 51.47 51.58 51.75 51.92 52.21 52.49 52.94 53.39 54.01 54.62 55.37 56.12 56.92 57.72
44.88 44.66 44.44 43.80 43.17 42.20 41.22 40.04 38.86 37.59 36.33 35.11 33.89 32.82 31.75 30.87 30.00 29.35 28.69 28.28 27.86 27.68 27.50 27.58 27.66 28.00 28.35 28.98 29.60 30.48 31.36 32.44 33.53 34.74 35.94 37.18 38.42 39.60 40.78 41.84 42.89 43.79 44.68 45.41 46.14 46.70 47.27 47.71 48.15 48.49 48.84 49.11 49.39 49.62 49.85 50.04 50.22 50.38 50.53 50.66 50.79 50.93 51.07 51.28 51.48 51.79 52.11 52.58 53.05 53.67 54.30 55.05 55.80 56.60 57.40
47.75 47.52 47.29 46.63 45.97 44.96 43.96 42.72 41.49 40.16 38.84 37.55 36.26 35.10 33.94 32.98 32.01 31.26 30.51 29.99 29.46 29.17 28.88 28.84 28.79 29.02 29.25 29.75 30.26 31.02 31.79 32.76 33.73 34.83 35.93 37.07 38.21 39.30 40.39 41.37 42.34 43.16 43.99 44.65 45.31 45.83 46.35 46.75 47.15 47.47 47.79 48.06 48.33 48.57 48.81 49.02 49.23 49.42 49.61 49.79 49.96 50.15 50.34 50.59 50.84 51.19 51.55 52.04 52.54 53.18 53.82 54.57 55.32 56.11 56.90
50.61 50.38 50.14 49.46 48.78 47.73 46.69 45.40 44.12 42.73 41.34 39.98 38.62 37.38 36.14 35.08 34.03 33.18 32.33 31.69 31.06 30.66 30.25 30.09 29.93 30.04 30.15 30.53 30.92 31.56 32.21 33.07 33.93 34.93 35.92 36.97 38.01 39.00 40.00 40.90 41.79 42.54 43.29 43.89 44.49 44.95 45.42 45.78 46.15 46.45 46.75 47.01 47.28 47.52 47.77 48.01 48.25 48.47 48.70 48.92 49.14 49.38 49.61 49.91 50.20 50.59 50.98 51.51 52.03 52.68 53.34 54.09 54.85 55.63 56.41
53.57 53.33 53.09 52.39 51.69 50.61 49.54 48.21 46.88 45.44 44.00 42.57 41.14 39.83 38.51 37.36 36.21 35.25 34.30 33.55 32.80 32.26 31.73 31.43 31.13 31.09 31.05 31.29 31.52 32.03 32.53 33.25 33.97 34.83 35.69 36.61 37.53 38.42 39.30 40.10 40.89 41.56 42.23 42.76 43.29 43.71 44.12 44.45 44.78 45.07 45.35 45.62 45.89 46.16 46.43 46.71 46.98 47.26 47.53 47.81 48.09 48.39 48.69 49.03 49.38 49.82 50.25 50.80 51.35 52.02 52.69 53.44 54.19 54.95 55.72
56.53 56.29 56.04 55.32 54.60 53.49 52.39 51.02 49.65 48.15 46.65 45.16 43.67 42.27 40.87 39.63 38.39 37.33 36.27 35.40 34.54 33.87 33.20 32.76 32.33 32.14 31.96 32.04 32.13 32.49 32.84 33.42 34.00 34.73 35.46 36.25 37.05 37.83 38.60 39.30 40.00 40.58 41.17 41.63 42.10 42.46 42.82 43.12 43.42 43.69 43.96 44.23 44.50 44.80 45.09 45.40 45.72 46.05 46.37 46.71 47.05 47.40 47.76 48.16 48.56 49.04 49.52 50.09 50.67 51.35 52.03 52.78 53.52 54.27 55.02
59.16 58.90 58.65 57.92 57.20 56.07 54.95 53.56 52.16 50.63 49.10 47.56 46.02 44.56 43.11 41.79 40.47 39.32 38.16 37.18 36.19 35.39 34.59 34.00 33.41 33.06 32.72 32.64 32.56 32.74 32.93 33.34 33.76 34.33 34.91 35.56 36.22 36.87 37.53 38.12 38.71 39.21 39.71 40.11 40.51 40.83 41.15 41.42 41.70 41.97 42.23 42.53 42.82 43.15 43.48 43.85 44.22 44.61 45.00 45.40 45.81 46.23 46.65 47.11 47.57 48.09 48.61 49.21 49.82 50.50 51.19 51.93 52.66 53.39 54.12
61.78 61.52 61.27 60.53 59.79 58.65 57.52 56.10 54.68 53.11 51.55 49.96 48.38 46.86 45.34 43.95 42.55 41.30 40.05 38.95 37.85 36.91 35.98 35.24 34.50 33.99 33.48 33.23 32.98 32.99 33.01 33.26 33.51 33.93 34.36 34.87 35.39 35.92 36.45 36.94 37.42 37.84 38.25 38.59 38.92 39.20 39.47 39.73 39.98 40.24 40.51 40.82 41.13 41.50 41.87 42.29 42.71 43.17 43.62 44.10 44.57 45.06 45.55 46.06 46.58 47.14 47.71 48.33 48.96 49.65 50.35 51.07 51.80 52.51 53.21
63.78 63.53 63.28 62.54 61.81 60.67 59.53 58.11 56.69 55.12 53.55 51.94 50.34 48.79 47.24 45.79 44.34 43.01 41.68 40.47 39.27 38.20 37.13 36.24 35.35 34.67 33.99 33.56 33.13 32.96 32.80 32.87 32.94 33.20 33.46 33.82 34.19 34.59 34.99 35.37 35.75 36.09 36.42 36.69 36.97 37.22 37.46 37.70 37.94 38.23 38.51 38.85 39.20 39.62 40.04 40.52 41.01 41.53 42.06 42.61 43.15 43.71 44.27 44.84 45.41 46.02 46.62 47.27 47.91 48.60 49.30 50.01 50.72 51.39 52.07
65.79 65.54 65.28 64.55 63.82 62.68 61.55 60.13 58.71 57.13 55.55 53.92 52.30 50.71 49.13 47.62 46.12 44.71 43.30 41.99 40.68 39.49 38.29 37.24 36.20 35.35 34.50 33.89 33.28 32.93 32.59 32.48 32.38 32.47 32.56 32.77 32.99 33.26 33.53 33.81 34.08 34.33 34.58 34.80 35.02 35.23 35.44 35.68 35.91 36.21 36.50 36.88 37.26 37.73 38.20 38.75 39.30 39.90 40.50 41.12 41.74 42.37 42.99 43.62 44.25 44.89 45.53 46.20 46.87 47.56 48.25 48.94 49.63 50.28 50.93
67.09 66.84 66.59 65.87 65.15 64.03 62.92 61.52 60.12 58.56 56.99 55.38 53.76 52.17 50.57 49.04 47.50 46.04 44.57 43.17 41.77 40.45 39.14 37.95 36.75 35.73 34.72 33.93 33.14 32.60 32.07 31.78 31.50 31.42 31.34 31.40 31.46 31.61 31.75 31.93 32.10 32.27 32.45 32.62 32.79 32.98 33.17 33.40 33.64 33.96 34.28 34.70 35.12 35.65 36.18 36.80 37.42 38.09 38.77 39.46 40.16 40.85 41.54 42.22 42.90 43.57 44.25 44.93 45.60 46.29 46.97 47.64 48.31 48.93 49.55
68.38 68.14 67.89 67.19 66.48 65.38 64.29 62.91 61.53 59.99 58.44 56.83 55.22 53.62 52.02 50.45 48.89 47.36 45.83 44.34 42.86 41.42 39.99 38.65 37.31 36.12 34.93 33.96 32.99 32.27 31.55 31.08 30.62 30.37 30.12 30.03 29.94 29.96 29.98 30.05 30.12 30.22 30.32 30.44 30.56 30.73 30.89 31.13 31.37 31.71 32.05 32.52 32.98 33.57 34.16 34.85 35.54 36.29 37.03 37.80 38.57 39.33 40.09 40.82 41.55 42.26 42.96 43.65 44.34 45.02 45.69 46.34 46.99 47.57 48.16
69.01 68.77 68.53 67.85 67.16 66.10 65.04 63.69 62.35 60.85 59.34 57.76 56.18 54.58 52.99 51.42 49.84 48.27 46.70 45.14 43.58 42.04 40.50 39.02 37.54 36.20 34.86 33.71 32.57 31.67 30.77 30.13 29.48 29.07 28.66 28.42 28.19 28.09 27.98 27.96 27.93 27.96 27.99 28.07 28.16 28.30 28.45 28.70 28.94 29.31 29.68 30.19 30.70 31.35 31.99 32.75 33.50 34.32 35.14 35.98 36.81 37.63 38.44 39.22 39.99 40.72 41.45 42.15 42.85 43.51 44.17 44.79 45.41 45.96 46.51
69.63 69.40 69.17 68.51 67.85 66.82 65.78 64.48 63.18 61.70 60.23 58.68 57.13 55.55 53.97 52.38 50.79 49.18 47.57 45.94 44.30 42.65 41.01 39.40 37.78 36.28 34.78 33.46 32.14 31.07 29.99 29.17 28.35 27.77 27.19 26.82 26.44 26.21 25.99 25.87 25.75 25.71 25.67 25.71 25.75 25.88 26.01 26.26 26.52 26.91 27.31 27.86 28.42 29.12 29.83 30.65 31.47 32.36 33.25 34.15 35.05 35.92 36.80 37.61 38.43 39.19 39.95 40.65 41.35 42.00 42.64 43.24 43.83 44.35 44.87
69.71 69.49 69.27 68.63 67.99 67.00 66.01 64.75 63.49 62.06 60.64 59.13 57.61 56.06 54.50 52.91 51.32 49.68 48.05 46.35 44.66 42.92 41.18 39.45 37.72 36.08 34.43 32.96 31.48 30.24 29.00 28.02 27.04 26.32 25.59 25.08 24.57 24.23 23.89 23.68 23.48 23.37 23.27 23.27 23.27 23.39 23.50 23.76 24.01 24.43 24.85 25.44 26.03 26.78 27.53 28.41 29.29 30.23 31.18 32.14 33.09 34.01 34.93 35.79 36.64 37.41 38.19 38.89 39.59 40.22 40.86 41.42 41.99 42.48 42.96
69.78 69.57 69.36 68.75 68.14 67.18 66.23 65.01 63.80 62.42 61.04 59.57 58.09 56.56 55.03 53.44 51.85 50.19 48.52 46.77 45.02 43.19 41.36 39.51 37.66 35.87 34.09 32.46 30.82 29.42 28.02 26.88 25.74 24.86 23.99 23.34 22.70 22.25 21.80 21.50 21.20 21.04 20.87 20.83 20.79 20.89 20.99 21.25 21.51 21.95 22.38 23.01 23.64 24.44 25.24 26.17 27.10 28.11 29.11 30.13 31.14 32.11 33.07 33.96 34.85 35.64 36.43 37.13 37.83 38.45 39.07 39.61 40.15 40.60 41.06
69.44 69.24 69.04 68.45 67.87 66.95 66.03 64.87 63.70 62.37 61.04 59.60 58.17 56.66 55.15 53.57 51.99 50.30 48.62 46.82 45.02 43.12 41.21 39.26 37.31 35.41 33.50 31.74 29.98 28.44 26.89 25.62 24.34 23.33 22.33 21.57 20.81 20.26 19.70 19.33 18.95 18.72 18.50 18.41 18.33 18.40 18.48 18.73 18.98 19.42 19.87 20.52 21.16 21.99 22.82 23.79 24.76 25.81 26.85 27.91 28.96 29.96 30.96 31.88 32.79 33.59 34.40 35.10 35.80 36.40 37.00 37.52 38.03 38.46 38.88
69.11 68.91 68.72 68.16 67.60 66.72 65.84 64.72 63.60 62.32 61.03 59.64 58.24 56.76 55.28 53.70 52.12 50.42 48.72 46.87 45.02 43.05 41.07 39.02 36.97 34.95 32.92 31.03 29.13 27.45 25.77 24.36 22.94 21.81 20.67 19.79 18.91 18.26 17.61 17.15 16.69 16.41 16.12 15.99 15.87 15.91 15.96 16.21 16.45 16.90 17.35 18.02 18.69 19.55 20.41 21.42 22.42 23.51 24.60 25.69 26.78 27.82 28.86 29.79 30.73 31.55 32.37 33.06 33.76 34.35 34.94 35.43 35.92 36.32 36.71
68.48 68.29 68.10 67.56 67.03 66.18 65.34 64.26 63.18 61.93 60.68 59.32 57.96 56.50 55.04 53.47 51.89 50.18 48.46 46.57 44.69 42.65 40.62 38.49 36.37 34.25 32.13 30.13 28.13 26.34 24.55 23.03 21.50 20.26 19.02 18.04 17.07 16.33 15.59 15.05 14.51 14.16 13.81 13.63 13.46 13.47 13.48 13.70 13.92 14.36 14.79 15.46 16.12 16.99 17.86 18.88 19.91 21.01 22.12 23.24 24.36 25.42 26.47 27.43 28.38 29.21 30.04 30.74 31.43 32.01 32.59 33.06 33.53 33.91 34.29
67.84 67.67 67.49 66.97 66.45 65.64 64.83 63.79 62.75 61.54 60.34 59.01 57.68 56.24 54.80 53.23 51.67 49.93 48.20 46.28 44.35 42.26 40.17 37.96 35.76 33.55 31.34 29.24 27.14 25.24 23.34 21.70 20.07 18.72 17.37 16.29 15.22 14.39 13.56 12.95 12.34 11.92 11.50 11.28 11.05 11.02 11.00 11.19 11.38 11.81 12.24 12.90 13.56 14.44 15.31 16.35 17.39 18.52 19.65 20.79 21.93 23.01 24.09 25.07 26.04 26.88 27.71 28.41 29.10 29.67 30.24 30.69 31.15 31.50 31.86
67.00 66.83 66.66 66.16 65.66 64.87 64.09 63.07 62.06 60.88 59.70 58.40 57.09 55.66 54.24 52.67 51.10 49.35 47.60 45.65 43.70 41.56 39.42 37.16 34.91 32.63 30.36 28.18 26.00 24.03 22.05 20.33 18.61 17.18 15.74 14.59 13.43 12.52 11.61 10.93 10.24 9.76 9.27 8.99 8.70 8.62 8.54 8.69 8.84 9.23 9.62 10.26 10.89 11.75 12.61 13.64 14.68 15.81 16.94 18.09 19.24 20.33 21.43 22.41 23.39 24.24 25.09 25.78 26.48 27.05 27.61 28.05 28.50 28.84 29.18
66.16 66.00 65.83 65.35 64.86 64.10 63.34 62.36 61.37 60.22 59.07 57.79 56.50 55.09 53.67 52.10 50.53 48.77 47.00 45.02 43.04 40.86 38.68 36.37 34.05 31.71 29.37 27.12 24.87 22.81 20.76 18.96 17.16 15.64 14.12 12.88 11.64 10.66 9.67 8.91 8.15 7.60 7.05 6.70 6.35 6.22 6.09 6.19 6.29 6.65 7.00 7.61 8.22 9.07 9.91 10.94 11.96 13.09 14.23 15.39 16.54 17.65 18.76 19.75 20.75 21.61 22.46 23.16 23.86 24.42 24.98 25.41 25.85 26.18 26.51
65.17 65.01 64.84 64.37 63.90 63.16 62.41 61.44 60.48 59.34 58.20 56.93 55.65 54.24 52.82 51.24 49.66 47.88 46.10 44.09 42.09 39.88 37.67 35.32 32.97 30.58 28.20 25.90 23.60 21.49 19.38 17.52 15.66 14.08 12.50 11.19 9.88 8.82 7.77 6.93 6.10 5.48 4.85 4.44 4.02 3.82 3.62 3.66 3.70 4.00 4.30 4.87 5.43 6.24 7.04 8.04 9.04 10.16 11.28 12.43 13.59 14.70 15.81 16.81 17.82 18.68 19.55 20.26 20.97 21.53 22.09 22.52 22.96 23.29 23.61
64.17 64.02 63.86 63.40 62.94 62.21 61.48 60.53 59.58 58.46 57.34 56.07 54.80 53.39 51.97 50.38 48.80 47.00 45.20 43.17 41.14 38.90 36.65 34.27 31.88 29.45 27.03 24.68 22.34 20.17 18.01 16.09 14.17 12.52 10.87 9.50 8.12 6.99 5.86 4.96 4.05 3.36 2.66 2.18 1.69 1.42 1.16 1.13 1.11 1.36 1.60 2.12 2.64 3.41 4.18 5.15 6.12 7.23 8.33 9.48 10.63 11.74 12.86 13.87 14.88 15.76 16.63 17.35 18.07 18.63 19.20 19.63 20.07 20.39 20.72
63.06 62.90 62.75 62.29 61.84 61.12 60.40 59.46 58.52 57.40 56.28 55.01 53.74 52.32 50.89 49.29 47.68 45.86 44.04 41.99 39.93 37.67 35.40 32.99 30.58 28.13 25.67 23.30 20.92 18.72 16.51 14.55 12.59 10.89 9.19 7.75 6.32 5.12 3.93 2.95 1.97 1.20 0.43 -0.13 -0.69 -1.03 -1.37 -1.47 -1.56 -1.38 -1.20 -0.75 -0.29 0.43 1.15 2.08 3.01 4.09 5.16 6.30 7.43 8.54 9.65 10.67 11.69 12.58 13.47 14.20 14.93 15.50 16.08 16.52 16.96 17.29 17.63
61.94 61.79 61.63 61.19 60.74 60.03 59.32 58.39 57.46 56.34 55.23 53.96 52.68 51.25 49.81 48.19 46.57 44.73 42.89 40.81 38.73 36.44 34.15 31.71 29.28 26.80 24.32 21.91 19.50 17.26 15.02 13.01 11.01 9.25 7.50 6.01 4.51 3.25 1.99 0.94 -0.11 -0.95 -1.80 -2.43 -3.07 -3.49 -3.90 -4.07 -4.23 -4.12 -4.01 -3.62 -3.22 -2.55 -1.89 -0.99 -0.10 0.95 2.00 3.12 4.24 5.34 6.45 7.48 8.50 9.40 10.30 11.04 11.78 12.37 12.96 13.41 13.86 14.20 14.54
60.72 60.57 60.42 59.98 59.54 58.83 58.13 57.20 56.27 55.16 54.04 52.76 51.47 50.02 48.57 46.92 45.28 43.41 41.54 39.44 37.33 35.02 32.70 30.24 27.79 25.29 22.78 20.35 17.92 15.65 13.38 11.33 9.28 7.48 5.68 4.13 2.58 1.25 -0.08 -1.19 -2.31 -3.23 -4.15 -4.86 -5.57 -6.06 -6.55 -6.79 -7.02 -6.98 -6.94 -6.61 -6.28 -5.67 -5.06 -4.21 -3.37 -2.35 -1.34 -0.24 0.85 1.95 3.05 4.08 5.11 6.02 6.93 7.69 8.45 9.05 9.66 10.12 10.59 10.94 11.29
59.50 59.35 59.20 58.77 58.33 57.63 56.94 56.01 55.09 53.97 52.85 51.56 50.27 48.79 47.32 45.65 43.98 42.09 40.19 38.06 35.93 33.60 31.26 28.78 26.30 23.78 21.25 18.79 16.34 14.03 11.73 9.65 7.56 5.71 3.86 2.25 0.64 -0.75 -2.14 -3.33 -4.52 -5.51 -6.50 -7.28 -8.07 -8.63 -9.19 -9.50 -9.81 -9.84 -9.87 -9.60 -9.33 -8.78 -8.23 -7.43 -6.63 -5.66 -4.68 -3.60 -2.53 -1.44 -0.35 0.69 1.72 2.64 3.56 4.33 5.11 5.73 6.35 6.83 7.32 7.68 8.05
58.20 58.05 57.91 57.48 57.05 56.36 55.67 54.74 53.82 52.70 51.58 50.27 48.97 47.47 45.98 44.28 42.58 40.66 38.73 36.57 34.41 32.04 29.68 27.17 24.66 22.12 19.57 17.08 14.59 12.25 9.92 7.79 5.65 3.75 1.85 0.18 -1.49 -2.94 -4.40 -5.66 -6.91 -7.97 -9.03 -9.88 -10.73 -11.36 -11.99 -12.36 -12.73 -12.82 -12.91 -12.70 -12.49 -11.99 -11.50 -10.75 -10.00 -9.06 -8.12 -7.07 -6.03 -4.95 -3.87 -2.84 -1.81 -0.88 0.05 0.84 1.64 2.28 2.92 3.42 3.92 4.31 4.70
