test/esri_led_60/synt_tma_4800m_led_60.esri
nrows             510
ncols             462
xllcorner      398000.00
yllcorner     7846000.00
cellsize          500.00
NODATA_value    -9999
[rows 320 to 351 of 510, columns 72 to 143 of 462]
-41.89 -38.28 -34.66 -28.93 -23.19 -15.37 -7.55 1.56 10.67 19.66 28.65 36.16 43.67 49.13 54.59 58.34 62.10 64.80 67.50 69.53 71.57 73.10 74.64 75.77 76.91 77.44 77.98 77.31 76.63 74.26 71.88 67.77 63.65 57.83 52.00 44.22 36.44 26.65 16.86 5.86 -5.13 -15.70 -26.28 -34.82 -43.35 -49.06 -54.77 -58.00 -61.23 -62.73 -64.24 -64.52 -64.81 -64.15 -63.50 -62.32 -61.14 -59.88 -58.62 -57.53 -56.43 -55.49 -54.54 -53.56 -52.58 -51.18 -49.77 -47.44 -45.12 -41.62 -38.12 -33.71
-43.20 -39.55 -35.91 -30.12 -24.34 -16.44 -8.54 0.67 9.89 18.96 28.03 35.55 43.08 48.48 53.88 57.52 61.16 63.73 66.31 68.26 70.20 71.71 73.21 74.38 75.54 76.16 76.78 76.24 75.70 73.50 71.31 67.42 63.53 57.97 52.42 44.93 37.43 27.92 18.41 7.68 -3.04 -13.36 -23.68 -31.97 -40.26 -45.75 -51.24 -54.27 -57.31 -58.63 -59.95 -60.04 -60.12 -59.25 -58.37 -56.94 -55.51 -53.98 -52.45 -51.08 -49.71 -48.50 -47.29 -46.06 -44.83 -43.22 -41.60 -39.17 -36.73 -33.24 -29.75 -25.47
-43.44 -39.75 -36.05 -30.27 -24.49 -16.66 -8.83 0.26 9.36 18.28 27.20 34.57 41.94 47.18 52.42 55.89 59.36 61.77 64.18 66.00 67.83 69.27 70.72 71.88 73.04 73.70 74.37 73.94 73.51 71.51 69.52 65.90 62.29 57.08 51.87 44.77 37.68 28.63 19.57 9.35 -0.87 -10.70 -20.53 -28.42 -36.32 -41.54 -46.76 -49.61 -52.46 -53.64 -54.82 -54.77 -54.73 -53.73 -52.73 -51.17 -49.60 -47.91 -46.21 -44.62 -43.03 -41.55 -40.07 -38.54 -37.02 -35.16 -33.30 -30.75 -28.19 -24.75 -21.32 -17.24
-43.69 -39.94 -36.19 -30.42 -24.65 -16.89 -9.12 -0.15 8.83 17.61 26.38 33.59 40.80 45.88 50.95 54.25 57.55 59.80 62.05 63.75 65.45 66.84 68.22 69.38 70.54 71.25 71.96 71.64 71.33 69.52 67.72 64.39 61.06 56.19 51.32 44.62 37.92 29.33 20.74 11.02 1.31 -8.04 -17.39 -24.88 -32.38 -37.32 -42.27 -44.94 -47.61 -48.65 -49.68 -49.51 -49.34 -48.22 -47.10 -45.40 -43.70 -41.84 -39.97 -38.16 -36.34 -34.59 -32.84 -31.02 -29.21 -27.10 -25.00 -22.33 -19.65 -16.27 -12.89 -9.01
-42.98 -39.19 -35.39 -29.69 -23.98 -16.41 -8.84 -0.14 8.56 17.02 25.48 32.40 39.33 44.16 48.98 52.07 55.15 57.20 59.26 60.81 62.36 63.65 64.95 66.07 67.19 67.90 68.61 68.38 68.14 66.53 64.92 61.89 58.85 54.36 49.87 43.66 37.44 29.45 21.45 12.41 3.37 -5.31 -14.00 -20.96 -27.92 -32.52 -37.12 -39.59 -42.05 -42.94 -43.84 -43.56 -43.28 -42.09 -40.90 -39.14 -37.38 -35.40 -33.43 -31.44 -29.44 -27.43 -25.41 -23.30 -21.18 -18.82 -16.47 -13.70 -10.92 -7.65 -4.37 -0.78
-42.27 -38.43 -34.59 -28.95 -23.31 -15.93 -8.55 -0.13 8.28 16.43 24.58 31.22 37.85 42.43 47.02 49.88 52.74 54.60 56.46 57.86 59.26 60.47 61.68 62.76 63.85 64.56 65.27 65.12 64.96 63.54 62.12 59.38 56.65 52.54 48.43 42.70 36.96 29.56 22.16 13.80 5.43 -2.59 -10.61 -17.04 -23.47 -27.73 -31.98 -34.23 -36.48 -37.24 -37.99 -37.61 -37.23 -35.97 -34.70 -32.87 -31.05 -28.97 -26.89 -24.72 -22.54 -20.26 -17.99 -15.57 -13.15 -10.55 -7.94 -5.07 -2.20 0.97 4.14 7.44
-40.68 -36.83 -32.99 -27.50 -22.00 -14.90 -7.80 0.25 8.29 16.05 23.80 30.08 36.36 40.64 44.93 47.55 50.17 51.83 53.49 54.73 55.98 57.08 58.19 59.20 60.21 60.88 61.56 61.44 61.31 60.03 58.76 56.28 53.80 50.07 46.35 41.12 35.89 29.13 22.37 14.75 7.12 -0.17 -7.46 -13.27 -19.08 -22.89 -26.70 -28.67 -30.63 -31.18 -31.73 -31.20 -30.68 -29.32 -27.95 -26.05 -24.14 -21.96 -19.78 -17.43 -15.09 -12.58 -10.08 -7.40 -4.73 -1.93 0.87 3.78 6.68 9.67 12.65 15.61
-39.08 -35.24 -31.39 -26.04 -20.69 -13.87 -7.05 0.63 8.30 15.66 23.02 28.94 34.86 38.85 42.84 45.22 47.59 49.05 50.51 51.61 52.70 53.69 54.69 55.63 56.57 57.21 57.85 57.76 57.66 56.53 55.39 53.17 50.96 47.61 44.26 39.54 34.82 28.70 22.59 15.70 8.80 2.25 -4.30 -9.49 -14.69 -18.06 -21.43 -23.10 -24.77 -25.12 -25.47 -24.80 -24.13 -22.67 -21.21 -19.22 -17.23 -14.94 -12.66 -10.15 -7.64 -4.91 -2.17 0.76 3.69 6.69 9.68 12.62 15.55 18.36 21.17 23.78
-36.34 -32.58 -28.82 -23.72 -18.61 -12.18 -5.74 1.45 8.65 15.52 22.39 27.90 33.40 37.09 40.77 42.94 45.11 46.41 47.72 48.68 49.65 50.52 51.40 52.22 53.03 53.57 54.11 53.97 53.83 52.75 51.67 49.63 47.58 44.55 41.52 37.28 33.04 27.57 22.10 15.98 9.85 4.09 -1.68 -6.18 -10.68 -13.51 -16.34 -17.60 -18.87 -18.90 -18.94 -18.03 -17.12 -15.47 -13.83 -11.68 -9.54 -7.10 -4.65 -1.98 0.70 3.61 6.52 9.60 12.67 15.74 18.81 21.66 24.51 27.04 29.57 31.75
-33.59 -29.92 -26.25 -21.39 -16.53 -10.48 -4.44 2.28 8.99 15.38 21.77 26.86 31.95 35.33 38.71 40.66 42.62 43.77 44.93 45.76 46.60 47.35 48.11 48.80 49.50 49.93 50.37 50.19 50.01 48.98 47.95 46.08 44.21 41.49 38.77 35.01 31.26 26.43 21.61 16.26 10.90 5.92 0.94 -2.87 -6.68 -8.96 -11.24 -12.10 -12.96 -12.68 -12.41 -11.26 -10.11 -8.28 -6.45 -4.15 -1.85 0.75 3.35 6.20 9.04 12.12 15.20 18.43 21.66 24.79 27.93 30.70 33.46 35.71 37.97 39.72
-29.51 -26.02 -22.53 -18.01 -13.50 -7.97 -2.45 3.64 9.72 15.50 21.27 25.88 30.49 33.59 36.68 38.50 40.33 41.41 42.50 43.25 44.01 44.64 45.26 45.78 46.29 46.53 46.77 46.45 46.13 45.05 43.97 42.17 40.37 37.86 35.36 32.02 28.68 24.51 20.34 15.80 11.26 7.13 3.00 -0.04 -3.08 -4.72 -6.37 -6.70 -7.04 -6.34 -5.63 -4.14 -2.64 -0.53 1.57 4.12 6.67 9.50 12.33 15.35 18.37 21.55 24.73 27.98 31.22 34.29 37.36 39.91 42.46 44.33 46.19 47.42
-25.42 -22.11 -18.80 -14.64 -10.47 -5.46 -0.46 5.00 10.45 15.61 20.77 24.91 29.04 31.85 34.65 36.34 38.03 39.05 40.07 40.74 41.42 41.92 42.41 42.75 43.08 43.13 43.18 42.71 42.25 41.12 39.99 38.26 36.52 34.23 31.94 29.02 26.10 22.59 19.07 15.35 11.62 8.35 5.07 2.79 0.52 -0.48 -1.49 -1.30 -1.12 0.01 1.14 2.98 4.83 7.21 9.60 12.39 15.18 18.24 21.30 24.50 27.71 30.98 34.26 37.53 40.79 43.79 46.78 49.12 51.46 52.94 54.42 55.12
-20.33 -17.24 -14.15 -10.39 -6.62 -2.22 2.17 6.89 11.60 16.05 20.50 24.12 27.73 30.28 32.83 34.46 36.09 37.12 38.15 38.81 39.46 39.84 40.21 40.33 40.44 40.23 40.02 39.33 38.64 37.38 36.11 34.35 32.59 30.42 28.25 25.68 23.12 20.23 17.35 14.46 11.57 9.17 6.77 5.31 3.84 3.52 3.20 3.96 4.73 6.36 7.99 10.24 12.49 15.20 17.92 21.01 24.10 27.43 30.76 34.14 37.52 40.83 44.15 47.33 50.52 53.35 56.19 58.25 60.30 61.32 62.34 62.47
-15.23 -12.36 -9.49 -6.13 -2.77 1.01 4.80 8.78 12.76 16.49 20.23 23.33 26.42 28.71 31.00 32.57 34.15 35.19 36.24 36.87 37.50 37.75 38.00 37.90 37.80 37.33 36.86 35.95 35.03 33.64 32.24 30.44 28.65 26.60 24.55 22.34 20.13 17.88 15.63 13.57 11.52 10.00 8.48 7.82 7.15 7.52 7.88 9.23 10.58 12.71 14.84 17.49 20.15 23.19 26.24 29.63 33.01 36.61 40.22 43.78 47.34 50.68 54.03 57.14 60.24 62.92 65.60 67.37 69.15 69.71 70.27 69.83
-9.80 -7.09 -4.39 -1.41 1.57 4.74 7.92 11.14 14.35 17.36 20.37 22.94 25.51 27.56 29.61 31.17 32.74 33.86 34.98 35.64 36.30 36.45 36.61 36.30 35.99 35.25 34.51 33.35 32.18 30.60 29.03 27.15 25.27 23.28 21.29 19.38 17.46 15.79 14.11 12.83 11.54 10.85 10.15 10.24 10.33 11.33 12.34 14.23 16.13 18.72 21.31 24.34 27.37 30.71 34.05 37.69 41.34 45.18 49.02 52.72 56.41 59.74 63.07 66.06 69.04 71.54 74.05 75.55 77.05 77.19 77.34 76.39
-4.37 -1.83 0.71 3.31 5.91 8.47 11.03 13.49 15.95 18.23 20.50 22.55 24.60 26.41 28.22 29.77 31.32 32.52 33.72 34.40 35.09 35.15 35.21 34.69 34.17 33.16 32.16 30.75 29.33 27.57 25.82 23.85 21.89 19.96 18.03 16.42 14.80 13.69 12.59 12.08 11.57 11.70 11.82 12.66 13.50 15.15 16.79 19.23 21.67 24.73 27.78 31.19 34.59 38.22 41.85 45.76 49.67 53.75 57.82 61.66 65.49 68.80 72.11 74.98 77.84 80.17 82.50 83.72 84.95 84.68 84.40 82.95
0.87 3.40 5.93 8.24 10.56 12.56 14.56 16.29 18.01 19.57 21.14 22.68 24.21 25.80 27.39 28.95 30.52 31.83 33.14 33.90 34.65 34.67 34.69 34.00 33.32 32.09 30.86 29.22 27.58 25.64 23.70 21.64 19.59 17.70 15.82 14.45 13.08 12.46 11.84 11.97 12.11 12.92 13.74 15.20 16.66 18.80 20.95 23.78 26.62 29.98 33.34 36.97 40.60 44.40 48.19 52.22 56.26 60.44 64.62 68.49 72.36 75.61 78.86 81.59 84.32 86.49 88.66 89.69 90.72 90.18 89.64 87.91
6.12 8.63 11.14 13.17 15.20 16.65 18.09 19.08 20.07 20.92 21.77 22.80 23.82 25.19 26.55 28.13 29.71 31.14 32.56 33.39 34.22 34.19 34.16 33.31 32.46 31.01 29.55 27.69 25.82 23.71 21.59 19.43 17.28 15.44 13.60 12.49 11.37 11.23 11.09 11.87 12.65 14.15 15.66 17.73 19.81 22.46 25.11 28.33 31.56 35.23 38.90 42.76 46.62 50.57 54.53 58.69 62.85 67.14 71.42 75.32 79.23 82.41 85.60 88.20 90.80 92.81 94.83 95.65 96.48 95.68 94.88 92.86
10.97 13.67 16.37 18.25 20.14 21.09 22.03 22.31 22.58 22.70 22.83 23.35 23.86 25.02 26.17 27.80 29.42 31.00 32.58 33.52 34.47 34.44 34.40 33.45 32.49 30.86 29.24 27.19 25.14 22.87 20.59 18.36 16.12 14.33 12.53 11.63 10.73 10.98 11.22 12.52 13.81 15.85 17.89 20.43 22.96 25.92 28.88 32.28 35.68 39.44 43.19 47.08 50.97 54.91 58.84 62.95 67.07 71.27 75.48 79.30 83.12 86.20 89.29 91.77 94.25 96.14 98.02 98.75 99.47 98.62 97.77 95.76
15.83 18.71 21.60 23.33 25.07 25.53 25.98 25.53 25.08 24.49 23.89 23.90 23.90 24.85 25.79 27.46 29.13 30.86 32.60 33.66 34.72 34.68 34.65 33.58 32.51 30.72 28.93 26.69 24.46 22.03 19.60 17.28 14.96 13.21 11.46 10.78 10.10 10.73 11.36 13.17 14.97 17.55 20.13 23.12 26.11 29.38 32.65 36.23 39.80 43.65 47.49 51.40 55.32 59.24 63.16 67.22 71.28 75.41 79.54 83.27 87.01 89.99 92.98 95.34 97.70 99.46 101.22 101.84 102.46 101.57 100.67 98.66
20.26 23.51 26.76 28.48 30.21 30.22 30.23 29.06 27.89 26.55 25.21 24.69 24.17 24.92 25.67 27.41 29.16 31.08 33.00 34.19 35.39 35.37 35.34 34.18 33.01 31.08 29.15 26.77 24.39 21.82 19.26 16.86 14.47 12.76 11.06 10.56 10.06 11.01 11.96 14.18 16.39 19.39 22.39 25.69 28.99 32.39 35.79 39.35 42.91 46.65 50.40 54.17 57.95 61.71 65.46 69.33 73.20 77.15 81.09 84.67 88.25 91.13 94.01 96.29 98.57 100.27 101.96 102.60 103.24 102.48 101.72 99.94
24.68 28.30 31.93 33.63 35.34 34.91 34.48 32.59 30.69 28.61 26.53 25.49 24.44 25.00 25.55 27.36 29.18 31.29 33.40 34.73 36.06 36.05 36.03 34.78 33.52 31.45 29.38 26.85 24.32 21.62 18.91 16.45 13.98 12.32 10.66 10.34 10.03 11.30 12.56 15.19 17.81 21.23 24.65 28.26 31.87 35.40 38.94 42.48 46.02 49.66 53.30 56.95 60.59 64.18 67.76 71.45 75.13 78.89 82.64 86.07 89.49 92.26 95.03 97.23 99.43 101.07 102.71 103.37 104.02 103.40 102.78 101.22
28.49 32.58 36.67 38.45 40.24 39.44 38.65 36.08 33.51 30.72 27.93 26.38 24.82 25.17 25.51 27.37 29.23 31.48 33.73 35.16 36.58 36.53 36.49 35.11 33.73 31.52 29.31 26.65 24.00 21.19 18.38 15.87 13.35 11.74 10.13 9.98 9.82 11.35 12.87 15.82 18.77 22.49 26.22 30.01 33.81 37.34 40.88 44.28 47.68 51.12 54.56 57.99 61.41 64.77 68.13 71.59 75.04 78.61 82.17 85.47 88.77 91.48 94.19 96.38 98.58 100.27 101.96 102.76 103.56 103.18 102.81 101.58
32.31 36.86 41.41 43.28 45.14 43.97 42.81 39.57 36.33 32.83 29.34 27.27 25.20 25.34 25.47 27.38 29.28 31.68 34.07 35.59 37.10 37.02 36.94 35.44 33.94 31.59 29.24 26.46 23.68 20.77 17.85 15.29 12.72 11.16 9.60 9.61 9.62 11.40 13.18 16.45 19.72 23.75 27.78 31.77 35.75 39.28 42.82 46.08 49.34 52.58 55.82 59.03 62.24 65.36 68.49 71.72 74.95 78.33 81.71 84.88 88.05 90.70 93.35 95.53 97.72 99.46 101.21 102.15 103.09 102.96 102.84 101.94
35.22 40.19 45.16 47.13 49.10 47.69 46.28 42.55 38.81 34.76 30.70 28.19 25.68 25.56 25.43 27.23 29.04 31.40 33.77 35.23 36.69 36.49 36.28 34.62 32.95 30.45 27.94 25.05 22.16 19.20 16.24 13.70 11.16 9.70 8.24 8.40 8.56 10.53 12.51 15.98 19.45 23.64 27.83 31.87 35.90 39.35 42.79 45.85 48.91 51.92 54.92 57.90 60.88 63.80 66.73 69.79 72.85 76.11 79.38 82.51 85.64 88.33 91.02 93.32 95.62 97.55 99.47 100.65 101.84 102.03 102.22 101.68
38.14 43.53 48.92 50.99 53.07 51.42 49.76 45.53 41.29 36.68 32.07 29.11 26.15 25.77 25.39 27.09 28.79 31.13 33.46 34.87 36.28 35.95 35.62 33.79 31.96 29.30 26.65 23.65 20.65 17.64 14.64 12.12 9.61 8.24 6.87 7.18 7.50 9.67 11.84 15.51 19.18 23.53 27.88 31.97 36.05 39.41 42.77 45.63 48.49 51.26 54.03 56.77 59.52 62.24 64.96 67.85 70.75 73.90 77.05 80.14 83.23 85.97 88.70 91.11 93.53 95.63 97.73 99.16 100.59 101.09 101.59 101.42
40.01 45.68 51.36 53.53 55.71 53.93 52.16 47.65 43.15 38.19 33.23 29.93 26.62 25.92 25.21 26.62 28.03 30.10 32.17 33.33 34.49 33.94 33.39 31.34 29.29 26.45 23.61 20.52 17.42 14.45 11.47 9.09 6.70 5.50 4.30 4.78 5.25 7.54 9.83 13.57 17.31 21.66 26.00 30.01 34.01 37.22 40.43 43.08 45.72 48.25 50.78 53.32 55.87 58.47 61.07 63.90 66.74 69.88 73.02 76.18 79.35 82.25 85.15 87.81 90.47 92.85 95.24 96.98 98.72 99.56 100.40 100.58
41.88 47.84 53.80 56.07 58.34 56.45 54.56 49.78 45.00 39.69 34.39 30.74 27.09 26.06 25.03 26.15 27.27 29.07 30.87 31.79 32.71 31.93 31.15 28.89 26.62 23.60 20.57 17.38 14.20 11.25 8.31 6.05 3.79 2.76 1.73 2.37 3.00 5.42 7.83 11.64 15.44 19.78 24.12 28.05 31.98 35.03 38.09 40.52 42.96 45.24 47.52 49.87 52.21 54.69 57.17 59.95 62.74 65.87 69.00 72.23 75.46 78.53 81.60 84.51 87.41 90.08 92.75 94.79 96.84 98.03 99.21 99.73
42.80 48.92 55.04 57.37 59.70 57.76 55.82 50.90 45.98 40.49 34.99 31.09 27.18 25.83 24.48 25.21 25.95 27.35 28.75 29.30 29.85 28.76 27.67 25.13 22.59 19.34 16.09 12.81 9.53 6.66 3.80 1.75 -0.31 -1.13 -1.94 -1.15 -0.36 2.12 4.60 8.38 12.16 16.39 20.61 24.39 28.16 31.03 33.91 36.14 38.37 40.45 42.52 44.74 46.95 49.42 51.89 54.74 57.59 60.83 64.06 67.45 70.84 74.16 77.49 80.72 83.95 86.94 89.93 92.29 94.64 96.13 97.62 98.42
43.72 50.00 56.27 58.66 61.06 59.07 57.08 52.03 46.97 41.28 35.59 31.43 27.28 25.60 23.93 24.27 24.62 25.62 26.62 26.80 26.99 25.59 24.18 21.36 18.55 15.08 11.61 8.23 4.86 2.08 -0.71 -2.56 -4.41 -5.02 -5.62 -4.67 -3.73 -1.17 1.38 5.13 8.87 12.99 17.11 20.72 24.34 27.03 29.73 31.76 33.78 35.65 37.52 39.60 41.68 44.14 46.60 49.52 52.45 55.78 59.12 62.67 66.22 69.80 73.38 76.93 80.49 83.80 87.12 89.78 92.45 94.23 96.02 97.11
43.68 49.94 56.20 58.58 60.96 58.93 56.91 51.79 46.67 40.91 35.14 30.85 26.57 24.67 22.77 22.79 22.81 23.43 24.06 23.87 23.69 21.94 20.20 17.07 13.95 10.24 6.53 3.06 -0.42 -3.11 -5.80 -7.45 -9.10 -9.51 -9.91 -8.84 -7.78 -5.21 -2.64 1.03 4.69 8.66 12.62 16.06 19.50 22.04 24.58 26.46 28.34 30.10 31.87 33.93 36.00 38.58 41.15 44.26 47.37 50.91 54.45 58.21 61.96 65.79 69.63 73.45 77.27 80.83 84.39 87.25 90.12 92.06 94.01 95.22
43.64 49.89 56.13 58.50 60.87 58.80 56.73 51.55 46.38 40.53 34.69 30.28 25.86 23.73 21.61 21.30 21.00 21.25 21.50 20.94 20.39 18.30 16.21 12.79 9.36 5.40 1.45 -2.12 -5.69 -8.30 -10.90 -12.35 -13.79 -14.00 -14.20 -13.02 -11.83 -9.24 -6.66 -3.07 0.51 4.32 8.14 11.40 14.67 17.05 19.43 21.17 22.90 24.56 26.21 28.27 30.32 33.01 35.70 39.00 42.30 46.04 49.77 53.74 57.71 61.79 65.87 69.96 74.05 77.86 81.66 84.73 87.79 89.89 92.00 93.34
