test/esri_led_60/synt_tma_3600m_led_60.esri
nrows             510
ncols             462
xllcorner      398000.00
yllcorner     7846000.00
cellsize          500.00
NODATA_value    -9999
[rows 288 to 319 of 510, columns 365 to 437 of 462]
-20.12 -20.65 -20.94 -21.22 -21.20 -21.19 -20.87 -20.56 -20.02 -19.49 -18.86 -18.24 -17.70 -17.16 -16.85 -16.54 -16.49 -16.45 -16.56 -16.67 -16.72 -16.78 -16.58 -16.39 -15.84 -15.30 -14.40 -13.50 -12.31 -11.11 -9.71 -8.31 -6.86 -5.40 -4.13 -2.85 -2.05 -1.25 -1.14 -1.03 -1.56 -2.08 -2.88 -3.68 -4.24 -4.81 -4.73 -4.66 -3.77 -2.88 -1.25 0.38 2.47 4.56 6.72 8.88 10.79 12.71 14.20 15.68 16.68 17.67 18.15 18.62 18.68 18.73 18.60 18.47 18.42 18.37 18.53 18.68 18.88
-21.31 -21.88 -22.20 -22.52 -22.52 -22.52 -22.20 -21.88 -21.31 -20.73 -20.04 -19.34 -18.69 -18.03 -17.57 -17.11 -16.87 -16.64 -16.52 -16.41 -16.21 -16.02 -15.56 -15.11 -14.31 -13.51 -12.40 -11.29 -9.97 -8.64 -7.21 -5.79 -4.43 -3.06 -1.98 -0.90 -0.36 0.19 0.02 -0.14 -0.94 -1.73 -2.79 -3.84 -4.66 -5.47 -5.64 -5.82 -5.17 -4.52 -3.09 -1.67 0.28 2.24 4.38 6.51 8.52 10.52 12.18 13.84 15.00 16.16 16.73 17.30 17.29 17.28 16.88 16.48 15.93 15.37 14.78 14.18 13.45
-21.24 -21.77 -22.05 -22.34 -22.30 -22.27 -21.91 -21.54 -20.92 -20.30 -19.53 -18.76 -18.00 -17.24 -16.62 -16.00 -15.55 -15.10 -14.71 -14.33 -13.82 -13.31 -12.53 -11.74 -10.62 -9.50 -8.12 -6.74 -5.26 -3.77 -2.36 -0.95 0.20 1.35 2.06 2.76 2.85 2.93 2.29 1.65 0.41 -0.82 -2.26 -3.71 -4.85 -5.99 -6.41 -6.84 -6.37 -5.90 -4.59 -3.27 -1.34 0.58 2.77 4.96 7.09 9.22 11.06 12.89 14.23 15.57 16.27 16.97 17.00 17.03 16.53 16.03 15.20 14.37 13.31 12.26 10.92
-21.17 -21.66 -21.91 -22.16 -22.09 -22.02 -21.61 -21.21 -20.54 -19.86 -19.03 -18.19 -17.32 -16.45 -15.67 -14.89 -14.22 -13.55 -12.90 -12.24 -11.43 -10.61 -9.49 -8.38 -6.94 -5.50 -3.84 -2.19 -0.55 1.10 2.50 3.89 4.83 5.77 6.10 6.43 6.05 5.67 4.55 3.44 1.76 0.09 -1.74 -3.57 -5.04 -6.50 -7.18 -7.87 -7.58 -7.29 -6.08 -4.87 -2.97 -1.07 1.17 3.41 5.67 7.93 9.93 11.94 13.46 14.98 15.81 16.64 16.71 16.77 16.17 15.57 14.47 13.37 11.85 10.33 8.38
-20.03 -20.44 -20.61 -20.79 -20.63 -20.47 -19.99 -19.50 -18.75 -18.00 -17.07 -16.14 -15.15 -14.16 -13.20 -12.24 -11.34 -10.43 -9.48 -8.52 -7.36 -6.20 -4.71 -3.23 -1.43 0.37 2.33 4.28 6.10 7.93 9.28 10.63 11.27 11.91 11.73 11.55 10.56 9.57 7.85 6.13 3.90 1.67 -0.63 -2.92 -4.75 -6.59 -7.52 -8.45 -8.29 -8.13 -6.94 -5.75 -3.81 -1.87 0.46 2.79 5.17 7.55 9.70 11.85 13.51 15.17 16.12 17.07 17.21 17.34 16.75 16.15 14.95 13.74 11.99 10.24 7.95
-18.90 -19.23 -19.32 -19.41 -19.17 -18.93 -18.36 -17.79 -16.96 -16.13 -15.12 -14.10 -12.98 -11.87 -10.73 -9.60 -8.45 -7.31 -6.05 -4.80 -3.30 -1.79 0.06 1.92 4.08 6.24 8.50 10.76 12.75 14.75 16.06 17.37 17.70 18.04 17.36 16.67 15.08 13.48 11.15 8.82 6.04 3.26 0.49 -2.28 -4.47 -6.67 -7.85 -9.03 -9.00 -8.96 -7.80 -6.64 -4.65 -2.67 -0.25 2.17 4.68 7.18 9.47 11.76 13.56 15.37 16.43 17.50 17.71 17.92 17.32 16.73 15.42 14.12 12.13 10.14 7.51
-17.19 -17.42 -17.41 -17.40 -17.04 -16.68 -15.98 -15.28 -14.31 -13.35 -12.18 -11.02 -9.73 -8.43 -7.09 -5.74 -4.34 -2.94 -1.40 0.15 1.98 3.81 6.00 8.19 10.68 13.17 15.71 18.25 20.40 22.55 23.79 25.03 25.04 25.05 23.83 22.61 20.38 18.16 15.20 12.25 8.91 5.57 2.34 -0.88 -3.43 -5.97 -7.36 -8.75 -8.80 -8.84 -7.66 -6.48 -4.43 -2.37 0.12 2.62 5.18 7.75 10.09 12.42 14.27 16.11 17.21 18.31 18.55 18.78 18.20 17.62 16.28 14.95 12.87 10.78 7.99
-15.47 -15.62 -15.50 -15.39 -14.91 -14.43 -13.60 -12.77 -11.67 -10.56 -9.25 -7.93 -6.47 -5.00 -3.44 -1.88 -0.23 1.42 3.26 5.09 7.25 9.40 11.93 14.47 17.29 20.11 22.92 25.74 28.04 30.34 31.51 32.69 32.37 32.06 30.30 28.55 25.69 22.84 19.26 15.68 11.78 7.89 4.20 0.51 -2.38 -5.27 -6.87 -8.47 -8.60 -8.72 -7.52 -6.32 -4.20 -2.08 0.49 3.06 5.68 8.31 10.70 13.09 14.97 16.85 17.98 19.12 19.38 19.65 19.08 18.51 17.14 15.78 13.60 11.42 8.47
-13.75 -13.84 -13.63 -13.42 -12.79 -12.16 -11.13 -10.10 -8.75 -7.41 -5.84 -4.26 -2.53 -0.80 1.03 2.85 4.75 6.66 8.73 10.81 13.20 15.59 18.35 21.11 24.15 27.18 30.18 33.17 35.55 37.93 39.01 40.10 39.49 38.89 36.68 34.48 31.10 27.73 23.64 19.55 15.21 10.87 6.83 2.78 -0.36 -3.51 -5.25 -6.99 -7.15 -7.31 -6.08 -4.86 -2.70 -0.54 2.03 4.60 7.17 9.73 12.01 14.30 16.05 17.81 18.83 19.85 20.03 20.21 19.58 18.95 17.54 16.14 13.92 11.70 8.71
-12.03 -12.07 -11.76 -11.45 -10.67 -9.88 -8.65 -7.42 -5.84 -4.26 -2.43 -0.60 1.41 3.41 5.50 7.59 9.74 11.89 14.21 16.53 19.15 21.78 24.77 27.76 31.01 34.26 37.43 40.60 43.06 45.52 46.51 47.51 46.61 45.72 43.06 40.41 36.51 32.62 28.02 23.43 18.65 13.86 9.46 5.05 1.66 -1.74 -3.62 -5.51 -5.71 -5.91 -4.65 -3.39 -1.20 1.00 3.57 6.14 8.65 11.16 13.33 15.51 17.14 18.77 19.68 20.59 20.68 20.77 20.08 19.39 17.94 16.50 14.24 11.99 8.95
-10.83 -10.85 -10.44 -10.04 -9.06 -8.08 -6.55 -5.01 -3.05 -1.09 1.16 3.41 5.81 8.21 10.62 13.03 15.42 17.80 20.26 22.72 25.41 28.11 31.14 34.16 37.44 40.71 43.90 47.08 49.51 51.93 52.82 53.70 52.60 51.49 48.55 45.62 41.41 37.19 32.31 27.42 22.39 17.36 12.78 8.19 4.68 1.16 -0.78 -2.73 -2.94 -3.15 -1.89 -0.63 1.54 3.70 6.16 8.62 10.92 13.22 15.11 17.00 18.32 19.65 20.28 20.91 20.78 20.66 19.81 18.96 17.42 15.88 13.60 11.31 8.32
-9.62 -9.63 -9.13 -8.63 -7.45 -6.27 -4.44 -2.61 -0.26 2.08 4.75 7.42 10.21 13.01 15.74 18.48 21.09 23.71 26.30 28.90 31.67 34.45 37.51 40.57 43.87 47.17 50.36 53.55 55.95 58.35 59.12 59.90 58.59 57.27 54.05 50.82 46.30 41.77 36.59 31.41 26.14 20.87 16.10 11.33 7.69 4.06 2.06 0.06 -0.17 -0.39 0.87 2.13 4.27 6.41 8.76 11.11 13.20 15.28 16.89 18.49 19.51 20.53 20.88 21.24 20.89 20.54 19.53 18.53 16.89 15.26 12.95 10.64 7.69
-9.29 -9.32 -8.69 -8.07 -6.60 -5.14 -2.85 -0.57 2.35 5.27 8.56 11.84 15.18 18.52 21.64 24.75 27.54 30.33 32.91 35.49 38.10 40.71 43.55 46.38 49.44 52.50 55.48 58.47 60.70 62.94 63.59 64.24 62.82 61.40 58.10 54.79 50.21 45.63 40.43 35.22 29.95 24.68 19.92 15.16 11.54 7.92 5.92 3.92 3.68 3.44 4.65 5.86 7.87 9.89 12.01 14.13 15.87 17.61 18.78 19.95 20.53 21.11 21.08 21.05 20.40 19.75 18.53 17.31 15.56 13.80 11.49 9.17 6.31
-8.96 -9.01 -8.26 -7.51 -5.75 -4.00 -1.26 1.47 4.97 8.47 12.37 16.26 20.15 24.03 27.53 31.03 33.99 36.95 39.51 42.07 44.53 46.98 49.59 52.19 55.01 57.83 60.61 63.38 65.46 67.53 68.06 68.58 67.06 65.54 62.15 58.76 54.13 49.49 44.26 39.03 33.76 28.48 23.74 18.99 15.38 11.78 9.78 7.79 7.53 7.27 8.43 9.58 11.48 13.37 15.26 17.15 18.54 19.93 20.67 21.41 21.55 21.69 21.27 20.86 19.91 18.96 17.53 16.10 14.22 12.35 10.02 7.69 4.94
-9.73 -9.80 -8.84 -7.88 -5.68 -3.48 -0.08 3.32 7.63 11.94 16.69 21.43 26.02 30.61 34.54 38.46 41.50 44.53 46.85 49.16 51.14 53.13 55.16 57.19 59.44 61.69 63.99 66.29 68.04 69.79 70.17 70.54 69.04 67.54 64.31 61.07 56.69 52.30 47.35 42.39 37.37 32.35 27.79 23.24 19.75 16.26 14.29 12.32 12.00 11.67 12.67 13.66 15.31 16.96 18.50 20.05 21.00 21.94 22.20 22.45 22.13 21.81 21.01 20.22 19.00 17.77 16.17 14.58 12.64 10.70 8.40 6.11 3.49
-10.51 -10.59 -9.42 -8.25 -5.61 -2.97 1.10 5.16 10.29 15.42 21.01 26.60 31.89 37.19 41.54 45.89 49.00 52.11 54.18 56.25 57.76 59.28 60.73 62.19 63.87 65.54 67.37 69.19 70.62 72.05 72.28 72.50 71.02 69.54 66.47 63.39 59.25 55.11 50.43 45.75 40.98 36.21 31.85 27.49 24.12 20.75 18.80 16.86 16.46 16.06 16.90 17.74 19.15 20.55 21.75 22.95 23.45 23.96 23.73 23.49 22.71 21.93 20.75 19.58 18.09 16.59 14.82 13.06 11.05 9.04 6.79 4.53 2.04
-12.46 -12.48 -10.95 -9.42 -6.12 -2.82 2.17 7.15 13.38 19.60 26.29 32.97 39.14 45.31 50.11 54.90 57.94 60.98 62.51 64.04 64.70 65.36 65.83 66.30 67.02 67.74 68.77 69.79 70.70 71.60 71.64 71.69 70.36 69.04 66.40 63.76 60.20 56.64 52.55 48.45 44.18 39.91 35.91 31.90 28.71 25.52 23.57 21.62 21.05 20.47 21.00 21.53 22.53 23.53 24.28 25.03 25.07 25.11 24.44 23.77 22.62 21.48 20.06 18.63 17.02 15.40 13.61 11.82 9.88 7.93 5.80 3.66 1.34
-14.41 -14.38 -12.49 -10.59 -6.63 -2.67 3.24 9.15 16.47 23.79 31.57 39.35 46.39 53.43 58.67 63.91 66.88 69.85 70.84 71.83 71.63 71.44 70.92 70.40 70.17 69.93 70.16 70.39 70.77 71.15 71.01 70.87 69.71 68.55 66.34 64.14 61.15 58.17 54.66 51.16 47.39 43.61 39.96 36.31 33.30 30.29 28.34 26.38 25.63 24.88 25.09 25.31 25.91 26.51 26.81 27.11 26.68 26.26 25.15 24.04 22.53 21.03 19.36 17.69 15.95 14.20 12.40 10.59 8.70 6.82 4.81 2.80 0.64
-17.16 -16.95 -14.50 -12.05 -7.18 -2.32 4.78 11.87 20.56 29.24 38.36 47.47 55.52 63.58 69.25 74.93 77.64 80.35 80.47 80.59 79.14 77.69 75.77 73.85 72.27 70.70 69.81 68.93 68.57 68.21 67.85 67.48 66.62 65.76 64.26 62.75 60.66 58.56 55.91 53.26 50.18 47.09 43.90 40.71 37.90 35.08 33.06 31.04 29.97 28.91 28.64 28.37 28.42 28.48 28.26 28.04 27.19 26.35 24.93 23.52 21.84 20.16 18.45 16.75 15.10 13.46 11.84 10.22 8.56 6.90 5.11 3.32 1.34
-19.91 -19.52 -16.51 -13.50 -7.73 -1.97 6.32 14.60 24.65 34.70 45.14 55.58 64.65 73.72 79.83 85.94 88.39 90.85 90.10 89.36 86.65 83.94 80.62 77.30 74.38 71.46 69.47 67.47 66.38 65.28 64.68 64.09 63.53 62.97 62.17 61.37 60.16 58.95 57.16 55.37 52.97 50.58 47.84 45.11 42.49 39.88 37.78 35.69 34.32 32.94 32.19 31.43 30.94 30.44 29.71 28.97 27.70 26.43 24.71 22.99 21.14 19.29 17.55 15.81 14.26 12.71 11.28 9.85 8.42 6.99 5.42 3.84 2.04
-22.45 -21.71 -17.92 -14.14 -7.25 -0.37 9.30 18.97 30.55 42.14 54.04 65.94 76.07 86.20 92.67 99.15 101.14 103.14 101.24 99.34 95.05 90.76 85.73 80.70 76.18 71.65 68.33 65.02 63.05 61.09 60.24 59.38 59.21 59.04 59.11 59.18 59.03 58.87 58.06 57.26 55.61 53.96 51.68 49.40 46.93 44.47 42.22 39.97 38.16 36.36 35.02 33.67 32.56 31.45 30.22 28.99 27.41 25.83 24.00 22.16 20.36 18.56 17.02 15.48 14.25 13.02 11.98 10.93 9.86 8.79 7.50 6.20 4.56
-24.99 -23.89 -19.33 -14.77 -6.77 1.23 12.28 23.34 36.46 49.57 62.94 76.30 87.48 98.67 105.51 112.35 113.90 115.44 112.38 109.32 103.45 97.58 90.84 84.10 77.97 71.85 67.20 62.56 59.73 56.90 55.79 54.68 54.90 55.11 56.05 56.99 57.89 58.80 58.97 59.14 58.24 57.35 55.52 53.70 51.38 49.06 46.65 44.24 42.01 39.78 37.84 35.91 34.18 32.46 30.73 29.00 27.12 25.23 23.28 21.33 19.58 17.83 16.49 15.16 14.25 13.33 12.67 12.00 11.30 10.59 9.58 8.56 7.08
-25.85 -24.16 -18.64 -13.11 -3.86 5.39 17.89 30.39 45.02 59.65 74.37 89.10 101.22 113.33 120.37 127.41 128.31 129.22 124.83 120.44 112.84 105.25 96.72 88.18 80.42 72.65 66.68 60.72 57.04 53.36 52.01 50.65 51.26 51.86 53.64 55.42 57.32 59.22 60.28 61.33 61.06 60.78 59.27 57.76 55.45 53.15 50.49 47.82 45.12 42.42 39.90 37.38 35.12 32.86 30.78 28.69 26.69 24.69 22.85 21.02 19.56 18.10 17.17 16.24 15.82 15.39 15.22 15.04 14.75 14.46 13.71 12.97 11.58
-26.71 -24.44 -17.94 -11.45 -0.95 9.56 23.50 37.43 53.57 69.72 85.81 101.91 114.95 127.99 135.23 142.46 142.73 143.00 137.27 131.55 122.24 112.93 102.60 92.27 82.86 73.45 66.16 58.87 54.34 49.81 48.22 46.63 47.62 48.61 51.23 53.84 56.74 59.64 61.58 63.53 63.87 64.21 63.01 61.82 59.53 57.24 54.32 51.40 48.23 45.05 41.96 38.86 36.06 33.27 30.82 28.38 26.27 24.15 22.43 20.71 19.54 18.36 17.85 17.33 17.39 17.45 17.77 18.08 18.21 18.34 17.85 17.37 16.08
-24.68 -21.56 -13.94 -6.32 5.47 17.25 32.52 47.78 65.17 82.57 99.68 116.80 130.41 144.02 151.18 158.34 157.82 157.31 150.24 143.17 132.23 121.29 109.34 97.39 86.56 75.74 67.36 58.98 53.79 48.60 46.85 45.09 46.38 47.68 50.92 54.16 57.76 61.37 63.89 66.41 67.08 67.74 66.59 65.45 62.99 60.52 57.26 54.00 50.39 46.77 43.24 39.70 36.58 33.46 30.91 28.36 26.40 24.43 23.08 21.73 21.07 20.41 20.46 20.51 21.13 21.75 22.56 23.38 23.87 24.36 24.06 23.76 22.44
-22.65 -18.67 -9.93 -1.19 11.88 24.95 41.54 58.13 76.77 95.42 113.55 131.68 145.86 160.05 167.13 174.22 172.92 171.62 163.20 154.79 142.22 129.66 116.09 102.51 90.27 78.02 68.56 59.09 53.24 47.39 45.47 43.55 45.15 46.75 50.61 54.47 58.78 63.10 66.20 69.29 70.28 71.27 70.18 69.08 66.44 63.80 60.20 56.60 52.55 48.50 44.52 40.54 37.10 33.66 31.00 28.34 26.53 24.72 23.74 22.76 22.60 22.45 23.07 23.69 24.87 26.05 27.36 28.67 29.53 30.39 30.27 30.15 28.80
-17.59 -12.52 -2.58 7.36 21.62 35.88 53.53 71.18 90.64 110.09 128.72 147.34 161.62 175.90 182.60 189.30 187.13 184.96 175.32 165.68 151.77 137.87 123.05 108.24 95.00 81.76 71.63 61.49 55.30 49.12 47.17 45.21 47.02 48.82 53.02 57.21 61.84 66.47 69.74 73.01 73.95 74.89 73.55 72.21 69.20 66.18 62.19 58.19 53.81 49.42 45.23 41.04 37.56 34.08 31.61 29.14 27.75 26.36 25.98 25.60 26.13 26.65 27.91 29.16 30.88 32.60 34.31 36.02 37.12 38.21 38.14 38.06 36.55
-12.53 -6.37 4.77 15.90 31.36 46.82 65.52 84.23 104.50 124.77 143.88 163.00 177.38 191.75 198.07 204.39 201.35 198.31 187.44 176.57 161.32 146.07 130.01 113.96 99.73 85.50 74.70 63.89 57.37 50.84 48.86 46.88 48.89 50.90 55.42 59.94 64.89 69.84 73.28 76.72 77.62 78.52 76.92 75.33 71.95 68.56 64.17 59.78 55.06 50.35 45.94 41.54 38.03 34.51 32.23 29.94 28.97 28.00 28.23 28.45 29.65 30.84 32.74 34.64 36.89 39.14 41.25 43.36 44.70 46.03 46.00 45.96 44.29
-5.72 1.65 13.90 26.16 42.57 58.97 78.33 97.69 118.24 138.80 157.86 176.92 190.95 204.99 210.68 216.38 212.47 208.55 196.69 184.83 168.64 152.46 135.69 118.91 104.26 89.60 78.64 67.69 61.23 54.77 52.95 51.13 53.30 55.48 60.09 64.71 69.64 74.57 77.83 81.10 81.63 82.17 80.10 78.02 74.15 70.28 65.52 60.76 55.88 50.99 46.63 42.27 39.00 35.73 33.89 32.05 31.70 31.34 32.28 33.23 35.12 37.02 39.49 41.96 44.59 47.23 49.54 51.86 53.25 54.64 54.50 54.36 52.42
1.09 9.66 23.04 36.43 53.78 71.13 91.14 111.15 131.99 152.83 171.83 190.84 204.53 218.22 223.30 228.37 223.59 218.80 205.94 193.08 175.97 158.85 141.36 123.87 108.78 93.70 82.59 71.48 65.09 58.69 57.04 55.38 57.72 60.05 64.77 69.48 74.39 79.30 82.39 85.47 85.65 85.83 83.27 80.71 76.35 71.99 66.87 61.74 56.69 51.63 47.32 43.00 39.98 36.96 35.56 34.16 34.42 34.68 36.34 38.00 40.60 43.20 46.24 49.27 52.29 55.31 57.84 60.36 61.81 63.25 63.00 62.75 60.55
7.55 17.23 31.43 45.63 63.46 81.29 101.38 121.48 142.01 162.54 180.98 199.41 212.41 225.40 229.74 234.08 228.58 223.07 209.60 196.14 178.65 161.17 143.62 126.07 111.21 96.36 85.70 75.03 69.14 63.25 62.00 60.76 63.29 65.83 70.51 75.19 79.88 84.56 87.24 89.92 89.58 89.24 86.13 83.01 78.20 73.40 68.05 62.70 57.71 52.71 48.71 44.71 42.18 39.65 38.85 38.06 38.98 39.90 42.19 44.49 47.60 50.72 54.07 57.42 60.52 63.62 66.07 68.51 69.76 71.02 70.53 70.03 67.55
14.01 24.79 39.81 54.83 73.14 91.45 111.63 131.80 152.03 172.25 190.12 207.98 220.28 232.58 236.19 239.79 233.56 227.34 213.27 199.19 181.34 163.49 145.88 128.27 113.65 99.02 88.80 78.58 73.19 67.81 66.97 66.13 68.86 71.60 76.25 80.91 85.36 89.81 92.10 94.38 93.52 92.65 88.98 85.32 80.06 74.80 69.23 63.66 58.73 53.80 50.11 46.42 44.38 42.34 42.15 41.96 43.53 45.11 48.04 50.97 54.60 58.24 61.90 65.56 68.75 71.94 74.29 76.65 77.72 78.79 78.05 77.32 74.54
