test/esri_led_20/synt_tma_6000m_led_20.esri
nrows             510
ncols             462
xllcorner      398000.00
yllcorner     7846000.00
cellsize          500.00
NODATA_value    -9999
[rows 416 to 447 of 510, columns 355 to 425 of 462]
204.47 184.07 153.37 122.67 88.08 53.50 28.11 2.72 -2.29 -7.30 12.73 32.76 72.05 111.35 153.22 195.09 216.45 237.81 227.46 217.11 189.71 162.31 139.51 116.71 107.13 97.55 101.48 105.41 124.06 142.70 173.68 204.66 238.13 271.59 300.80 330.01 358.36 386.71 412.46 438.22 443.92 449.62 422.75 395.88 349.22 302.56 257.33 212.10 177.40 142.71 117.56 92.41 74.33 56.25 44.11 31.98 26.00 20.03 20.37 20.71 25.82 30.92 38.87 46.82 56.59 66.37 78.75 91.13 107.88 124.62 142.36
247.01 222.81 187.24 151.67 111.48 71.30 40.54 9.79 0.15 -9.49 6.78 23.04 59.53 96.02 136.40 176.79 198.19 219.59 210.98 202.37 179.06 155.75 139.09 122.42 119.26 116.09 125.51 134.92 158.60 182.28 217.78 253.29 288.70 324.11 351.22 378.32 402.17 426.02 447.43 468.84 470.90 472.95 442.62 412.29 362.89 313.49 266.90 220.30 185.38 150.47 125.76 101.05 83.73 66.41 54.95 43.49 37.73 31.96 31.95 31.93 36.30 40.67 47.78 54.88 63.70 72.53 83.84 95.15 111.12 127.09 144.64
262.59 234.77 197.36 159.96 118.72 77.47 44.89 12.31 -1.08 -14.47 -4.54 5.40 33.33 61.27 93.07 124.87 141.53 158.20 151.02 143.83 125.95 108.08 97.74 87.39 90.92 94.44 111.50 128.55 159.90 191.24 232.43 273.61 311.20 348.80 374.14 399.48 418.21 436.94 451.92 466.90 464.39 461.87 430.66 399.46 351.68 303.91 259.64 215.37 183.25 151.12 130.14 109.16 96.32 83.48 76.01 68.54 64.38 60.22 58.44 56.66 56.94 57.23 59.79 62.35 67.32 72.30 80.59 88.88 102.21 115.54 130.84
278.16 246.73 207.49 168.24 125.95 83.65 49.24 14.83 -2.31 -19.45 -15.85 -12.25 7.14 26.52 49.73 72.94 84.88 96.82 91.05 85.29 72.85 60.40 56.38 52.37 62.58 72.80 97.49 122.18 161.19 200.21 247.07 293.94 333.71 373.48 397.06 420.64 434.25 447.87 456.42 464.97 457.87 450.78 418.70 386.63 340.47 294.32 252.38 210.44 181.11 151.78 134.53 117.27 108.91 100.55 97.07 93.58 91.03 88.47 84.93 81.38 77.59 73.79 71.80 69.81 70.94 72.06 77.34 82.61 93.30 103.99 117.04
274.37 240.07 201.62 163.17 123.31 83.44 49.95 16.45 -3.61 -23.68 -28.11 -32.55 -26.00 -19.44 -10.40 -1.37 1.81 4.99 -0.17 -5.34 -11.84 -18.35 -16.22 -14.09 2.80 19.70 53.65 87.59 136.94 186.29 241.11 295.93 338.99 382.04 403.68 425.32 432.69 440.05 440.83 441.62 429.69 417.76 386.36 354.95 312.89 270.83 233.48 196.13 171.64 147.14 136.03 124.91 124.00 123.08 126.43 129.77 130.01 130.25 123.52 116.80 105.91 95.02 85.53 76.04 71.22 66.39 67.34 68.29 75.25 82.21 92.01
270.58 233.42 195.75 158.09 120.66 83.24 50.65 18.07 -4.92 -27.90 -40.38 -52.85 -59.13 -65.40 -70.54 -75.68 -81.25 -86.83 -91.40 -95.97 -96.53 -97.10 -88.83 -80.55 -56.97 -33.39 9.81 53.00 112.69 172.38 235.15 297.92 344.26 390.61 410.31 430.01 431.12 432.23 425.25 418.27 401.50 384.74 354.01 323.28 285.31 247.35 214.59 181.83 162.17 142.51 137.53 132.55 139.08 145.61 155.79 165.96 168.99 172.02 162.11 152.21 134.23 116.25 99.26 82.26 71.50 60.73 57.35 53.97 57.20 60.42 66.98
259.03 221.06 186.54 152.01 119.37 86.73 57.09 27.45 2.82 -21.81 -41.98 -62.14 -81.93 -101.72 -122.51 -143.30 -159.42 -175.53 -181.30 -187.07 -183.51 -179.96 -167.30 -154.64 -125.73 -96.82 -44.87 7.07 77.56 148.05 220.01 291.96 342.54 393.11 410.78 428.44 423.34 418.24 404.63 391.01 370.66 350.30 320.48 290.65 256.50 222.35 194.12 165.90 151.25 136.59 138.00 139.40 153.76 168.12 185.65 203.18 209.15 215.13 201.39 187.65 161.66 135.68 110.63 85.59 68.74 51.89 44.31 36.74 36.71 36.67 40.76
247.47 208.71 177.32 145.94 118.08 90.23 63.53 36.82 10.55 -15.73 -43.58 -71.44 -104.74 -138.04 -174.48 -210.93 -237.58 -264.23 -271.20 -278.16 -270.49 -262.81 -245.77 -228.74 -194.49 -160.24 -99.55 -38.86 42.43 123.73 204.87 286.01 340.81 395.62 411.25 426.88 415.56 404.25 384.01 363.76 339.81 315.87 286.95 258.03 227.69 197.34 173.65 149.97 140.32 130.68 138.46 146.25 168.44 190.62 215.51 240.39 249.32 258.24 240.67 223.10 189.10 155.10 122.01 88.92 65.98 43.04 31.28 19.52 16.22 12.92 14.55
230.99 195.42 170.77 146.12 126.75 107.38 87.39 67.39 42.42 17.45 -16.29 -50.04 -95.26 -140.49 -190.80 -241.11 -278.11 -315.12 -326.13 -337.15 -329.45 -321.76 -303.57 -285.38 -248.64 -211.91 -146.26 -80.61 7.13 94.86 181.66 268.46 326.08 383.70 398.47 413.23 398.83 384.42 361.16 337.91 312.84 287.76 260.26 232.75 205.59 178.44 158.50 138.56 132.78 127.01 139.02 151.04 177.80 204.56 233.38 262.20 272.29 282.37 261.87 241.36 201.89 162.42 123.84 85.25 58.20 31.14 16.82 2.49 -2.31 -7.11 -6.11
214.50 182.14 164.22 146.30 135.42 124.54 111.25 97.97 74.30 50.63 10.99 -28.64 -85.79 -142.93 -207.11 -271.29 -318.65 -366.01 -381.07 -396.13 -388.42 -380.71 -361.36 -342.02 -302.80 -263.57 -192.96 -122.35 -28.18 65.99 158.45 250.92 311.35 371.78 385.69 399.59 382.09 364.58 338.32 312.06 285.86 259.66 233.56 207.47 183.50 159.54 143.35 127.16 125.25 123.34 139.58 155.82 187.16 218.49 251.25 284.01 295.26 306.51 283.07 259.63 214.68 169.74 125.66 81.59 50.42 19.24 2.36 -14.53 -20.84 -27.15 -26.76
190.08 165.61 159.19 152.76 156.26 159.76 159.67 159.58 141.87 124.17 80.28 36.40 -31.72 -99.84 -175.76 -251.68 -308.58 -365.48 -387.77 -410.05 -407.15 -404.24 -387.30 -370.36 -331.99 -293.62 -223.42 -153.23 -59.69 33.85 125.36 216.87 276.96 337.06 352.11 367.17 351.42 335.68 310.90 286.12 261.58 237.04 213.50 189.95 169.30 148.64 135.76 122.88 123.41 123.93 141.15 158.36 189.14 219.93 251.01 282.08 291.55 301.02 276.43 251.85 205.74 159.62 113.93 68.24 35.75 3.27 -13.87 -31.01 -36.52 -42.03 -40.16
165.66 149.09 154.15 159.21 177.09 194.97 208.08 221.19 209.45 197.71 149.58 101.44 22.34 -56.76 -144.42 -232.07 -298.52 -364.96 -394.47 -423.97 -425.88 -427.78 -413.24 -398.70 -361.19 -323.67 -253.89 -184.10 -91.20 1.71 92.26 182.82 242.58 302.34 318.54 334.74 320.76 306.79 283.49 260.19 237.31 214.43 193.43 172.43 155.09 137.75 128.18 118.61 121.56 124.52 142.71 160.90 191.13 221.36 250.76 280.15 287.84 295.52 269.80 244.07 196.79 149.51 102.20 54.89 21.09 -12.71 -30.10 -47.49 -52.20 -56.92 -53.57
131.21 124.70 144.65 164.59 202.52 240.45 273.73 307.01 306.02 305.02 252.99 200.95 109.39 17.84 -81.94 -181.72 -257.57 -333.43 -371.20 -408.98 -417.93 -426.88 -417.37 -407.85 -373.95 -340.04 -273.83 -207.62 -118.98 -30.35 55.86 142.06 199.75 257.45 275.58 293.72 283.97 274.23 255.06 235.89 216.51 197.13 179.51 161.89 147.98 134.08 127.44 120.80 125.03 129.27 146.16 163.05 189.57 216.09 240.74 265.40 269.78 274.17 247.95 221.74 175.20 128.67 81.67 34.67 1.31 -32.05 -47.75 -63.46 -65.40 -67.35 -61.00
96.77 100.31 135.14 169.97 227.95 285.92 339.38 392.83 402.58 412.33 356.40 300.47 196.45 92.43 -19.47 -131.36 -216.63 -301.90 -347.94 -393.98 -409.98 -425.99 -421.49 -417.00 -386.70 -356.41 -293.77 -231.13 -146.77 -62.40 19.45 101.29 156.93 212.56 232.63 252.70 247.19 241.67 226.63 211.58 195.71 179.83 165.59 151.35 140.88 130.40 126.69 122.98 128.51 134.03 149.62 165.21 188.01 210.81 230.73 250.65 251.73 252.81 226.11 199.41 153.62 107.83 61.13 14.44 -18.47 -51.39 -65.41 -79.43 -78.61 -77.78 -68.44
53.58 64.20 112.23 160.26 238.30 316.34 391.76 467.18 489.76 512.34 453.35 394.35 278.42 162.50 39.76 -82.98 -175.59 -268.19 -319.87 -371.56 -392.98 -414.40 -415.28 -416.15 -390.64 -365.13 -306.56 -247.98 -167.79 -87.60 -9.90 67.81 121.24 174.67 195.87 217.06 215.19 213.32 202.63 191.94 180.08 168.21 157.46 146.72 139.36 132.01 130.71 129.41 135.55 141.69 155.34 168.98 187.84 206.69 222.33 237.97 236.22 234.46 207.01 179.56 134.07 88.58 42.20 -4.19 -36.16 -68.12 -79.61 -91.09 -86.80 -82.51 -70.03
10.38 28.10 89.32 150.54 248.65 346.77 444.15 541.53 576.94 612.36 550.29 488.23 360.40 232.57 98.98 -34.61 -134.55 -234.48 -291.81 -349.14 -375.98 -402.82 -409.07 -415.31 -394.58 -373.86 -319.34 -264.83 -188.81 -112.80 -39.24 34.32 85.55 136.78 159.10 181.43 183.20 184.97 178.64 172.31 164.45 156.58 149.33 142.08 137.85 133.62 134.73 135.83 142.60 149.36 161.06 172.75 187.66 202.57 213.93 225.29 220.70 216.11 187.91 159.71 114.52 69.33 23.26 -22.81 -53.84 -84.86 -93.81 -102.75 -94.99 -87.24 -71.61
-38.25 -21.39 44.14 109.66 217.28 324.90 434.23 543.56 587.95 632.33 572.84 513.35 384.81 256.27 122.50 -11.26 -110.56 -209.87 -266.97 -324.07 -351.97 -379.87 -388.74 -397.60 -380.77 -363.93 -314.25 -264.58 -194.22 -123.87 -55.68 12.50 60.50 108.50 130.77 153.04 157.41 161.79 159.31 156.83 152.83 148.82 144.93 141.03 139.61 138.18 141.23 144.27 151.34 158.40 168.31 178.21 189.93 201.66 209.90 218.13 211.74 205.34 177.02 148.70 104.56 60.42 15.79 -28.85 -58.22 -87.60 -94.48 -101.36 -91.51 -81.66 -64.47
-86.88 -70.87 -1.05 68.77 185.90 303.03 424.31 545.59 598.95 652.30 595.39 538.48 409.22 279.96 146.03 12.10 -86.58 -185.26 -242.13 -299.00 -327.96 -356.93 -368.41 -379.89 -366.95 -354.00 -309.17 -264.33 -199.63 -134.93 -72.13 -9.33 35.44 80.21 102.43 124.65 131.63 138.61 139.98 141.35 141.20 141.06 140.53 139.99 141.37 142.75 147.73 152.72 160.08 167.44 175.56 183.67 192.21 200.74 205.86 210.97 202.77 194.57 166.13 137.69 94.60 51.52 8.32 -34.88 -62.61 -90.34 -95.16 -99.98 -88.03 -76.09 -57.33
-140.95 -136.24 -74.56 -12.89 97.36 207.61 323.36 439.11 493.64 548.17 503.38 458.59 347.83 237.07 120.48 3.89 -82.42 -168.73 -218.32 -267.91 -292.77 -317.63 -327.19 -336.75 -325.65 -314.54 -276.67 -238.79 -184.12 -129.44 -75.94 -22.44 16.75 55.95 77.30 98.65 108.15 117.64 122.81 127.97 131.62 135.26 138.08 140.90 145.03 149.16 155.91 162.66 170.22 177.77 184.25 190.73 196.40 202.07 204.44 206.81 197.55 188.28 161.33 134.38 94.87 55.36 16.36 -22.64 -47.37 -72.10 -76.09 -80.08 -68.68 -57.28 -39.42
-195.02 -201.60 -148.07 -94.54 8.83 112.19 222.41 332.63 388.33 444.04 411.37 378.71 286.44 194.17 94.93 -4.32 -78.26 -152.20 -194.51 -236.83 -257.58 -278.33 -285.96 -293.60 -284.35 -275.09 -244.17 -213.25 -168.60 -123.96 -79.76 -35.55 -1.94 31.68 52.17 72.65 84.66 96.67 105.64 114.60 122.03 129.46 135.63 141.80 148.69 155.57 164.09 172.61 180.36 188.10 192.94 197.78 200.59 203.40 203.02 202.65 192.32 181.99 156.53 131.07 95.14 59.20 24.40 -10.40 -32.13 -53.86 -57.02 -60.18 -49.33 -38.48 -21.51
-257.52 -284.53 -247.39 -210.26 -123.42 -36.58 57.78 152.13 204.41 256.69 242.02 227.35 165.82 104.30 34.08 -36.13 -89.60 -143.07 -173.05 -203.03 -215.90 -228.78 -231.32 -233.86 -225.06 -216.26 -193.72 -171.19 -139.64 -108.09 -76.02 -43.94 -17.51 8.92 28.19 47.45 62.27 77.09 90.18 103.27 114.58 125.88 135.31 144.73 154.36 163.99 174.49 184.99 193.09 201.18 204.26 207.34 207.16 206.99 204.11 201.24 190.47 179.70 156.73 133.76 102.90 72.04 43.15 14.27 -3.66 -21.59 -24.76 -27.93 -19.33 -10.74 3.80
-320.03 -367.46 -346.71 -325.97 -255.66 -185.35 -106.86 -28.38 20.48 69.34 72.66 75.98 45.21 14.43 -26.76 -67.95 -100.95 -133.95 -151.58 -169.22 -174.23 -179.23 -176.68 -174.13 -165.78 -157.43 -143.28 -129.13 -110.68 -92.23 -72.28 -52.33 -33.08 -13.84 4.21 22.25 39.88 57.52 74.73 91.95 107.13 122.31 134.99 147.67 160.04 172.40 184.89 197.38 205.82 214.26 215.57 216.89 213.73 210.58 205.20 199.83 188.61 177.40 156.92 136.45 110.67 84.89 61.91 38.93 24.81 10.69 7.50 4.32 10.66 17.01 29.10
-379.47 -450.48 -447.05 -443.61 -389.53 -335.44 -272.52 -209.59 -164.36 -119.13 -98.79 -78.45 -79.36 -80.27 -92.63 -105.00 -117.24 -129.48 -134.30 -139.12 -136.04 -132.97 -125.48 -118.00 -110.17 -102.34 -96.13 -89.92 -83.73 -77.54 -68.86 -60.18 -47.56 -34.94 -17.93 -0.93 19.48 39.88 61.15 82.42 101.21 120.01 135.39 150.77 165.44 180.11 194.58 209.05 217.93 226.82 226.18 225.55 219.42 213.29 205.97 198.66 187.53 176.40 158.29 140.18 118.99 97.80 80.34 62.88 52.33 41.78 38.47 35.16 39.19 43.23 52.86
-438.90 -533.51 -547.38 -561.25 -523.40 -485.54 -438.17 -390.80 -349.20 -307.59 -270.24 -232.88 -203.92 -174.96 -158.51 -142.05 -133.53 -125.01 -117.01 -109.01 -97.86 -86.70 -74.29 -61.87 -54.56 -47.25 -48.98 -50.70 -56.77 -62.84 -65.43 -68.03 -62.03 -56.03 -40.08 -24.12 -0.93 22.25 47.57 72.88 95.30 117.71 135.80 153.88 170.84 187.81 204.27 220.72 230.05 239.38 236.79 234.21 225.11 216.01 206.75 197.49 186.44 175.40 159.65 143.90 127.31 110.72 98.77 86.83 79.85 72.87 69.44 66.00 67.73 69.45 76.61
-461.15 -573.54 -601.94 -630.33 -605.93 -581.54 -545.75 -509.96 -471.08 -432.19 -383.81 -335.42 -286.37 -237.32 -200.56 -163.81 -140.40 -116.99 -100.53 -84.06 -69.11 -54.15 -40.88 -27.60 -22.57 -17.54 -25.13 -32.73 -46.59 -60.45 -70.00 -79.54 -77.58 -75.62 -60.16 -44.70 -19.50 5.70 33.90 62.10 87.02 111.94 131.69 151.44 169.54 187.63 204.85 222.07 231.14 240.21 235.92 231.63 220.27 208.92 198.27 187.61 176.79 165.98 152.27 138.55 125.57 112.59 104.75 96.91 92.67 88.44 85.29 82.15 82.49 82.83 88.08
-483.39 -613.58 -656.49 -699.40 -688.47 -677.55 -653.33 -629.12 -592.96 -556.79 -497.38 -437.97 -368.82 -299.67 -242.62 -185.57 -147.27 -108.97 -84.04 -59.12 -40.36 -21.60 -7.47 6.67 9.42 12.18 -1.29 -14.76 -36.41 -58.06 -74.56 -91.06 -93.14 -95.22 -80.25 -65.28 -38.06 -10.85 20.23 51.32 78.74 106.16 127.58 149.00 168.23 187.46 205.44 223.41 232.23 241.05 235.05 229.05 215.44 201.83 189.78 177.73 167.15 156.56 144.88 133.20 123.83 114.46 110.73 106.99 105.50 104.00 101.15 98.30 97.25 96.20 99.54
-446.11 -583.34 -637.78 -692.21 -693.88 -695.56 -680.06 -664.56 -630.83 -597.11 -533.92 -470.74 -392.84 -314.95 -247.55 -180.15 -134.50 -88.85 -62.25 -35.65 -20.21 -4.77 3.70 12.18 9.76 7.34 -9.41 -26.16 -49.80 -73.44 -91.41 -109.38 -112.22 -115.06 -99.81 -84.56 -56.24 -27.93 4.43 36.78 65.21 93.64 115.56 137.48 156.32 175.16 191.80 208.44 215.70 222.97 215.77 208.57 193.74 178.91 165.62 152.33 141.72 131.11 121.51 111.90 105.76 99.63 98.75 97.87 98.27 98.67 96.76 94.85 93.53 92.20 94.07
-408.83 -553.11 -619.06 -685.01 -699.29 -713.58 -706.79 -700.00 -668.71 -637.43 -570.47 -503.51 -416.87 -330.23 -252.49 -174.74 -121.74 -68.74 -40.46 -12.19 -0.07 12.06 14.88 17.70 10.10 2.50 -17.53 -37.56 -63.19 -88.82 -108.27 -127.71 -131.31 -134.90 -119.37 -103.83 -74.42 -45.01 -11.38 22.25 51.68 81.12 103.54 125.96 144.41 162.86 178.16 193.47 199.18 204.88 196.49 188.09 172.04 155.99 141.45 126.92 116.29 105.66 98.13 90.60 87.69 84.79 86.77 88.75 91.04 93.33 92.37 91.40 89.80 88.20 88.59
-333.32 -477.47 -551.34 -625.22 -650.63 -676.04 -677.20 -678.36 -650.56 -622.75 -556.01 -489.27 -399.58 -309.89 -227.26 -144.63 -89.50 -34.36 -10.33 13.71 16.20 18.69 10.67 2.66 -12.25 -27.15 -48.82 -70.48 -94.43 -118.38 -135.91 -153.44 -155.63 -157.82 -140.96 -124.11 -93.46 -62.81 -28.42 5.97 35.60 65.23 87.24 109.26 126.24 143.23 156.06 168.89 172.38 175.88 166.37 156.86 139.77 122.67 106.61 90.54 79.58 68.62 63.30 57.98 58.40 58.82 63.26 67.69 71.56 75.42 75.72 76.01 74.72 73.43 72.70
-257.82 -401.83 -483.63 -565.42 -601.96 -638.50 -647.61 -656.72 -632.40 -608.08 -541.55 -475.03 -382.28 -289.54 -202.03 -114.53 -57.26 0.01 19.81 39.60 32.46 25.32 6.47 -12.38 -34.59 -56.80 -80.11 -103.41 -125.67 -147.93 -163.55 -179.17 -179.96 -180.75 -162.56 -144.38 -112.50 -80.61 -45.47 -10.32 19.51 49.34 70.95 92.56 108.07 123.59 133.95 144.30 145.59 146.88 136.25 125.63 107.49 89.36 71.76 54.17 42.87 31.58 28.47 25.37 29.11 32.86 39.75 46.64 52.08 57.52 59.07 60.62 59.64 58.65 56.82
-178.90 -319.74 -404.97 -490.19 -534.44 -578.69 -595.46 -612.23 -592.89 -573.55 -508.53 -443.52 -349.21 -254.90 -164.72 -74.55 -17.84 38.86 51.53 64.20 45.24 26.28 -4.25 -34.78 -64.00 -93.22 -117.27 -141.32 -160.88 -180.44 -193.41 -206.38 -205.23 -204.07 -183.93 -163.80 -130.20 -96.60 -60.58 -24.55 5.25 35.05 55.81 76.57 90.47 104.37 112.65 120.94 120.48 120.02 108.29 96.56 77.18 57.79 38.59 19.38 7.73 -3.92 -4.86 -5.80 1.20 8.20 17.54 26.88 33.85 40.83 43.50 46.18 45.53 44.88 42.29
-99.99 -237.66 -326.31 -414.96 -466.93 -518.89 -543.31 -567.74 -553.38 -539.02 -475.52 -412.02 -316.14 -220.26 -127.41 -34.57 21.57 77.72 83.25 88.79 58.01 27.23 -14.97 -57.17 -93.41 -129.65 -154.43 -179.22 -196.08 -212.94 -223.26 -233.59 -230.49 -227.40 -205.31 -183.22 -147.90 -112.59 -75.69 -38.78 -9.01 20.76 40.68 60.59 72.87 85.14 91.36 97.57 95.37 93.17 80.33 67.49 46.86 26.23 5.41 -15.41 -27.41 -39.42 -38.19 -36.97 -26.71 -16.46 -4.67 7.12 15.63 24.14 27.94 31.73 31.42 31.11 27.77
