test/esri_led_20/synt_tma_2400m_led_20.esri
nrows             510
ncols             462
xllcorner      398000.00
yllcorner     7846000.00
cellsize          500.00
NODATA_value    -9999
[rows 384 to 415 of 510, columns 74 to 147 of 462]
5.38 8.82 12.25 15.53 18.81 21.64 24.47 26.51 28.55 29.51 30.46 30.24 30.01 28.70 27.40 25.30 23.20 20.63 18.06 15.28 12.51 9.69 6.88 4.09 1.30 -1.45 -4.20 -6.90 -9.60 -12.25 -14.89 -17.46 -20.03 -22.50 -24.96 -27.30 -29.64 -31.82 -34.01 -36.03 -38.05 -39.89 -41.73 -43.37 -45.02 -46.47 -47.93 -49.18 -50.44 -51.47 -52.50 -53.27 -54.04 -54.52 -55.00 -55.15 -55.30 -55.11 -54.92 -54.42 -53.91 -53.16 -52.41 -51.53 -50.66 -49.77 -48.89 -48.10 -47.30 -46.66 -46.02 -45.57 -45.12 -44.88
8.53 12.05 15.56 18.88 22.20 25.03 27.85 29.84 31.83 32.72 33.61 33.31 33.00 31.62 30.24 28.07 25.90 23.27 20.64 17.82 15.00 12.14 9.27 6.44 3.60 0.80 -2.01 -4.78 -7.55 -10.28 -13.01 -15.68 -18.34 -20.90 -23.47 -25.91 -28.36 -30.66 -32.97 -35.11 -37.26 -39.24 -41.21 -43.01 -44.80 -46.42 -48.03 -49.45 -50.87 -52.05 -53.23 -54.13 -55.03 -55.61 -56.19 -56.41 -56.63 -56.46 -56.30 -55.79 -55.28 -54.51 -53.74 -52.83 -51.93 -51.02 -50.12 -49.31 -48.50 -47.85 -47.20 -46.73 -46.27 -45.97
12.22 15.80 19.37 22.69 26.01 28.78 31.56 33.47 35.38 36.18 36.98 36.59 36.20 34.75 33.30 31.07 28.84 26.15 23.47 20.59 17.71 14.79 11.87 8.96 6.05 3.16 0.28 -2.59 -5.46 -8.29 -11.12 -13.88 -16.64 -19.30 -21.95 -24.48 -27.00 -29.38 -31.76 -33.99 -36.21 -38.28 -40.35 -42.25 -44.16 -45.90 -47.64 -49.18 -50.73 -52.04 -53.36 -54.37 -55.39 -56.06 -56.72 -57.00 -57.27 -57.12 -56.98 -56.45 -55.93 -55.12 -54.31 -53.36 -52.41 -51.46 -50.52 -49.68 -48.84 -48.17 -47.50 -47.00 -46.50 -46.15
15.91 19.54 23.18 26.50 29.82 32.54 35.27 37.10 38.93 39.64 40.36 39.88 39.41 37.88 36.35 34.06 31.77 29.03 26.29 23.36 20.42 17.44 14.46 11.48 8.50 5.53 2.56 -0.40 -3.36 -6.29 -9.22 -12.08 -14.94 -17.69 -20.43 -23.04 -25.64 -28.10 -30.55 -32.86 -35.16 -37.32 -39.48 -41.50 -43.51 -45.38 -47.24 -48.92 -50.60 -52.04 -53.48 -54.61 -55.74 -56.50 -57.26 -57.58 -57.91 -57.79 -57.66 -57.12 -56.57 -55.72 -54.88 -53.88 -52.89 -51.91 -50.92 -50.06 -49.19 -48.50 -47.80 -47.27 -46.74 -46.33
19.92 23.57 27.23 30.51 33.80 36.44 39.07 40.80 42.53 43.14 43.74 43.18 42.62 41.03 39.45 37.11 34.77 31.99 29.21 26.22 23.24 20.19 17.14 14.08 11.02 7.95 4.88 1.81 -1.26 -4.29 -7.33 -10.29 -13.25 -16.07 -18.89 -21.55 -24.21 -26.70 -29.19 -31.54 -33.88 -36.09 -38.30 -40.39 -42.47 -44.43 -46.39 -48.18 -49.97 -51.52 -53.07 -54.30 -55.53 -56.36 -57.20 -57.56 -57.93 -57.81 -57.68 -57.10 -56.52 -55.61 -54.70 -53.64 -52.57 -51.53 -50.48 -49.56 -48.65 -47.91 -47.17 -46.60 -46.02 -45.54
23.92 27.60 31.29 34.53 37.77 40.33 42.88 44.50 46.12 46.63 47.13 46.49 45.84 44.19 42.54 40.16 37.77 34.95 32.12 29.09 26.05 22.94 19.82 16.68 13.54 10.37 7.20 4.03 0.85 -2.30 -5.45 -8.50 -11.55 -14.45 -17.35 -20.06 -22.77 -25.30 -27.83 -30.21 -32.59 -34.85 -37.11 -39.27 -41.44 -43.49 -45.54 -47.44 -49.34 -51.00 -52.66 -53.99 -55.32 -56.23 -57.13 -57.54 -57.95 -57.82 -57.70 -57.08 -56.47 -55.49 -54.52 -53.39 -52.26 -51.15 -50.03 -49.07 -48.10 -47.33 -46.55 -45.92 -45.30 -44.76
27.98 31.64 35.30 38.47 41.63 44.07 46.51 48.00 49.49 49.89 50.29 49.57 48.84 47.15 45.45 43.04 40.63 37.79 34.94 31.87 28.80 25.63 22.46 19.24 16.02 12.75 9.49 6.21 2.93 -0.33 -3.58 -6.72 -9.86 -12.82 -15.78 -18.52 -21.27 -23.81 -26.35 -28.73 -31.12 -33.40 -35.69 -37.90 -40.11 -42.23 -44.36 -46.35 -48.34 -50.10 -51.85 -53.27 -54.69 -55.65 -56.62 -57.05 -57.49 -57.34 -57.20 -56.52 -55.84 -54.78 -53.73 -52.49 -51.26 -50.06 -48.86 -47.82 -46.78 -45.95 -45.11 -44.43 -43.74 -43.14
32.03 35.67 39.31 42.40 45.49 47.81 50.13 51.50 52.87 53.16 53.44 52.65 51.85 50.11 48.37 45.93 43.50 40.63 37.76 34.65 31.55 28.32 25.10 21.80 18.50 15.14 11.78 8.39 5.00 1.64 -1.71 -4.94 -8.17 -11.19 -14.21 -16.98 -19.76 -22.31 -24.86 -27.25 -29.64 -31.95 -34.26 -36.52 -38.78 -40.98 -43.18 -45.26 -47.34 -49.20 -51.05 -52.55 -54.05 -55.08 -56.11 -56.57 -57.02 -56.86 -56.69 -55.96 -55.22 -54.07 -52.93 -51.60 -50.27 -48.98 -47.69 -46.57 -45.46 -44.56 -43.67 -42.93 -42.19 -41.51
35.89 39.45 43.01 45.98 48.95 51.12 53.30 54.53 55.76 55.94 56.12 55.26 54.40 52.64 50.88 48.44 46.01 43.15 40.28 37.17 34.05 30.80 27.54 24.18 20.83 17.39 13.96 10.48 7.00 3.55 0.11 -3.19 -6.49 -9.56 -12.62 -15.41 -18.19 -20.74 -23.28 -25.67 -28.06 -30.37 -32.69 -34.99 -37.28 -39.55 -41.82 -43.98 -46.14 -48.08 -50.02 -51.59 -53.17 -54.24 -55.32 -55.78 -56.25 -56.05 -55.84 -55.03 -54.21 -52.96 -51.70 -50.25 -48.80 -47.40 -46.00 -44.79 -43.59 -42.62 -41.64 -40.84 -40.04 -39.29
39.74 43.23 46.71 49.56 52.40 54.44 56.47 57.56 58.66 58.73 58.81 57.88 56.96 55.17 53.38 50.95 48.52 45.66 42.80 39.68 36.56 33.27 29.98 26.57 23.15 19.64 16.13 12.56 9.00 5.46 1.93 -1.44 -4.81 -7.92 -11.03 -13.83 -16.63 -19.17 -21.71 -24.09 -26.47 -28.79 -31.12 -33.45 -35.79 -38.12 -40.45 -42.70 -44.94 -46.96 -48.99 -50.64 -52.28 -53.41 -54.53 -55.00 -55.47 -55.23 -55.00 -54.10 -53.21 -51.84 -50.48 -48.91 -47.34 -45.83 -44.31 -43.01 -41.71 -40.67 -39.62 -38.75 -37.88 -37.07
43.22 46.56 49.91 52.58 55.26 57.13 58.99 59.94 60.88 60.85 60.82 59.85 58.88 57.09 55.31 52.90 50.50 47.68 44.86 41.76 38.66 35.37 32.08 28.65 25.21 21.65 18.10 14.47 10.85 7.25 3.66 0.24 -3.18 -6.31 -9.45 -12.25 -15.05 -17.58 -20.11 -22.48 -24.85 -27.18 -29.51 -31.88 -34.25 -36.64 -39.04 -41.35 -43.67 -45.77 -47.87 -49.58 -51.29 -52.45 -53.61 -54.08 -54.55 -54.26 -53.98 -53.00 -52.02 -50.54 -49.05 -47.36 -45.66 -44.02 -42.39 -40.99 -39.58 -38.45 -37.32 -36.38 -35.44 -34.57
46.69 49.89 53.10 55.61 58.12 59.82 61.51 62.31 63.11 62.98 62.84 61.82 60.80 59.01 57.23 54.85 52.48 49.70 46.91 43.84 40.76 37.48 34.19 30.73 27.27 23.67 20.06 16.38 12.70 9.04 5.39 1.92 -1.54 -4.70 -7.86 -10.67 -13.48 -15.99 -18.51 -20.87 -23.23 -25.57 -27.91 -30.31 -32.72 -35.17 -37.62 -40.01 -42.41 -44.58 -46.76 -48.53 -50.30 -51.49 -52.69 -53.15 -53.62 -53.29 -52.96 -51.89 -50.83 -49.23 -47.63 -45.81 -43.98 -42.22 -40.47 -38.96 -37.45 -36.24 -35.02 -34.01 -33.00 -32.07
49.68 52.68 55.69 57.99 60.30 61.80 63.30 63.94 64.59 64.35 64.12 63.05 61.99 60.22 58.45 56.13 53.81 51.08 48.36 45.34 42.32 39.07 35.82 32.38 28.94 25.33 21.72 18.02 14.31 10.63 6.96 3.47 -0.02 -3.19 -6.36 -9.16 -11.97 -14.47 -16.97 -19.32 -21.67 -24.02 -26.37 -28.80 -31.24 -33.74 -36.25 -38.71 -41.17 -43.41 -45.65 -47.47 -49.30 -50.52 -51.74 -52.20 -52.66 -52.29 -51.93 -50.78 -49.64 -47.94 -46.24 -44.31 -42.37 -40.49 -38.62 -37.02 -35.41 -34.11 -32.81 -31.72 -30.64 -29.65
52.66 55.47 58.28 60.38 62.48 63.79 65.10 65.58 66.06 65.73 65.39 64.29 63.19 61.43 59.67 57.40 55.13 52.47 49.81 46.85 43.88 40.67 37.46 34.03 30.60 26.99 23.38 19.65 15.93 12.22 8.52 5.01 1.50 -1.68 -4.86 -7.66 -10.45 -12.94 -15.43 -17.77 -20.12 -22.47 -24.83 -27.30 -29.76 -32.32 -34.88 -37.41 -39.93 -42.24 -44.54 -46.42 -48.29 -49.54 -50.79 -51.25 -51.71 -51.30 -50.89 -49.68 -48.46 -46.66 -44.86 -42.80 -40.75 -38.77 -36.78 -35.08 -33.37 -31.98 -30.59 -29.44 -28.28 -27.22
55.11 57.68 60.25 62.11 63.97 65.07 66.17 66.48 66.80 66.35 65.91 64.77 63.62 61.88 60.15 57.93 55.72 53.14 50.56 47.68 44.79 41.65 38.51 35.14 31.77 28.19 24.62 20.91 17.21 13.52 9.83 6.32 2.81 -0.36 -3.53 -6.31 -9.10 -11.57 -14.05 -16.39 -18.72 -21.09 -23.45 -25.94 -28.43 -31.03 -33.63 -36.20 -38.77 -41.12 -43.47 -45.38 -47.30 -48.57 -49.84 -50.31 -50.78 -50.36 -49.93 -48.68 -47.43 -45.57 -43.71 -41.58 -39.45 -37.39 -35.32 -33.53 -31.75 -30.28 -28.81 -27.57 -26.34 -25.21
57.56 59.89 62.21 63.84 65.47 66.35 67.24 67.39 67.53 66.98 66.43 65.25 64.06 62.34 60.62 58.46 56.31 53.81 51.31 48.50 45.70 42.63 39.56 36.25 32.93 29.39 25.86 22.18 18.49 14.81 11.13 7.63 4.13 0.97 -2.19 -4.96 -7.74 -10.20 -12.67 -15.00 -17.33 -19.70 -22.07 -24.58 -27.10 -29.74 -32.37 -34.99 -37.61 -40.01 -42.40 -44.35 -46.30 -47.60 -48.90 -49.37 -49.85 -49.41 -48.98 -47.69 -46.39 -44.48 -42.56 -40.36 -38.15 -36.01 -33.86 -31.99 -30.12 -28.57 -27.02 -25.71 -24.40 -23.20
59.43 61.49 63.55 64.93 66.30 66.96 67.62 67.60 67.57 66.90 66.23 64.99 63.76 62.04 60.33 58.23 56.13 53.71 51.29 48.59 45.88 42.91 39.94 36.72 33.50 30.04 26.59 22.97 19.36 15.73 12.10 8.64 5.17 2.04 -1.09 -3.85 -6.61 -9.06 -11.52 -13.84 -16.16 -18.54 -20.91 -23.43 -25.95 -28.60 -31.25 -33.88 -36.52 -38.93 -41.35 -43.32 -45.29 -46.62 -47.94 -48.44 -48.94 -48.53 -48.11 -46.84 -45.57 -43.66 -41.75 -39.54 -37.33 -35.16 -32.98 -31.06 -29.14 -27.52 -25.90 -24.51 -23.12 -21.83
61.30 63.10 64.89 66.01 67.13 67.57 68.01 67.81 67.60 66.82 66.03 64.74 63.45 61.75 60.04 58.00 55.95 53.61 51.28 48.67 46.06 43.19 40.32 37.19 34.06 30.69 27.31 23.77 20.22 16.64 13.06 9.64 6.22 3.11 0.00 -2.74 -5.47 -7.92 -10.36 -12.68 -15.00 -17.38 -19.75 -22.28 -24.81 -27.47 -30.13 -32.78 -35.43 -37.86 -40.30 -42.29 -44.28 -45.63 -46.98 -47.50 -48.03 -47.64 -47.25 -46.00 -44.75 -42.84 -40.94 -38.72 -36.50 -34.30 -32.10 -30.13 -28.16 -26.47 -24.78 -23.31 -21.84 -20.47
62.54 64.07 65.59 66.46 67.33 67.55 67.76 67.37 66.99 66.08 65.16 63.81 62.45 60.74 59.02 57.02 55.01 52.75 50.49 47.99 45.49 42.74 39.99 36.99 33.99 30.73 27.48 24.04 20.61 17.12 13.64 10.29 6.94 3.88 0.82 -1.89 -4.60 -7.03 -9.46 -11.78 -14.09 -16.45 -18.82 -21.33 -23.84 -26.48 -29.12 -31.74 -34.37 -36.79 -39.21 -41.20 -43.20 -44.56 -45.93 -46.50 -47.06 -46.74 -46.42 -45.25 -44.08 -42.26 -40.44 -38.29 -36.13 -33.96 -31.79 -29.80 -27.82 -26.08 -24.34 -22.78 -21.23 -19.76
63.78 65.04 66.30 66.91 67.53 67.52 67.51 66.94 66.38 65.34 64.30 62.88 61.45 59.73 58.00 56.04 54.07 51.89 49.71 47.32 44.92 42.29 39.66 36.79 33.91 30.78 27.65 24.32 21.00 17.60 14.21 10.93 7.66 4.65 1.64 -1.05 -3.73 -6.15 -8.56 -10.87 -13.18 -15.53 -17.88 -20.38 -22.87 -25.49 -28.10 -30.71 -33.31 -35.72 -38.12 -40.11 -42.11 -43.49 -44.88 -45.49 -46.10 -45.85 -45.59 -44.50 -43.41 -41.67 -39.94 -37.85 -35.76 -33.62 -31.48 -29.48 -27.48 -25.69 -23.89 -22.26 -20.62 -19.06
64.33 65.34 66.34 66.72 67.10 66.88 66.66 65.92 65.18 64.01 62.84 61.34 59.84 58.09 56.33 54.39 52.45 50.33 48.22 45.93 43.64 41.15 38.66 35.93 33.20 30.23 27.26 24.08 20.90 17.64 14.38 11.21 8.04 5.10 2.17 -0.47 -3.11 -5.50 -7.90 -10.19 -12.48 -14.80 -17.13 -19.58 -22.03 -24.58 -27.14 -29.68 -32.22 -34.58 -36.93 -38.90 -40.86 -42.26 -43.66 -44.32 -44.99 -44.83 -44.67 -43.71 -42.74 -41.15 -39.55 -37.59 -35.63 -33.57 -31.51 -29.53 -27.55 -25.72 -23.89 -22.18 -20.47 -18.81
64.88 65.64 66.39 66.53 66.68 66.25 65.81 64.90 63.98 62.68 61.38 59.80 58.22 56.44 54.66 52.74 50.82 48.77 46.73 44.55 42.36 40.00 37.65 35.07 32.50 29.68 26.86 23.84 20.81 17.68 14.55 11.49 8.42 5.56 2.70 0.10 -2.49 -4.86 -7.24 -9.51 -11.78 -14.08 -16.38 -18.78 -21.18 -23.68 -26.17 -28.65 -31.13 -33.43 -35.74 -37.68 -39.62 -41.03 -42.43 -43.15 -43.87 -43.81 -43.74 -42.91 -42.08 -40.62 -39.17 -37.33 -35.50 -33.51 -31.53 -29.58 -27.62 -25.76 -23.89 -22.11 -20.32 -18.57
64.67 65.21 65.75 65.69 65.64 65.02 64.40 63.33 62.25 60.83 59.40 57.74 56.07 54.25 52.43 50.51 48.60 46.61 44.62 42.53 40.45 38.23 36.02 33.61 31.20 28.56 25.93 23.08 20.24 17.28 14.32 11.39 8.46 5.71 2.95 0.42 -2.11 -4.43 -6.76 -9.00 -11.23 -13.48 -15.72 -18.05 -20.38 -22.79 -25.19 -27.57 -29.95 -32.16 -34.38 -36.27 -38.16 -39.56 -40.96 -41.73 -42.50 -42.53 -42.57 -41.89 -41.20 -39.92 -38.63 -36.95 -35.27 -33.39 -31.52 -29.61 -27.70 -25.82 -23.94 -22.10 -20.26 -18.42
64.46 64.79 65.12 64.85 64.59 63.79 62.99 61.76 60.52 58.97 57.43 55.67 53.92 52.06 50.20 48.29 46.38 44.44 42.51 40.52 38.54 36.46 34.39 32.14 29.90 27.45 24.99 22.33 19.66 16.87 14.08 11.29 8.50 5.85 3.20 0.74 -1.72 -4.01 -6.29 -8.49 -10.68 -12.88 -15.07 -17.33 -19.58 -21.89 -24.20 -26.48 -28.76 -30.89 -33.03 -34.86 -36.70 -38.10 -39.49 -40.30 -41.12 -41.26 -41.40 -40.86 -40.33 -39.21 -38.09 -36.56 -35.04 -33.27 -31.51 -29.64 -27.78 -25.89 -24.00 -22.10 -20.20 -18.27
63.43 63.60 63.76 63.34 62.92 61.97 61.02 59.66 58.29 56.63 54.97 53.13 51.30 49.38 47.47 45.55 43.63 41.74 39.84 37.95 36.05 34.11 32.17 30.10 28.04 25.78 23.52 21.06 18.60 16.00 13.41 10.79 8.18 5.66 3.15 0.79 -1.57 -3.78 -5.99 -8.12 -10.25 -12.36 -14.48 -16.63 -18.78 -20.96 -23.14 -25.30 -27.45 -29.47 -31.49 -33.24 -35.00 -36.36 -37.72 -38.56 -39.41 -39.63 -39.86 -39.46 -39.06 -38.10 -37.15 -35.77 -34.40 -32.75 -31.10 -29.29 -27.48 -25.60 -23.71 -21.78 -19.85 -17.88
62.41 62.40 62.40 61.82 61.25 60.15 59.06 57.56 56.06 54.29 52.51 50.59 48.67 46.71 44.74 42.82 40.89 39.03 37.17 35.37 33.57 31.76 29.96 28.06 26.17 24.11 22.04 19.79 17.54 15.14 12.74 10.30 7.86 5.48 3.10 0.84 -1.42 -3.56 -5.70 -7.75 -9.81 -11.85 -13.88 -15.93 -17.98 -20.03 -22.09 -24.11 -26.14 -28.04 -29.94 -31.62 -33.30 -34.63 -35.96 -36.83 -37.69 -38.01 -38.32 -38.05 -37.79 -36.99 -36.20 -34.98 -33.76 -32.22 -30.69 -28.94 -27.19 -25.31 -23.43 -21.47 -19.51 -17.48
60.55 60.43 60.31 59.62 58.93 57.72 56.52 54.91 53.31 51.44 49.57 47.57 45.57 43.55 41.53 39.58 37.63 35.79 33.96 32.23 30.51 28.83 27.15 25.42 23.70 21.84 19.98 17.95 15.92 13.74 11.56 9.33 7.09 4.88 2.68 0.56 -1.57 -3.59 -5.62 -7.57 -9.53 -11.45 -13.36 -15.28 -17.19 -19.09 -21.00 -22.87 -24.73 -26.49 -28.26 -29.82 -31.39 -32.66 -33.93 -34.79 -35.65 -36.02 -36.39 -36.23 -36.07 -35.40 -34.74 -33.65 -32.56 -31.13 -29.70 -28.01 -26.33 -24.47 -22.61 -20.65 -18.68 -16.64
58.69 58.45 58.22 57.41 56.61 55.29 53.98 52.27 50.56 48.60 46.64 44.55 42.47 40.39 38.31 36.34 34.37 32.56 30.75 29.10 27.44 25.89 24.34 22.78 21.23 19.57 17.92 16.11 14.30 12.34 10.39 8.36 6.33 4.29 2.26 0.27 -1.71 -3.63 -5.54 -7.39 -9.24 -11.04 -12.85 -14.62 -16.40 -18.15 -19.91 -21.62 -23.33 -24.95 -26.57 -28.03 -29.49 -30.69 -31.90 -32.76 -33.62 -34.04 -34.46 -34.40 -34.35 -33.81 -33.28 -32.32 -31.36 -30.04 -28.71 -27.09 -25.47 -23.63 -21.80 -19.83 -17.86 -15.81
56.05 55.73 55.41 54.52 53.64 52.24 50.84 49.05 47.26 45.21 43.16 41.00 38.84 36.70 34.56 32.55 30.54 28.74 26.94 25.35 23.75 22.31 20.87 19.48 18.08 16.63 15.17 13.59 12.01 10.30 8.58 6.78 4.99 3.16 1.33 -0.47 -2.28 -4.04 -5.80 -7.51 -9.21 -10.86 -12.51 -14.12 -15.73 -17.31 -18.88 -20.41 -21.94 -23.40 -24.85 -26.18 -27.50 -28.62 -29.74 -30.56 -31.39 -31.83 -32.27 -32.27 -32.28 -31.84 -31.41 -30.55 -29.69 -28.45 -27.21 -25.65 -24.09 -22.29 -20.49 -18.54 -16.59 -14.55
53.42 53.01 52.60 51.64 50.67 49.19 47.71 45.83 43.96 41.82 39.69 37.45 35.21 33.00 30.80 28.76 26.72 24.93 23.13 21.60 20.06 18.73 17.40 16.17 14.93 13.68 12.43 11.08 9.72 8.25 6.78 5.21 3.64 2.03 0.41 -1.22 -2.85 -4.46 -6.07 -7.62 -9.18 -10.68 -12.18 -13.62 -15.07 -16.46 -17.85 -19.20 -20.55 -21.85 -23.14 -24.33 -25.52 -26.55 -27.58 -28.37 -29.15 -29.61 -30.07 -30.14 -30.22 -29.87 -29.53 -28.78 -28.02 -26.87 -25.71 -24.21 -22.71 -20.95 -19.19 -17.26 -15.33 -13.30
50.08 49.60 49.12 48.08 47.04 45.48 43.93 41.98 40.02 37.81 35.60 33.28 30.96 28.69 26.42 24.33 22.25 20.45 18.65 17.16 15.67 14.43 13.19 12.10 11.01 9.95 8.89 7.76 6.64 5.42 4.19 2.88 1.56 0.18 -1.20 -2.61 -4.02 -5.43 -6.83 -8.20 -9.57 -10.87 -12.18 -13.42 -14.66 -15.85 -17.04 -18.19 -19.34 -20.45 -21.56 -22.60 -23.64 -24.56 -25.48 -26.21 -26.93 -27.38 -27.82 -27.93 -28.03 -27.75 -27.47 -26.79 -26.11 -25.03 -23.94 -22.51 -21.07 -19.35 -17.63 -15.73 -13.83 -11.82
46.74 46.18 45.63 44.52 43.41 41.78 40.15 38.12 36.09 33.80 31.50 29.10 26.71 24.37 22.03 19.91 17.78 15.98 14.17 12.72 11.27 10.12 8.98 8.03 7.09 6.22 5.35 4.45 3.56 2.58 1.61 0.55 -0.52 -1.66 -2.80 -3.99 -5.19 -6.40 -7.60 -8.78 -9.95 -11.07 -12.18 -13.22 -14.26 -15.24 -16.22 -17.17 -18.12 -19.05 -19.97 -20.87 -21.76 -22.57 -23.38 -24.05 -24.71 -25.14 -25.58 -25.71 -25.85 -25.63 -25.42 -24.81 -24.20 -23.19 -22.18 -20.80 -19.42 -17.74 -16.07 -14.20 -12.33 -10.34
