test/esri_led_20/synt_tma+240m_led_20.esri
nrows             510
ncols             462
xllcorner      398000.00
yllcorner     7846000.00
cellsize          500.00
NODATA_value    -9999
[rows 297 to 329 of 510, columns 0 to 74 of 462]
5.26 4.93 4.60 3.66 2.72 1.37 0.01 -1.50 -3.01 -4.37 -5.73 -6.69 -7.65 -8.04 -8.42 -8.20 -7.97 -7.20 -6.42 -5.23 -4.05 -2.60 -1.15 0.41 1.97 3.53 5.09 6.59 8.08 9.47 10.85 12.12 13.38 14.51 15.64 16.64 17.64 18.51 19.37 20.09 20.80 21.35 21.90 22.28 22.65 22.84 23.04 23.05 23.06 22.90 22.75 22.45 22.16 21.76 21.36 20.90 20.44 19.98 19.51 19.10 18.68 18.35 18.03 17.85 17.67 17.68 17.68 17.90 18.12 18.58 19.03 19.73 20.43 21.38 22.33
4.84 4.53 4.22 3.33 2.44 1.16 -0.12 -1.52 -2.93 -4.18 -5.42 -6.26 -7.10 -7.37 -7.65 -7.33 -7.01 -6.16 -5.32 -4.09 -2.87 -1.42 0.03 1.57 3.10 4.61 6.13 7.56 8.99 10.30 11.61 12.80 13.98 15.04 16.09 17.01 17.93 18.72 19.50 20.14 20.77 21.25 21.72 22.03 22.33 22.46 22.59 22.55 22.51 22.32 22.13 21.82 21.51 21.11 20.71 20.27 19.82 19.38 18.94 18.55 18.16 17.87 17.58 17.44 17.29 17.33 17.37 17.63 17.88 18.37 18.87 19.61 20.35 21.33 22.32
4.42 4.13 3.84 3.00 2.16 0.96 -0.24 -1.55 -2.85 -3.98 -5.11 -5.83 -6.55 -6.71 -6.87 -6.45 -6.04 -5.13 -4.21 -2.95 -1.69 -0.23 1.22 2.73 4.23 5.70 7.16 8.53 9.89 11.13 12.37 13.48 14.59 15.56 16.54 17.38 18.22 18.93 19.63 20.19 20.75 21.14 21.54 21.77 22.01 22.07 22.14 22.05 21.96 21.74 21.52 21.19 20.86 20.46 20.06 19.63 19.21 18.79 18.37 18.01 17.65 17.39 17.14 17.02 16.91 16.98 17.06 17.35 17.64 18.17 18.70 19.48 20.26 21.28 22.30
4.28 4.01 3.74 2.96 2.18 1.07 -0.04 -1.24 -2.43 -3.44 -4.46 -5.06 -5.67 -5.74 -5.81 -5.33 -4.86 -3.92 -2.98 -1.72 -0.47 0.95 2.36 3.81 5.25 6.63 8.02 9.30 10.58 11.73 12.89 13.91 14.93 15.83 16.72 17.48 18.24 18.85 19.47 19.94 20.41 20.72 21.03 21.17 21.32 21.31 21.30 21.15 21.00 20.73 20.46 20.11 19.76 19.36 18.96 18.55 18.14 17.75 17.36 17.04 16.71 16.49 16.27 16.20 16.13 16.24 16.35 16.68 17.01 17.58 18.14 18.96 19.78 20.83 21.89
4.14 3.89 3.64 2.92 2.20 1.18 0.16 -0.92 -2.01 -2.90 -3.80 -4.30 -4.79 -4.77 -4.75 -4.21 -3.67 -2.71 -1.74 -0.49 0.75 2.13 3.50 4.88 6.26 7.57 8.88 10.07 11.26 12.33 13.40 14.34 15.28 16.09 16.90 17.57 18.25 18.78 19.31 19.69 20.07 20.29 20.51 20.57 20.63 20.54 20.46 20.24 20.03 19.72 19.41 19.04 18.67 18.27 17.86 17.47 17.07 16.71 16.35 16.06 15.77 15.59 15.41 15.38 15.34 15.49 15.64 16.01 16.38 16.98 17.59 18.44 19.29 20.39 21.48
4.13 3.90 3.67 3.02 2.36 1.43 0.51 -0.47 -1.44 -2.22 -3.00 -3.40 -3.80 -3.71 -3.62 -3.05 -2.47 -1.51 -0.55 0.66 1.87 3.18 4.49 5.78 7.08 8.29 9.50 10.60 11.70 12.67 13.65 14.50 15.36 16.08 16.81 17.40 17.99 18.43 18.87 19.15 19.44 19.56 19.69 19.65 19.62 19.45 19.28 19.00 18.72 18.37 18.01 17.61 17.22 16.81 16.41 16.03 15.65 15.32 14.99 14.74 14.49 14.35 14.21 14.21 14.22 14.40 14.59 15.00 15.40 16.04 16.68 17.57 18.46 19.58 20.71
4.12 3.91 3.71 3.11 2.52 1.68 0.85 -0.01 -0.87 -1.54 -2.21 -2.51 -2.81 -2.65 -2.49 -1.88 -1.27 -0.31 0.65 1.82 2.99 4.23 5.47 6.68 7.89 9.01 10.12 11.13 12.13 13.02 13.90 14.67 15.43 16.07 16.72 17.22 17.72 18.07 18.43 18.62 18.81 18.84 18.86 18.74 18.62 18.36 18.11 17.76 17.41 17.01 16.61 16.18 15.76 15.36 14.95 14.59 14.23 13.93 13.63 13.42 13.20 13.10 13.00 13.05 13.09 13.32 13.54 13.98 14.42 15.10 15.78 16.70 17.62 18.78 19.94
4.10 3.92 3.73 3.20 2.67 1.92 1.18 0.42 -0.34 -0.90 -1.47 -1.69 -1.91 -1.69 -1.48 -0.86 -0.24 0.70 1.64 2.75 3.87 5.03 6.20 7.31 8.43 9.45 10.47 11.37 12.28 13.07 13.87 14.55 15.23 15.79 16.34 16.76 17.18 17.44 17.70 17.80 17.90 17.83 17.76 17.55 17.33 17.00 16.66 16.25 15.84 15.39 14.94 14.50 14.06 13.66 13.25 12.91 12.57 12.30 12.03 11.85 11.67 11.61 11.55 11.63 11.71 11.97 12.23 12.70 13.17 13.88 14.59 15.55 16.50 17.69 18.88
4.09 3.93 3.76 3.29 2.81 2.16 1.51 0.85 0.20 -0.27 -0.73 -0.87 -1.00 -0.74 -0.47 0.17 0.80 1.72 2.63 3.69 4.75 5.84 6.92 7.94 8.97 9.89 10.81 11.62 12.43 13.13 13.84 14.43 15.03 15.50 15.97 16.31 16.64 16.81 16.98 16.98 16.99 16.82 16.66 16.35 16.04 15.63 15.21 14.74 14.26 13.77 13.28 12.82 12.35 11.95 11.55 11.23 10.90 10.66 10.43 10.29 10.15 10.12 10.09 10.21 10.33 10.62 10.91 11.42 11.92 12.66 13.40 14.39 15.38 16.60 17.82
3.99 3.84 3.70 3.27 2.85 2.28 1.70 1.14 0.58 0.20 -0.18 -0.25 -0.32 -0.02 0.28 0.92 1.56 2.44 3.32 4.32 5.32 6.32 7.32 8.25 9.18 10.01 10.83 11.55 12.27 12.89 13.51 14.02 14.53 14.92 15.31 15.56 15.81 15.90 15.98 15.89 15.81 15.55 15.30 14.91 14.52 14.04 13.55 13.02 12.49 11.96 11.44 10.97 10.49 10.10 9.70 9.40 9.10 8.89 8.69 8.58 8.47 8.48 8.49 8.63 8.78 9.10 9.42 9.95 10.48 11.25 12.02 13.03 14.05 15.30 16.55
3.88 3.76 3.63 3.26 2.89 2.39 1.90 1.43 0.95 0.66 0.36 0.36 0.36 0.70 1.03 1.67 2.31 3.16 4.01 4.94 5.88 6.80 7.72 8.56 9.40 10.13 10.86 11.49 12.11 12.64 13.17 13.60 14.03 14.34 14.65 14.82 14.98 14.98 14.98 14.80 14.62 14.28 13.94 13.47 13.00 12.44 11.89 11.30 10.72 10.16 9.60 9.12 8.63 8.25 7.86 7.58 7.30 7.12 6.95 6.88 6.80 6.84 6.88 7.06 7.23 7.58 7.93 8.48 9.04 9.83 10.63 11.67 12.72 14.00 15.28
3.66 3.54 3.43 3.10 2.78 2.35 1.91 1.51 1.11 0.88 0.65 0.70 0.75 1.10 1.46 2.09 2.72 3.53 4.33 5.21 6.09 6.93 7.77 8.53 9.28 9.92 10.57 11.11 11.65 12.09 12.54 12.89 13.24 13.47 13.70 13.79 13.87 13.79 13.70 13.45 13.19 12.77 12.35 11.81 11.27 10.66 10.05 9.43 8.81 8.24 7.66 7.18 6.70 6.32 5.95 5.70 5.45 5.30 5.16 5.12 5.08 5.15 5.21 5.41 5.61 5.98 6.34 6.92 7.49 8.31 9.13 10.20 11.27 12.58 13.90
3.43 3.33 3.23 2.95 2.67 2.30 1.93 1.60 1.27 1.11 0.94 1.04 1.13 1.51 1.89 2.50 3.12 3.89 4.66 5.48 6.29 7.06 7.82 8.49 9.16 9.71 10.27 10.72 11.18 11.54 11.91 12.18 12.45 12.60 12.75 12.75 12.76 12.59 12.43 12.09 11.75 11.26 10.76 10.16 9.55 8.88 8.22 7.56 6.91 6.32 5.72 5.24 4.76 4.40 4.05 3.82 3.60 3.48 3.37 3.36 3.35 3.45 3.54 3.76 3.99 4.37 4.76 5.35 5.95 6.79 7.62 8.72 9.82 11.16 12.51
3.09 3.00 2.91 2.66 2.41 2.09 1.76 1.49 1.21 1.09 0.98 1.10 1.22 1.60 1.99 2.59 3.19 3.91 4.64 5.40 6.15 6.84 7.54 8.13 8.71 9.19 9.66 10.04 10.41 10.69 10.98 11.17 11.36 11.44 11.51 11.44 11.37 11.13 10.89 10.48 10.08 9.52 8.97 8.31 7.66 6.96 6.26 5.59 4.92 4.32 3.73 3.27 2.80 2.47 2.14 1.95 1.76 1.68 1.60 1.62 1.64 1.76 1.88 2.12 2.36 2.76 3.17 3.78 4.38 5.24 6.10 7.22 8.34 9.71 11.09
2.76 2.67 2.59 2.37 2.15 1.88 1.60 1.38 1.15 1.08 1.01 1.16 1.31 1.70 2.09 2.67 3.25 3.94 4.62 5.31 6.01 6.63 7.25 7.76 8.27 8.66 9.06 9.35 9.64 9.85 10.05 10.16 10.28 10.27 10.27 10.13 9.98 9.67 9.35 8.88 8.40 7.79 7.17 6.47 5.76 5.03 4.30 3.61 2.92 2.33 1.74 1.29 0.84 0.54 0.24 0.08 -0.08 -0.13 -0.17 -0.12 -0.07 0.08 0.22 0.48 0.74 1.16 1.57 2.20 2.82 3.69 4.57 5.71 6.86 8.26 9.67
2.34 2.26 2.18 1.99 1.79 1.54 1.30 1.10 0.91 0.86 0.82 0.98 1.14 1.52 1.90 2.45 3.01 3.65 4.29 4.92 5.55 6.11 6.66 7.10 7.53 7.85 8.17 8.38 8.59 8.72 8.85 8.88 8.92 8.84 8.76 8.54 8.33 7.95 7.57 7.04 6.51 5.85 5.20 4.47 3.74 2.99 2.25 1.57 0.88 0.31 -0.26 -0.68 -1.10 -1.37 -1.63 -1.75 -1.87 -1.88 -1.89 -1.80 -1.72 -1.55 -1.38 -1.10 -0.82 -0.39 0.04 0.67 1.31 2.20 3.09 4.26 5.42 6.86 8.30
1.92 1.85 1.78 1.60 1.42 1.21 0.99 0.83 0.67 0.65 0.62 0.80 0.97 1.34 1.71 2.24 2.76 3.36 3.95 4.53 5.10 5.59 6.07 6.43 6.79 7.03 7.27 7.41 7.55 7.60 7.64 7.60 7.56 7.41 7.25 6.96 6.68 6.24 5.79 5.21 4.62 3.92 3.22 2.47 1.71 0.95 0.20 -0.48 -1.16 -1.71 -2.26 -2.65 -3.05 -3.27 -3.50 -3.58 -3.66 -3.63 -3.60 -3.48 -3.37 -3.17 -2.98 -2.68 -2.39 -1.94 -1.50 -0.85 -0.20 0.71 1.61 2.80 3.99 5.46 6.92
1.45 1.38 1.31 1.14 0.97 0.77 0.58 0.43 0.28 0.27 0.25 0.42 0.59 0.94 1.29 1.78 2.26 2.81 3.35 3.87 4.38 4.80 5.22 5.51 5.80 5.96 6.13 6.19 6.25 6.22 6.19 6.07 5.95 5.73 5.50 5.15 4.79 4.30 3.80 3.18 2.55 1.83 1.11 0.34 -0.42 -1.17 -1.91 -2.57 -3.22 -3.74 -4.26 -4.60 -4.95 -5.13 -5.31 -5.35 -5.38 -5.31 -5.23 -5.08 -4.93 -4.71 -4.49 -4.17 -3.85 -3.39 -2.93 -2.26 -1.60 -0.68 0.25 1.46 2.67 4.16 5.66
0.98 0.91 0.84 0.68 0.53 0.34 0.16 0.03 -0.10 -0.11 -0.12 0.04 0.20 0.53 0.86 1.31 1.76 2.26 2.75 3.21 3.66 4.01 4.36 4.58 4.80 4.89 4.98 4.97 4.95 4.84 4.73 4.54 4.34 4.04 3.75 3.33 2.91 2.36 1.81 1.15 0.48 -0.26 -1.01 -1.78 -2.56 -3.29 -4.02 -4.66 -5.29 -5.77 -6.25 -6.55 -6.86 -6.99 -7.12 -7.11 -7.10 -6.98 -6.87 -6.68 -6.49 -6.24 -5.99 -5.65 -5.31 -4.84 -4.36 -3.68 -3.00 -2.06 -1.12 0.11 1.34 2.87 4.39
0.46 0.39 0.32 0.16 0.01 -0.17 -0.35 -0.48 -0.61 -0.62 -0.64 -0.49 -0.35 -0.05 0.24 0.65 1.05 1.49 1.93 2.32 2.72 3.00 3.28 3.43 3.58 3.59 3.61 3.52 3.43 3.24 3.06 2.79 2.52 2.15 1.78 1.31 0.83 0.24 -0.35 -1.04 -1.73 -2.48 -3.24 -4.00 -4.76 -5.46 -6.17 -6.76 -7.35 -7.78 -8.21 -8.46 -8.71 -8.79 -8.87 -8.80 -8.73 -8.57 -8.40 -8.18 -7.95 -7.66 -7.38 -7.01 -6.64 -6.14 -5.64 -4.94 -4.24 -3.28 -2.32 -1.07 0.18 1.73 3.27
-0.07 -0.14 -0.21 -0.36 -0.51 -0.68 -0.85 -0.98 -1.11 -1.13 -1.15 -1.03 -0.91 -0.64 -0.38 -0.02 0.34 0.73 1.11 1.44 1.77 1.99 2.20 2.28 2.35 2.30 2.24 2.07 1.90 1.64 1.38 1.03 0.69 0.25 -0.18 -0.72 -1.25 -1.88 -2.51 -3.23 -3.94 -4.70 -5.46 -6.21 -6.96 -7.64 -8.31 -8.87 -9.42 -9.80 -10.18 -10.37 -10.57 -10.59 -10.61 -10.49 -10.37 -10.16 -9.94 -9.67 -9.40 -9.08 -8.76 -8.37 -7.98 -7.45 -6.93 -6.21 -5.49 -4.51 -3.53 -2.26 -0.98 0.59 2.16
-0.65 -0.73 -0.80 -0.95 -1.10 -1.27 -1.45 -1.59 -1.72 -1.76 -1.80 -1.70 -1.61 -1.38 -1.16 -0.85 -0.54 -0.22 0.11 0.37 0.63 0.78 0.93 0.93 0.94 0.81 0.68 0.43 0.19 -0.15 -0.48 -0.90 -1.31 -1.81 -2.31 -2.89 -3.47 -4.13 -4.80 -5.52 -6.25 -6.99 -7.74 -8.46 -9.19 -9.82 -10.46 -10.95 -11.45 -11.77 -12.09 -12.23 -12.36 -12.31 -12.27 -12.09 -11.91 -11.64 -11.37 -11.05 -10.73 -10.37 -10.01 -9.58 -9.15 -8.60 -8.04 -7.29 -6.55 -5.55 -4.54 -3.25 -1.95 -0.36 1.23
-1.24 -1.32 -1.39 -1.54 -1.69 -1.87 -2.04 -2.19 -2.33 -2.39 -2.44 -2.37 -2.31 -2.12 -1.94 -1.68 -1.43 -1.16 -0.90 -0.70 -0.50 -0.43 -0.35 -0.42 -0.48 -0.68 -0.89 -1.21 -1.52 -1.93 -2.34 -2.83 -3.32 -3.88 -4.44 -5.07 -5.69 -6.39 -7.08 -7.81 -8.55 -9.29 -10.03 -10.72 -11.41 -12.01 -12.60 -13.04 -13.49 -13.75 -14.01 -14.08 -14.14 -14.04 -13.93 -13.69 -13.45 -13.13 -12.80 -12.43 -12.07 -11.66 -11.26 -10.79 -10.32 -9.74 -9.15 -8.38 -7.61 -6.58 -5.56 -4.24 -2.92 -1.31 0.30
-1.91 -1.99 -2.07 -2.22 -2.37 -2.55 -2.73 -2.89 -3.04 -3.12 -3.20 -3.16 -3.13 -2.99 -2.86 -2.66 -2.46 -2.26 -2.06 -1.93 -1.80 -1.79 -1.78 -1.92 -2.06 -2.33 -2.61 -3.00 -3.39 -3.87 -4.35 -4.90 -5.45 -6.06 -6.67 -7.33 -8.00 -8.71 -9.42 -10.15 -10.88 -11.60 -12.31 -12.97 -13.62 -14.16 -14.70 -15.08 -15.46 -15.65 -15.84 -15.84 -15.84 -15.66 -15.49 -15.18 -14.88 -14.49 -14.11 -13.68 -13.25 -12.80 -12.34 -11.83 -11.32 -10.69 -10.07 -9.26 -8.45 -7.40 -6.35 -5.01 -3.67 -2.05 -0.42
-2.58 -2.66 -2.74 -2.89 -3.05 -3.23 -3.42 -3.59 -3.76 -3.85 -3.95 -3.95 -3.96 -3.86 -3.77 -3.63 -3.48 -3.35 -3.21 -3.15 -3.09 -3.16 -3.22 -3.43 -3.64 -3.98 -4.33 -4.79 -5.25 -5.80 -6.35 -6.96 -7.57 -8.24 -8.90 -9.60 -10.31 -11.03 -11.76 -12.49 -13.22 -13.91 -14.60 -15.21 -15.83 -16.31 -16.79 -17.11 -17.43 -17.55 -17.67 -17.60 -17.53 -17.29 -17.04 -16.67 -16.30 -15.85 -15.41 -14.93 -14.44 -13.94 -13.43 -12.87 -12.31 -11.65 -10.98 -10.14 -9.30 -8.22 -7.14 -5.79 -4.43 -2.78 -1.14
-3.33 -3.41 -3.50 -3.65 -3.81 -4.00 -4.19 -4.37 -4.55 -4.67 -4.80 -4.84 -4.87 -4.83 -4.79 -4.71 -4.62 -4.55 -4.48 -4.49 -4.50 -4.64 -4.77 -5.05 -5.32 -5.74 -6.15 -6.68 -7.20 -7.81 -8.42 -9.09 -9.76 -10.46 -11.17 -11.90 -12.62 -13.36 -14.09 -14.80 -15.51 -16.17 -16.83 -17.39 -17.95 -18.37 -18.79 -19.04 -19.28 -19.33 -19.38 -19.24 -19.09 -18.77 -18.46 -18.02 -17.58 -17.06 -16.55 -16.01 -15.46 -14.89 -14.33 -13.72 -13.10 -12.39 -11.68 -10.80 -9.92 -8.81 -7.70 -6.32 -4.94 -3.29 -1.64
-4.09 -4.17 -4.25 -4.41 -4.57 -4.76 -4.96 -5.16 -5.35 -5.50 -5.64 -5.72 -5.79 -5.80 -5.81 -5.78 -5.76 -5.75 -5.75 -5.83 -5.91 -6.11 -6.32 -6.67 -7.01 -7.50 -7.98 -8.57 -9.16 -9.83 -10.50 -11.22 -11.94 -12.69 -13.43 -14.19 -14.94 -15.68 -16.42 -17.11 -17.81 -18.43 -19.06 -19.57 -20.07 -20.43 -20.79 -20.97 -21.14 -21.12 -21.09 -20.87 -20.65 -20.26 -19.87 -19.36 -18.85 -18.27 -17.69 -17.08 -16.48 -15.85 -15.23 -14.56 -13.89 -13.13 -12.37 -11.45 -10.54 -9.40 -8.26 -6.86 -5.46 -3.80 -2.14
-4.89 -4.98 -5.06 -5.22 -5.38 -5.58 -5.78 -5.99 -6.20 -6.37 -6.54 -6.65 -6.76 -6.82 -6.88 -6.91 -6.95 -7.01 -7.08 -7.23 -7.38 -7.65 -7.92 -8.34 -8.75 -9.30 -9.84 -10.49 -11.14 -11.86 -12.58 -13.34 -14.11 -14.88 -15.66 -16.43 -17.19 -17.92 -18.66 -19.33 -20.00 -20.58 -21.15 -21.60 -22.06 -22.34 -22.63 -22.73 -22.83 -22.73 -22.62 -22.32 -22.03 -21.56 -21.10 -20.52 -19.93 -19.29 -18.64 -17.96 -17.29 -16.60 -15.91 -15.18 -14.46 -13.64 -12.83 -11.87 -10.90 -9.73 -8.56 -7.15 -5.73 -4.07 -2.41
-5.70 -5.78 -5.87 -6.03 -6.19 -6.40 -6.61 -6.82 -7.04 -7.24 -7.43 -7.58 -7.73 -7.84 -7.95 -8.04 -8.14 -8.27 -8.41 -8.63 -8.85 -9.19 -9.53 -10.01 -10.49 -11.10 -11.70 -12.41 -13.12 -13.89 -14.66 -15.47 -16.27 -17.08 -17.88 -18.66 -19.44 -20.17 -20.89 -21.54 -22.18 -22.72 -23.25 -23.64 -24.04 -24.25 -24.47 -24.50 -24.52 -24.34 -24.16 -23.78 -23.40 -22.86 -22.33 -21.67 -21.02 -20.30 -19.58 -18.84 -18.10 -17.34 -16.59 -15.81 -15.02 -14.15 -13.29 -12.28 -11.27 -10.07 -8.87 -7.44 -6.01 -4.34 -2.68
-6.51 -6.59 -6.68 -6.84 -7.00 -7.21 -7.43 -7.66 -7.89 -8.11 -8.33 -8.51 -8.70 -8.86 -9.02 -9.17 -9.33 -9.53 -9.73 -10.02 -10.31 -10.71 -11.12 -11.66 -12.20 -12.87 -13.53 -14.28 -15.04 -15.85 -16.66 -17.50 -18.34 -19.16 -19.98 -20.76 -21.55 -22.26 -22.97 -23.58 -24.19 -24.67 -25.16 -25.48 -25.81 -25.96 -26.10 -26.04 -25.99 -25.72 -25.46 -25.01 -24.55 -23.94 -23.32 -22.60 -21.87 -21.08 -20.29 -19.48 -18.67 -17.85 -17.04 -16.19 -15.34 -14.42 -13.49 -12.44 -11.39 -10.16 -8.93 -7.48 -6.04 -4.38 -2.72
-7.32 -7.41 -7.49 -7.65 -7.81 -8.03 -8.25 -8.49 -8.74 -8.98 -9.22 -9.45 -9.67 -9.88 -10.09 -10.30 -10.52 -10.79 -11.06 -11.41 -11.77 -12.24 -12.71 -13.32 -13.92 -14.63 -15.35 -16.16 -16.96 -17.81 -18.67 -19.53 -20.40 -21.24 -22.08 -22.87 -23.65 -24.35 -25.04 -25.62 -26.20 -26.63 -27.06 -27.32 -27.59 -27.66 -27.73 -27.59 -27.45 -27.11 -26.77 -26.23 -25.70 -25.01 -24.32 -23.52 -22.72 -21.86 -21.01 -20.13 -19.25 -18.36 -17.48 -16.57 -15.66 -14.68 -13.70 -12.60 -11.51 -10.24 -8.98 -7.53 -6.07 -4.42 -2.77
-8.07 -8.16 -8.24 -8.40 -8.57 -8.79 -9.01 -9.27 -9.53 -9.79 -10.06 -10.32 -10.58 -10.84 -11.10 -11.38 -11.65 -11.98 -12.31 -12.73 -13.15 -13.69 -14.22 -14.88 -15.54 -16.30 -17.06 -17.90 -18.75 -19.63 -20.52 -21.40 -22.29 -23.14 -23.99 -24.76 -25.54 -26.21 -26.88 -27.42 -27.96 -28.34 -28.72 -28.91 -29.11 -29.10 -29.10 -28.88 -28.66 -28.24 -27.81 -27.20 -26.59 -25.82 -25.06 -24.19 -23.32 -22.40 -21.47 -20.53 -19.58 -18.63 -17.68 -16.71 -15.73 -14.70 -13.67 -12.52 -11.38 -10.09 -8.80 -7.33 -5.87 -4.23 -2.59
-8.82 -8.91 -8.99 -9.16 -9.32 -9.55 -9.78 -10.05 -10.32 -10.61 -10.90 -11.20 -11.49 -11.80 -12.11 -12.45 -12.78 -13.18 -13.57 -14.06 -14.54 -15.14 -15.73 -16.44 -17.15 -17.96 -18.77 -19.65 -20.54 -21.45 -22.36 -23.27 -24.17 -25.03 -25.89 -26.66 -27.43 -28.08 -28.73 -29.23 -29.73 -30.05 -30.38 -30.50 -30.63 -30.55 -30.46 -30.17 -29.87 -29.36 -28.86 -28.16 -27.47 -26.64 -25.80 -24.86 -23.92 -22.93 -21.94 -20.93 -19.92 -18.90 -17.88 -16.85 -15.81 -14.72 -13.63 -12.44 -11.26 -9.94 -8.62 -7.14 -5.67 -4.05 -2.42
