test/esri_led_20/synt_tma_4800m_led_20.esri
nrows             510
ncols             462
xllcorner      398000.00
yllcorner     7846000.00
cellsize          500.00
NODATA_value    -9999
[rows 416 to 447 of 510, columns 288 to 359 of 462]
-131.96 -106.31 -80.67 -57.12 -33.58 -13.32 6.94 23.68 40.41 52.24 64.06 68.35 72.64 68.36 64.09 53.93 43.77 32.23 20.68 10.98 1.27 -5.54 -12.35 -16.44 -20.54 -22.26 -23.98 -23.40 -22.82 -20.04 -17.26 -12.83 -8.40 -3.10 2.20 7.71 13.22 18.44 23.66 27.84 32.03 33.84 35.65 33.60 31.55 25.38 19.22 11.31 3.41 -1.31 -6.02 -2.12 1.78 16.63 31.48 54.13 76.79 99.93 123.07 139.20 155.33 160.89 166.44 162.93 159.42 150.09 140.76 127.41 114.07 98.01 81.94 66.19
-132.03 -105.10 -78.17 -54.80 -31.43 -12.74 5.96 20.36 34.76 44.37 53.98 56.94 59.90 55.54 51.18 42.10 33.03 23.39 13.75 6.33 -1.10 -5.60 -10.09 -12.14 -14.19 -14.46 -14.73 -13.61 -12.48 -10.19 -7.91 -4.78 -1.66 1.90 5.46 9.15 12.84 16.35 19.87 22.64 25.41 26.35 27.29 25.16 23.03 17.72 12.42 6.20 -0.02 -2.35 -4.68 2.29 9.25 27.82 46.39 73.04 99.69 126.30 152.90 171.02 189.15 194.82 200.50 195.68 190.87 179.54 168.21 152.55 136.89 118.22 99.54 80.93
-121.49 -96.05 -70.62 -49.97 -29.33 -14.46 0.41 10.39 20.38 26.11 31.84 32.73 33.62 29.64 25.66 18.97 12.29 6.05 -0.19 -3.96 -7.73 -8.72 -9.70 -8.66 -7.63 -5.67 -3.71 -1.70 0.30 1.97 3.64 5.00 6.36 7.69 9.02 10.59 12.15 13.97 15.79 17.48 19.16 19.76 20.36 18.79 17.23 13.48 9.72 5.92 2.11 2.68 3.25 13.10 22.95 44.04 65.13 93.80 122.47 150.42 178.36 196.82 215.27 220.09 224.92 218.31 211.71 198.27 184.83 167.27 149.72 129.52 109.33 89.30
-110.94 -87.01 -63.07 -45.14 -27.22 -16.18 -5.15 0.43 6.01 7.85 9.69 8.52 7.34 3.74 0.14 -4.15 -8.45 -11.29 -14.12 -14.25 -14.37 -11.84 -9.31 -5.19 -1.06 3.13 7.31 10.20 13.09 14.13 15.18 14.78 14.38 13.48 12.58 12.02 11.46 11.59 11.72 12.32 12.91 13.17 13.42 12.43 11.43 9.23 7.02 5.63 4.24 7.71 11.17 23.91 36.65 60.26 83.86 114.55 145.24 174.53 203.82 222.61 241.40 245.36 249.33 240.94 232.56 217.00 201.44 181.99 162.54 140.83 119.12 97.66
-90.98 -70.84 -50.69 -37.52 -24.34 -18.93 -13.52 -13.96 -14.41 -17.71 -21.02 -24.79 -28.57 -31.38 -34.20 -35.13 -36.06 -34.44 -32.83 -28.43 -24.04 -17.28 -10.51 -2.68 5.15 12.01 18.87 22.79 26.71 26.92 27.12 24.54 21.95 18.43 14.90 12.02 9.13 7.63 6.13 5.92 5.71 6.04 6.38 6.41 6.45 6.26 6.07 7.51 8.96 15.51 22.06 37.31 52.57 77.59 102.62 133.74 164.86 193.90 222.93 240.81 258.68 261.01 263.35 252.87 242.39 224.91 207.44 186.90 166.37 144.55 122.72 101.47
-71.03 -54.67 -38.31 -29.89 -21.47 -21.68 -21.89 -28.35 -34.82 -43.27 -51.73 -58.10 -64.47 -66.51 -68.55 -66.10 -63.66 -57.60 -51.54 -42.62 -33.71 -22.71 -11.72 -0.18 11.35 20.90 30.44 35.39 40.34 39.70 39.07 34.30 29.53 23.37 17.22 12.01 6.80 3.67 0.54 -0.48 -1.50 -1.09 -0.67 0.39 1.46 3.29 5.12 9.40 13.67 23.31 32.95 50.72 68.49 94.93 121.37 152.93 184.48 213.26 242.04 259.00 275.96 276.66 277.36 264.80 252.23 232.83 213.44 191.82 170.20 148.26 126.32 105.28
-46.13 -34.68 -23.24 -20.37 -17.51 -23.79 -30.08 -42.75 -55.42 -69.02 -82.62 -91.48 -100.34 -101.46 -102.58 -96.69 -90.81 -80.35 -69.89 -56.65 -43.40 -28.47 -13.54 1.35 16.25 28.14 40.03 45.73 51.43 49.74 48.05 40.95 33.85 25.01 16.18 8.67 1.17 -3.51 -8.19 -9.90 -11.61 -10.99 -10.37 -8.18 -5.99 -2.13 1.74 8.72 15.70 28.08 40.47 60.16 79.85 106.91 133.96 165.06 196.15 223.90 251.64 267.15 282.66 281.56 280.46 266.12 251.78 231.34 210.90 189.55 168.20 147.83 127.46 108.43
-21.23 -14.70 -8.17 -10.85 -13.54 -25.91 -38.28 -57.15 -76.02 -94.77 -113.51 -124.85 -136.20 -136.40 -136.61 -127.28 -117.95 -103.10 -88.24 -70.67 -53.10 -34.24 -15.37 2.88 21.14 35.38 49.63 56.08 62.53 59.78 57.03 47.60 38.17 26.65 15.14 5.33 -4.47 -10.70 -16.93 -19.32 -21.71 -20.89 -20.08 -16.76 -13.44 -7.54 -1.65 8.03 17.72 32.85 47.99 69.60 91.22 118.88 146.55 177.19 207.82 234.53 261.23 275.30 289.37 286.47 283.56 267.45 251.33 229.85 208.36 187.28 166.20 147.40 128.60 111.57
3.43 4.91 6.40 -1.40 -9.20 -26.58 -43.96 -67.49 -91.01 -113.35 -135.69 -148.64 -161.58 -160.99 -160.41 -148.52 -136.64 -118.59 -100.54 -79.96 -59.38 -38.02 -16.65 3.48 23.61 38.92 54.23 60.66 67.08 63.14 59.20 47.74 36.28 22.50 8.71 -3.08 -14.88 -22.53 -30.19 -33.34 -36.49 -35.68 -34.86 -30.70 -26.53 -18.95 -11.37 0.51 12.39 29.58 46.76 69.53 92.30 119.86 147.42 176.91 206.40 231.46 256.53 268.97 281.41 277.26 273.10 256.46 239.82 218.98 198.14 179.24 160.35 145.19 130.03 117.20
28.09 24.53 20.97 8.05 -4.86 -27.25 -49.65 -77.83 -106.00 -131.94 -157.87 -172.42 -186.96 -185.58 -184.20 -169.76 -155.32 -134.08 -112.84 -89.25 -65.66 -41.79 -17.93 4.08 26.09 42.46 58.83 65.23 71.64 66.50 61.36 47.88 34.40 18.34 2.29 -11.50 -25.28 -34.37 -43.45 -47.35 -51.26 -50.46 -49.65 -44.64 -39.62 -30.36 -21.09 -7.01 7.07 26.30 45.52 69.45 93.39 120.84 148.30 176.64 204.97 228.40 251.82 262.64 273.46 268.05 262.63 245.47 228.30 208.11 187.91 171.20 154.49 142.98 131.47 122.83
48.54 40.46 32.38 15.64 -1.10 -26.45 -51.80 -82.07 -112.34 -139.51 -166.68 -181.54 -196.39 -194.43 -192.46 -176.77 -161.09 -138.41 -115.74 -91.06 -66.38 -42.08 -17.77 4.01 25.78 41.44 57.09 62.49 67.88 61.52 55.16 40.25 25.33 7.70 -9.93 -25.21 -40.49 -50.82 -61.14 -65.96 -70.78 -70.39 -69.99 -64.58 -59.18 -48.64 -38.10 -22.32 -6.55 14.05 34.65 59.03 83.41 110.11 136.82 163.27 189.73 210.77 231.82 240.79 249.76 243.85 237.93 221.76 205.58 187.81 170.03 157.35 144.67 138.86 133.05 131.01
69.00 56.40 43.80 23.23 2.66 -25.64 -53.95 -86.31 -118.68 -147.08 -175.49 -190.66 -205.83 -203.27 -200.72 -183.78 -166.85 -142.74 -118.64 -92.87 -67.09 -42.36 -17.62 3.93 25.48 40.42 55.36 59.74 64.12 56.54 48.97 32.61 16.26 -2.94 -22.14 -38.92 -55.70 -67.27 -78.84 -84.57 -90.30 -90.31 -90.33 -84.53 -78.73 -66.92 -55.11 -37.64 -20.17 1.80 23.77 48.60 73.44 99.38 125.33 149.91 174.48 193.15 211.81 218.94 226.07 219.65 213.24 198.05 182.86 167.51 152.15 143.50 134.85 134.74 134.64 139.18
82.19 66.34 50.48 27.98 5.47 -23.43 -52.33 -84.32 -116.30 -143.89 -171.47 -185.88 -200.29 -197.28 -194.27 -177.18 -160.10 -136.20 -112.30 -87.31 -62.33 -39.13 -15.93 3.53 22.99 35.80 48.60 51.30 54.00 45.32 36.65 19.51 2.36 -17.64 -37.65 -55.32 -72.99 -85.50 -98.00 -104.69 -111.38 -112.14 -112.90 -107.08 -101.26 -88.43 -75.59 -56.65 -37.70 -14.66 8.39 33.35 58.31 83.19 108.07 130.35 152.63 168.38 184.13 189.08 194.02 187.20 180.38 166.58 152.79 140.30 127.81 123.74 119.66 126.18 132.69 145.33
95.38 76.27 57.17 32.72 8.28 -21.22 -50.72 -82.32 -113.92 -140.69 -167.46 -181.10 -194.75 -191.28 -187.81 -170.58 -153.35 -129.65 -105.96 -81.76 -57.57 -35.91 -14.25 3.13 20.51 31.18 41.85 42.86 43.87 34.10 24.34 6.41 -11.53 -32.35 -53.17 -71.73 -90.29 -103.72 -117.15 -124.80 -132.46 -133.96 -135.47 -129.63 -123.78 -109.93 -96.08 -75.66 -55.24 -31.11 -6.99 18.09 43.18 66.99 90.80 110.79 130.78 143.62 156.46 159.22 161.98 154.75 147.53 135.12 122.71 113.09 103.48 103.97 104.47 117.61 130.75 151.48
97.21 77.27 57.34 33.58 9.83 -17.74 -45.31 -74.37 -103.43 -127.87 -152.30 -164.50 -176.70 -172.98 -169.25 -152.86 -136.47 -114.50 -92.52 -70.80 -49.08 -30.51 -11.93 2.17 16.27 24.14 32.02 31.30 30.58 20.24 9.91 -7.89 -25.68 -46.26 -66.84 -85.40 -103.97 -117.79 -131.60 -140.03 -148.46 -150.79 -153.11 -147.39 -141.67 -126.85 -112.03 -90.07 -68.12 -42.78 -17.45 7.96 33.38 56.35 79.32 97.20 115.08 124.99 134.90 135.01 135.11 126.43 117.75 105.18 92.61 84.08 75.55 78.86 82.18 100.48 118.78 146.66
99.04 78.28 57.51 34.44 11.38 -14.27 -39.91 -66.43 -92.95 -115.05 -137.14 -147.90 -158.66 -154.68 -150.70 -135.15 -119.60 -99.34 -79.08 -59.84 -40.60 -25.11 -9.62 1.21 12.03 17.11 22.19 19.74 17.29 6.38 -4.53 -22.18 -39.83 -60.17 -80.50 -99.08 -117.65 -131.85 -146.05 -155.26 -164.47 -167.62 -170.76 -165.15 -159.55 -143.77 -127.98 -104.49 -81.00 -54.45 -27.90 -2.17 23.57 45.70 67.84 83.61 99.39 106.36 113.34 110.79 108.25 98.11 87.97 75.24 62.52 55.07 47.62 53.76 59.89 83.35 106.81 141.83
84.41 66.53 48.64 29.66 10.68 -10.16 -31.00 -52.68 -74.35 -92.52 -110.69 -119.42 -128.15 -124.47 -120.79 -107.54 -94.29 -77.58 -60.87 -45.79 -30.71 -19.55 -8.40 -1.56 5.28 7.44 9.60 5.92 2.25 -8.07 -18.38 -34.23 -50.07 -68.39 -86.71 -103.90 -121.09 -134.91 -148.73 -158.39 -168.06 -171.85 -175.64 -170.06 -164.49 -147.71 -130.94 -105.75 -80.57 -52.37 -24.17 2.52 29.21 51.21 73.20 87.57 101.94 106.39 110.84 105.06 99.28 85.64 72.00 55.87 39.74 29.56 19.38 24.34 29.30 53.78 78.26 116.35
69.77 54.77 39.78 24.88 9.99 -6.06 -22.10 -38.92 -55.75 -70.00 -84.24 -90.94 -97.64 -94.26 -90.89 -79.93 -68.98 -55.82 -42.65 -31.73 -20.81 -13.99 -7.17 -4.32 -1.47 -2.23 -2.99 -7.89 -12.79 -22.51 -32.23 -46.27 -60.31 -76.62 -92.92 -108.72 -124.53 -137.97 -151.41 -161.52 -171.64 -176.08 -180.52 -174.97 -169.43 -151.66 -133.89 -107.02 -80.14 -50.29 -20.44 7.21 34.86 56.71 78.56 91.52 104.49 106.41 108.33 99.32 90.30 73.17 56.03 36.50 16.97 4.06 -8.85 -5.07 -1.29 24.21 49.71 90.87
36.36 28.32 20.27 12.90 5.53 -2.91 -11.36 -21.00 -30.65 -39.22 -47.79 -51.84 -55.89 -53.64 -51.39 -44.55 -37.71 -30.06 -22.42 -17.20 -11.98 -10.43 -8.89 -10.43 -11.98 -15.56 -19.15 -24.49 -29.84 -37.39 -44.93 -54.96 -64.99 -77.00 -89.02 -101.81 -114.60 -126.92 -139.23 -149.58 -159.92 -164.84 -169.76 -164.10 -158.44 -139.60 -120.76 -91.92 -63.09 -30.91 1.26 30.78 60.31 82.97 105.63 118.16 130.69 130.75 130.81 118.05 105.29 82.29 59.28 32.42 5.56 -14.75 -35.07 -37.44 -39.81 -18.61 2.58 41.22
2.95 1.86 0.77 0.92 1.07 0.23 -0.62 -3.08 -5.54 -8.44 -11.34 -12.75 -14.15 -13.02 -11.90 -9.17 -6.44 -4.31 -2.18 -2.66 -3.14 -6.87 -10.60 -16.55 -22.49 -28.90 -35.31 -41.10 -46.89 -52.26 -57.63 -63.64 -69.66 -77.39 -85.12 -94.89 -104.67 -115.86 -127.06 -137.63 -148.21 -153.61 -159.01 -153.23 -147.45 -127.53 -107.62 -76.83 -46.03 -11.53 22.97 54.36 85.76 109.23 132.70 144.80 156.89 155.09 153.29 136.78 120.27 91.40 62.53 28.34 -5.85 -33.57 -61.29 -69.81 -78.32 -61.44 -44.55 -8.42
-44.93 -36.58 -28.22 -18.61 -9.00 -0.78 7.45 13.45 19.46 23.28 27.11 28.73 30.35 29.78 29.21 26.68 24.15 19.71 15.27 8.47 1.68 -7.52 -16.72 -26.97 -37.22 -46.10 -54.97 -60.44 -65.90 -67.76 -69.62 -69.88 -70.14 -71.89 -73.65 -79.28 -84.90 -94.60 -104.30 -115.17 -126.03 -131.99 -137.96 -132.02 -126.09 -104.92 -83.75 -50.54 -17.32 20.30 57.93 92.17 126.41 151.69 176.96 189.67 202.37 199.58 196.78 176.46 156.13 119.76 83.39 38.84 -5.71 -44.59 -83.46 -102.08 -120.69 -112.16 -103.64 -74.16
-92.81 -75.01 -57.21 -38.14 -19.07 -1.78 15.52 29.99 44.46 55.01 65.55 70.20 74.85 72.58 70.31 62.53 54.75 43.73 32.72 19.61 6.50 -8.17 -22.84 -37.39 -51.95 -63.29 -74.63 -79.77 -84.91 -83.26 -81.61 -76.12 -70.62 -66.40 -62.17 -63.66 -65.14 -73.35 -81.55 -92.71 -103.86 -110.38 -116.90 -110.81 -104.73 -82.30 -59.88 -24.25 11.39 52.14 92.90 129.98 167.07 194.15 221.23 234.54 247.85 244.07 240.28 216.13 191.98 148.11 104.24 49.33 -5.57 -55.60 -105.63 -134.35 -163.06 -162.89 -162.72 -139.91
-145.01 -118.65 -92.30 -64.77 -37.24 -11.88 13.48 35.53 57.59 74.26 90.93 98.38 105.83 102.05 98.26 85.80 73.34 56.65 39.95 21.62 3.28 -15.69 -34.66 -52.41 -70.15 -83.00 -95.86 -99.97 -104.09 -98.51 -92.93 -81.49 -70.06 -59.84 -49.62 -47.04 -44.46 -51.32 -58.17 -69.79 -81.41 -88.65 -95.89 -89.71 -83.53 -59.74 -35.94 2.42 40.78 85.15 129.51 170.08 210.64 240.34 270.04 284.96 299.89 296.17 292.45 265.29 238.13 187.04 135.94 70.34 4.74 -57.29 -119.31 -159.29 -199.26 -208.76 -218.26 -203.46
-197.21 -162.30 -127.38 -91.39 -55.40 -21.98 11.44 41.08 70.72 93.52 116.31 126.56 136.82 131.52 126.22 109.08 91.94 69.57 47.19 23.63 0.06 -23.21 -46.49 -67.42 -88.34 -102.71 -117.08 -120.17 -123.26 -113.75 -104.24 -86.87 -69.49 -53.28 -37.06 -30.43 -23.79 -29.29 -34.79 -46.87 -58.95 -66.92 -74.88 -68.61 -62.34 -37.17 -12.00 29.09 70.18 118.15 166.12 210.17 254.22 286.53 318.84 335.38 351.92 348.27 344.62 314.45 284.28 225.96 167.64 91.35 15.05 -58.97 -132.99 -184.22 -235.46 -254.63 -273.81 -267.01
-242.83 -203.89 -164.95 -124.56 -84.17 -46.20 -8.23 25.89 60.00 86.48 112.96 125.09 137.22 131.48 125.73 106.41 87.09 61.96 36.82 10.84 -15.15 -40.11 -65.06 -86.81 -108.56 -122.68 -136.81 -138.21 -139.61 -126.83 -114.06 -92.42 -70.78 -50.52 -30.25 -20.96 -11.68 -16.38 -21.08 -33.63 -46.17 -54.80 -63.43 -57.15 -50.88 -24.57 1.74 45.21 88.67 139.90 191.12 238.64 286.17 321.63 357.10 376.21 395.31 393.00 390.68 359.36 328.03 265.15 202.27 118.47 34.67 -48.38 -131.43 -191.86 -252.29 -280.07 -307.84 -308.52
-288.45 -245.48 -202.51 -157.73 -112.94 -70.42 -27.89 10.70 49.28 79.45 109.61 123.62 137.62 131.44 125.25 103.74 82.24 54.34 26.45 -1.95 -30.36 -57.00 -83.64 -106.21 -128.77 -142.66 -156.54 -156.25 -155.96 -139.92 -123.87 -97.97 -72.08 -47.76 -23.44 -11.50 0.44 -3.47 -7.37 -20.38 -33.39 -42.69 -51.98 -45.70 -39.42 -11.96 15.49 61.32 107.16 161.64 216.12 267.12 318.11 356.73 395.35 417.03 438.70 437.72 436.75 404.26 371.78 304.34 236.90 145.59 54.29 -37.79 -129.88 -199.50 -269.13 -305.50 -341.87 -350.02
-321.48 -280.66 -239.84 -196.07 -152.30 -109.76 -67.22 -28.18 10.86 41.50 72.14 86.80 101.46 96.31 91.17 70.81 50.46 23.54 -3.38 -30.75 -58.11 -83.23 -108.34 -128.86 -149.38 -160.98 -172.58 -170.07 -167.56 -149.52 -131.48 -103.94 -76.40 -50.93 -25.46 -12.97 -0.49 -4.46 -8.42 -21.96 -35.50 -45.45 -55.39 -49.40 -43.41 -15.47 12.47 59.73 106.99 163.75 220.51 274.50 328.48 370.60 412.72 437.98 463.23 465.18 467.13 436.10 405.07 337.15 269.24 175.61 81.98 -13.97 -109.93 -184.82 -259.71 -302.41 -345.10 -359.52
-354.51 -315.83 -277.16 -234.41 -191.65 -149.10 -106.56 -67.06 -27.56 3.55 34.67 49.98 65.29 61.19 57.08 37.88 18.68 -7.27 -33.22 -59.55 -85.87 -109.46 -133.04 -151.51 -169.99 -179.31 -188.63 -183.90 -179.16 -159.13 -139.09 -109.90 -80.72 -54.09 -27.47 -14.45 -1.42 -5.45 -9.47 -23.54 -37.61 -48.21 -58.81 -53.10 -47.40 -18.97 9.46 58.13 106.81 165.85 224.90 281.88 338.85 384.47 430.09 458.93 487.76 492.64 497.51 467.94 438.36 369.97 301.58 205.63 109.68 9.85 -89.97 -170.13 -250.29 -299.31 -348.33 -369.02
-375.11 -343.22 -311.32 -273.77 -236.22 -197.16 -158.11 -121.16 -84.20 -54.93 -25.66 -10.54 4.59 2.64 0.70 -14.90 -30.50 -52.70 -74.91 -97.60 -120.29 -139.97 -159.65 -174.08 -188.50 -194.32 -200.15 -193.14 -186.13 -165.30 -144.47 -115.75 -87.02 -61.59 -36.15 -24.45 -12.76 -17.99 -23.22 -38.51 -53.80 -65.72 -77.64 -73.06 -68.49 -40.60 -12.72 36.24 85.19 145.46 205.72 265.09 324.47 373.76 423.06 456.53 490.01 499.75 509.49 484.24 459.00 393.96 328.92 235.19 141.46 42.38 -56.70 -138.28 -219.87 -272.62 -325.37 -350.86
-395.71 -370.60 -345.49 -313.13 -280.78 -245.22 -209.67 -175.26 -140.85 -113.42 -86.00 -71.06 -56.12 -55.90 -55.68 -67.68 -79.67 -98.13 -116.60 -135.65 -154.71 -170.48 -186.26 -196.64 -207.02 -209.34 -211.66 -202.38 -193.09 -171.47 -149.85 -121.59 -93.33 -69.08 -44.82 -34.45 -24.09 -30.53 -36.98 -53.49 -69.99 -83.23 -96.46 -93.02 -89.58 -62.24 -34.89 14.34 63.57 125.06 186.55 248.31 310.08 363.05 416.02 454.14 492.25 506.86 521.47 500.55 479.63 417.94 356.25 264.75 173.25 74.91 -23.42 -106.43 -189.45 -245.92 -302.40 -332.70
-405.61 -388.50 -371.38 -345.61 -319.84 -289.06 -258.28 -227.43 -196.59 -171.63 -146.68 -132.07 -117.46 -114.73 -112.00 -119.63 -127.27 -141.06 -154.86 -169.41 -183.96 -195.21 -206.47 -212.59 -218.70 -217.77 -216.85 -205.97 -195.09 -173.68 -152.27 -125.68 -99.09 -77.29 -55.49 -47.69 -39.89 -48.75 -57.61 -76.56 -95.51 -111.38 -127.26 -126.41 -125.57 -100.37 -75.16 -27.32 20.53 81.77 143.01 206.17 269.33 325.76 382.18 425.71 469.24 490.54 511.84 497.85 483.87 428.62 373.37 287.47 201.57 107.43 13.28 -67.96 -149.20 -206.76 -264.33 -297.69
-415.50 -406.39 -397.28 -378.09 -358.90 -332.89 -306.89 -279.61 -252.32 -229.84 -207.36 -193.08 -178.80 -173.55 -168.31 -171.59 -174.86 -183.99 -193.12 -203.16 -213.21 -219.95 -226.68 -228.53 -230.38 -226.21 -222.04 -209.56 -197.08 -175.89 -154.69 -129.77 -104.85 -85.50 -66.15 -60.92 -55.69 -66.97 -78.24 -99.63 -121.03 -139.54 -158.05 -159.80 -161.56 -138.50 -115.44 -68.97 -22.50 38.48 99.47 164.03 228.59 288.47 348.34 397.29 446.23 474.22 502.20 495.16 488.11 439.30 390.48 310.19 229.89 139.94 49.99 -29.48 -108.95 -167.60 -226.26 -262.68
