test/esri_led_20/synt_tma_4800m_led_20.esri
nrows             510
ncols             462
xllcorner      398000.00
yllcorner     7846000.00
cellsize          500.00
NODATA_value    -9999
[rows 256 to 287 of 510, columns 72 to 143 of 462]
-189.37 -198.09 -206.82 -215.07 -223.32 -230.57 -237.82 -244.24 -250.65 -256.05 -261.46 -264.75 -268.03 -268.43 -268.83 -267.02 -265.21 -262.13 -259.04 -254.56 -250.08 -243.84 -237.61 -230.07 -222.53 -214.18 -205.84 -196.34 -186.84 -175.82 -164.80 -152.95 -141.10 -129.60 -118.11 -107.62 -97.14 -87.94 -78.75 -71.35 -63.94 -59.01 -54.09 -52.12 -50.14 -51.32 -52.50 -56.86 -61.21 -68.61 -76.00 -86.14 -96.28 -108.86 -121.43 -135.82 -150.20 -164.73 -179.26 -191.40 -203.54 -211.43 -219.31 -222.41 -225.51 -222.85 -220.19 -209.27 -198.35 -177.41 -156.46 -127.07
-182.00 -190.69 -199.37 -207.55 -215.72 -222.84 -229.95 -236.13 -242.32 -247.40 -252.48 -255.33 -258.18 -258.07 -257.96 -255.66 -253.35 -249.93 -246.52 -242.03 -237.54 -231.70 -225.87 -219.08 -212.28 -204.84 -197.40 -188.79 -180.17 -169.92 -159.68 -148.50 -137.32 -126.40 -115.49 -105.48 -95.48 -86.64 -77.80 -70.66 -63.53 -58.81 -54.09 -52.26 -50.43 -51.68 -52.92 -57.33 -61.74 -69.23 -76.72 -87.05 -97.37 -110.20 -123.04 -137.76 -152.47 -167.37 -182.28 -194.71 -207.15 -215.12 -223.09 -225.95 -228.81 -225.46 -222.11 -209.91 -197.71 -174.87 -152.03 -120.46
-175.40 -184.02 -192.64 -200.69 -208.75 -215.66 -222.57 -228.42 -234.28 -238.91 -243.54 -245.87 -248.20 -247.56 -246.92 -244.13 -241.34 -237.58 -233.82 -229.29 -224.77 -219.30 -213.84 -207.73 -201.63 -195.02 -188.41 -180.60 -172.79 -163.26 -153.74 -143.18 -132.62 -122.23 -111.85 -102.28 -92.71 -84.22 -75.72 -68.85 -61.98 -57.44 -52.91 -51.16 -49.42 -50.65 -51.88 -56.19 -60.49 -67.82 -75.16 -85.30 -95.44 -108.08 -120.71 -135.22 -149.73 -164.46 -179.20 -191.59 -203.98 -212.06 -220.14 -223.14 -226.14 -222.80 -219.47 -207.13 -194.80 -171.80 -148.80 -117.22
-168.79 -177.35 -185.90 -193.84 -201.78 -208.48 -215.18 -220.71 -226.25 -230.43 -234.61 -236.42 -238.23 -237.06 -235.89 -232.61 -229.33 -225.22 -221.12 -216.56 -212.00 -206.90 -201.80 -196.39 -190.98 -185.19 -179.41 -172.41 -165.40 -156.60 -147.80 -137.86 -127.92 -118.07 -108.21 -99.07 -89.94 -81.79 -73.65 -67.04 -60.43 -56.08 -51.72 -50.07 -48.41 -49.63 -50.84 -55.04 -59.24 -66.41 -73.59 -83.55 -93.51 -105.95 -118.39 -132.69 -146.99 -161.56 -176.12 -188.47 -200.82 -209.01 -217.20 -220.33 -223.47 -220.14 -216.82 -204.36 -191.89 -168.73 -145.56 -113.98
-162.95 -171.47 -179.98 -187.78 -195.58 -202.02 -208.46 -213.59 -218.72 -222.37 -226.02 -227.25 -228.47 -226.71 -224.95 -221.12 -217.29 -212.76 -208.23 -203.54 -198.84 -194.00 -189.16 -184.31 -179.46 -174.38 -169.29 -162.97 -156.65 -148.45 -140.24 -130.83 -121.42 -112.02 -102.63 -93.90 -85.18 -77.39 -69.61 -63.29 -56.96 -52.81 -48.66 -47.10 -45.54 -46.71 -47.89 -51.89 -55.90 -62.75 -69.60 -79.14 -88.67 -100.60 -112.53 -126.26 -139.98 -154.02 -168.05 -180.16 -192.26 -200.61 -208.96 -212.57 -216.17 -213.49 -210.80 -199.14 -187.49 -165.46 -143.44 -113.40
-157.12 -165.58 -174.05 -181.72 -189.39 -195.57 -201.74 -206.47 -211.19 -214.31 -217.44 -218.07 -218.71 -216.36 -214.01 -209.63 -205.25 -200.29 -195.34 -190.51 -185.69 -181.10 -176.51 -172.23 -167.95 -163.56 -159.17 -153.53 -147.89 -140.29 -132.69 -123.80 -114.91 -105.98 -97.05 -88.74 -80.43 -73.00 -65.56 -59.53 -53.50 -49.55 -45.60 -44.13 -42.67 -43.80 -44.93 -48.74 -52.56 -59.09 -65.62 -74.72 -83.83 -95.25 -106.67 -119.82 -132.97 -146.48 -159.99 -171.85 -183.71 -192.22 -200.73 -204.80 -208.88 -206.83 -204.77 -193.93 -183.09 -162.20 -141.31 -112.82
-151.74 -160.19 -168.65 -176.19 -183.74 -189.63 -195.52 -199.81 -204.10 -206.69 -209.29 -209.32 -209.36 -206.35 -203.34 -198.31 -193.27 -187.78 -182.30 -177.18 -172.07 -167.51 -162.96 -158.99 -155.03 -151.11 -147.20 -142.04 -136.89 -129.72 -122.55 -114.07 -105.59 -97.08 -88.58 -80.71 -72.84 -65.83 -58.82 -53.17 -47.52 -43.88 -40.24 -38.96 -37.68 -38.83 -39.98 -43.63 -47.28 -53.46 -59.63 -68.23 -76.82 -87.58 -98.35 -110.75 -123.16 -136.00 -148.84 -160.34 -171.83 -180.45 -189.07 -193.72 -198.37 -197.26 -196.15 -186.62 -177.08 -157.91 -138.75 -112.41
-146.36 -154.80 -163.25 -170.67 -178.09 -183.70 -189.30 -193.15 -197.01 -199.07 -201.14 -200.57 -200.00 -196.34 -192.68 -186.99 -181.30 -175.27 -169.25 -163.85 -158.45 -153.93 -149.41 -145.76 -142.11 -138.67 -135.22 -130.55 -125.88 -119.15 -112.41 -104.34 -96.27 -88.19 -80.11 -72.68 -65.26 -58.67 -52.09 -46.81 -41.54 -38.21 -34.87 -33.78 -32.69 -33.87 -35.04 -38.52 -42.00 -47.83 -53.65 -61.73 -69.81 -79.91 -90.02 -101.68 -113.35 -125.52 -137.69 -148.82 -159.96 -168.69 -177.42 -182.64 -187.86 -187.70 -187.53 -179.30 -171.07 -153.63 -136.19 -112.00
-140.48 -148.89 -157.30 -164.59 -171.87 -177.20 -182.52 -185.96 -189.40 -190.96 -192.51 -191.36 -190.20 -185.87 -181.54 -175.16 -168.78 -162.12 -155.46 -149.59 -143.72 -138.94 -134.15 -130.44 -126.73 -123.37 -120.00 -115.53 -111.06 -104.62 -98.17 -90.48 -82.78 -75.16 -67.55 -60.66 -53.78 -47.79 -41.81 -37.14 -32.47 -29.66 -26.85 -26.14 -25.43 -26.78 -28.14 -31.59 -35.03 -40.58 -46.14 -53.72 -61.30 -70.72 -80.13 -90.98 -101.84 -113.24 -124.64 -135.26 -145.88 -154.52 -163.16 -168.74 -174.33 -174.98 -175.63 -168.69 -161.76 -146.14 -130.51 -108.56
-134.59 -142.97 -151.35 -158.50 -165.65 -170.70 -175.74 -178.77 -181.79 -182.84 -183.89 -182.14 -180.39 -175.40 -170.41 -163.34 -156.26 -148.97 -141.68 -135.33 -128.99 -123.94 -118.90 -115.12 -111.35 -108.07 -104.78 -100.51 -96.24 -90.08 -83.93 -76.61 -69.29 -62.14 -54.98 -48.64 -42.30 -36.91 -31.53 -27.46 -23.40 -21.11 -18.83 -18.50 -18.16 -19.70 -21.25 -24.65 -28.05 -33.34 -38.62 -45.71 -52.79 -61.52 -70.24 -80.28 -90.33 -100.96 -111.59 -121.70 -131.81 -140.36 -148.90 -154.85 -160.79 -162.26 -163.72 -158.09 -152.45 -138.64 -124.84 -105.12
-127.33 -135.61 -143.89 -150.88 -157.86 -162.65 -167.44 -170.11 -172.77 -173.34 -173.91 -171.60 -169.30 -163.71 -158.12 -150.38 -142.65 -134.67 -126.68 -119.69 -112.70 -107.11 -101.52 -97.27 -93.02 -89.38 -85.73 -81.34 -76.94 -71.00 -65.05 -58.17 -51.29 -44.68 -38.07 -32.41 -26.74 -22.20 -17.66 -14.50 -11.34 -9.86 -8.38 -8.64 -8.91 -10.84 -12.76 -16.30 -19.84 -24.98 -30.12 -36.78 -43.44 -51.49 -59.53 -68.71 -77.89 -87.63 -97.36 -106.76 -116.15 -124.31 -132.46 -138.38 -144.29 -146.14 -147.99 -143.34 -138.69 -126.56 -114.42 -96.86
-120.07 -128.25 -136.44 -143.25 -150.07 -154.61 -159.15 -161.45 -163.74 -163.83 -163.93 -161.07 -158.21 -152.02 -145.82 -137.43 -129.04 -120.36 -111.69 -104.05 -96.41 -90.27 -84.14 -79.42 -74.70 -70.69 -66.68 -62.16 -57.65 -51.91 -46.17 -39.73 -33.28 -27.22 -21.16 -16.17 -11.18 -7.49 -3.79 -1.54 0.72 1.40 2.08 1.21 0.34 -1.97 -4.28 -7.96 -11.63 -16.63 -21.62 -27.86 -34.09 -41.46 -48.83 -57.14 -65.46 -74.30 -83.14 -91.81 -100.49 -108.25 -116.02 -121.91 -127.79 -130.03 -132.26 -128.60 -124.93 -114.47 -104.01 -88.59
-111.34 -119.39 -127.43 -134.08 -140.73 -145.05 -149.38 -151.39 -153.40 -153.10 -152.81 -149.51 -146.20 -139.51 -132.82 -123.83 -114.84 -105.47 -96.11 -87.75 -79.40 -72.57 -65.73 -60.30 -54.87 -50.21 -45.55 -40.72 -35.89 -30.32 -24.75 -18.80 -12.84 -7.38 -1.93 2.30 6.52 9.21 11.89 13.02 14.16 13.87 13.57 11.96 10.35 7.53 4.70 0.75 -3.19 -8.14 -13.10 -18.99 -24.87 -31.62 -38.36 -45.82 -53.27 -61.14 -69.01 -76.81 -84.62 -91.76 -98.90 -104.41 -109.92 -112.13 -114.33 -111.26 -108.19 -99.10 -90.02 -76.48
-102.61 -110.52 -118.43 -124.91 -131.38 -135.50 -139.61 -141.33 -143.05 -142.37 -141.70 -137.94 -134.19 -127.00 -119.81 -110.23 -100.65 -90.59 -80.53 -71.46 -62.39 -54.86 -47.33 -41.19 -35.05 -29.74 -24.43 -19.27 -14.12 -8.73 -3.33 2.13 7.60 12.45 17.31 20.77 24.23 25.90 27.57 27.59 27.61 26.34 25.07 22.71 20.36 17.02 13.68 9.47 5.26 0.34 -4.58 -10.12 -15.66 -21.78 -27.89 -34.49 -41.08 -47.98 -54.87 -61.81 -68.75 -75.26 -81.78 -86.91 -92.05 -94.23 -96.40 -93.92 -91.44 -83.73 -76.02 -64.36
-92.52 -100.27 -108.02 -114.35 -120.68 -124.64 -128.60 -130.16 -131.71 -130.84 -129.97 -125.98 -122.00 -114.50 -107.01 -97.01 -87.02 -76.43 -65.84 -56.20 -46.55 -38.42 -30.29 -23.49 -16.69 -10.76 -4.84 0.61 6.06 11.26 16.47 21.43 26.40 30.64 34.89 37.59 40.30 40.98 41.66 40.61 39.55 37.36 35.17 32.13 29.08 25.25 21.42 16.94 12.46 7.54 2.63 -2.65 -7.92 -13.52 -19.12 -24.97 -30.81 -36.82 -42.83 -48.90 -54.97 -60.76 -66.55 -71.13 -75.70 -77.59 -79.47 -77.24 -75.01 -68.22 -61.43 -51.15
-82.44 -90.03 -97.61 -103.79 -109.97 -113.79 -117.60 -118.98 -120.37 -119.31 -118.24 -114.02 -109.80 -102.01 -94.21 -83.80 -73.39 -62.27 -51.16 -40.94 -30.72 -21.98 -13.25 -5.79 1.67 8.21 14.75 20.49 26.23 31.25 36.27 40.73 45.19 48.83 52.47 54.41 56.36 56.05 55.75 53.62 51.50 48.39 45.27 41.54 37.80 33.48 29.16 24.41 19.67 14.75 9.83 4.83 -0.18 -5.26 -10.34 -15.44 -20.55 -25.66 -30.78 -35.99 -41.20 -46.26 -51.33 -55.34 -59.36 -60.95 -62.55 -60.56 -58.57 -52.70 -46.84 -37.94
-70.73 -78.05 -85.37 -91.39 -97.42 -101.17 -104.92 -106.32 -107.73 -106.72 -105.72 -101.57 -97.42 -89.68 -81.93 -71.51 -61.10 -49.88 -38.67 -28.26 -17.85 -8.84 0.16 7.95 15.74 22.58 29.41 35.21 41.01 45.75 50.49 54.44 58.38 61.40 64.42 65.69 66.95 65.89 64.83 61.97 59.10 55.37 51.63 47.44 43.26 38.64 34.03 29.15 24.28 19.39 14.51 9.70 4.90 0.16 -4.57 -9.17 -13.77 -18.25 -22.73 -27.24 -31.74 -36.09 -40.45 -43.80 -47.16 -48.28 -49.40 -47.33 -45.26 -39.82 -34.37 -26.25
-59.02 -66.08 -73.14 -79.00 -84.86 -88.55 -92.24 -93.66 -95.09 -94.14 -93.19 -89.12 -85.04 -77.35 -69.65 -59.23 -48.80 -37.49 -26.18 -15.58 -4.98 4.30 13.57 21.69 29.81 36.94 44.06 49.92 55.79 60.25 64.72 68.14 71.56 73.97 76.37 76.96 77.55 75.74 73.92 70.31 66.70 62.34 57.99 53.35 48.71 43.80 38.90 33.89 28.89 24.04 19.19 14.58 9.97 5.58 1.20 -2.90 -6.99 -10.84 -14.68 -18.48 -22.28 -25.92 -29.57 -32.26 -34.96 -35.61 -36.26 -34.11 -31.96 -26.93 -21.91 -14.55
-45.64 -52.27 -58.91 -64.55 -70.19 -73.92 -77.65 -79.29 -80.94 -80.30 -79.65 -75.96 -72.26 -65.04 -57.82 -47.92 -38.02 -27.16 -16.30 -6.01 4.29 13.40 22.52 30.55 38.58 45.57 52.56 58.17 63.79 67.86 71.92 74.79 77.66 79.42 81.19 81.20 81.21 78.98 76.75 72.85 68.95 64.38 59.81 55.04 50.27 45.34 40.41 35.47 30.53 25.77 21.02 16.51 12.00 7.75 3.49 -0.42 -4.33 -7.89 -11.44 -14.79 -18.13 -21.13 -24.13 -26.10 -28.07 -28.09 -28.10 -25.58 -23.06 -17.98 -12.90 -5.76
-32.26 -38.47 -44.68 -50.10 -55.52 -59.29 -63.05 -64.92 -66.79 -66.45 -66.11 -62.80 -59.48 -52.74 -45.99 -36.61 -27.23 -16.83 -6.43 3.57 13.56 22.51 31.47 39.40 47.34 54.20 61.05 66.42 71.79 75.46 79.13 81.44 83.75 84.88 86.01 85.44 84.88 82.23 79.58 75.40 71.21 66.42 61.64 56.73 51.83 46.88 41.93 37.05 32.16 27.50 22.84 18.44 14.03 9.91 5.79 2.07 -1.66 -4.93 -8.20 -11.09 -13.98 -16.34 -18.70 -19.94 -21.18 -20.56 -19.94 -17.05 -14.16 -9.03 -3.90 3.03
-18.38 -24.05 -29.73 -34.87 -40.01 -43.85 -47.70 -49.90 -52.11 -52.22 -52.33 -49.58 -46.83 -40.83 -34.83 -26.31 -17.80 -8.22 1.35 10.68 20.02 28.50 36.99 44.52 52.06 58.49 64.93 69.85 74.77 77.96 81.16 82.91 84.67 85.19 85.70 84.70 83.69 80.91 78.13 74.01 69.90 65.21 60.52 55.71 50.91 46.12 41.32 36.60 31.88 27.29 22.71 18.26 13.82 9.58 5.34 1.47 -2.40 -5.74 -9.07 -11.77 -14.47 -16.31 -18.16 -18.66 -19.17 -17.83 -16.48 -13.01 -9.55 -4.04 1.47 8.60
-4.51 -9.64 -14.77 -19.64 -24.50 -28.42 -32.34 -34.88 -37.42 -37.99 -38.55 -36.36 -34.18 -28.92 -23.67 -16.02 -8.37 0.38 9.12 17.80 26.48 34.50 42.51 49.64 56.78 62.79 68.80 73.27 77.74 80.47 83.19 84.38 85.58 85.49 85.40 83.95 82.50 79.59 76.67 72.63 68.58 63.99 59.39 54.69 49.99 45.35 40.72 36.16 31.60 27.08 22.57 18.09 13.61 9.25 4.89 0.87 -3.14 -6.54 -9.93 -12.45 -14.96 -16.28 -17.61 -17.39 -17.16 -15.09 -13.01 -8.97 -4.93 0.96 6.85 14.17
7.59 3.01 -1.57 -6.09 -10.62 -14.54 -18.46 -21.25 -24.05 -25.00 -25.95 -24.28 -22.61 -18.07 -13.53 -6.73 0.07 7.96 15.85 23.82 31.78 39.24 46.70 53.36 60.02 65.57 71.11 75.14 79.16 81.46 83.76 84.50 85.24 84.70 84.16 82.43 80.70 77.82 74.94 71.12 67.29 62.90 58.52 53.97 49.43 44.92 40.42 35.92 31.42 26.81 22.21 17.46 12.71 7.95 3.19 -1.28 -5.75 -9.51 -13.27 -15.85 -18.42 -19.42 -20.42 -19.58 -18.75 -15.98 -13.22 -8.56 -3.90 2.49 8.88 16.59
19.69 15.67 11.64 7.45 3.26 -0.66 -4.58 -7.62 -10.67 -12.01 -13.34 -12.20 -11.05 -7.22 -3.39 2.56 8.50 15.54 22.58 29.83 37.08 43.99 50.89 57.08 63.27 68.35 73.43 77.00 80.58 82.46 84.34 84.62 84.91 83.91 82.91 80.91 78.91 76.06 73.22 69.60 65.99 61.82 57.64 53.25 48.87 44.49 40.12 35.68 31.24 26.54 21.84 16.82 11.81 6.65 1.49 -3.44 -8.37 -12.48 -16.60 -19.25 -21.89 -22.56 -23.23 -21.78 -20.33 -16.88 -13.42 -8.15 -2.87 4.02 10.92 19.01
27.80 24.30 20.80 17.02 13.24 9.55 5.86 2.87 -0.11 -1.52 -2.93 -2.02 -1.11 2.31 5.72 11.10 16.48 22.92 29.36 36.09 42.81 49.30 55.78 61.61 67.45 72.22 76.98 80.29 83.59 85.23 86.87 86.93 86.99 85.80 84.61 82.55 80.48 77.73 74.98 71.57 68.15 64.13 60.12 55.77 51.43 46.96 42.50 37.81 33.13 28.01 22.90 17.30 11.70 5.83 -0.03 -5.71 -11.38 -16.12 -20.85 -23.80 -26.75 -27.32 -27.90 -26.05 -24.21 -20.24 -16.27 -10.50 -4.73 2.60 9.92 18.33
35.92 32.94 29.97 26.59 23.22 19.76 16.30 13.37 10.45 8.96 7.48 8.16 8.84 11.83 14.82 19.64 24.45 30.30 36.15 42.35 48.55 54.60 60.66 66.15 71.63 76.08 80.54 83.57 86.60 88.00 89.40 89.24 89.08 87.70 86.32 84.18 82.04 79.40 76.75 73.53 70.31 66.45 62.59 58.29 53.99 49.43 44.87 39.94 35.02 29.48 23.95 17.78 11.60 5.02 -1.56 -7.97 -14.39 -19.75 -25.10 -28.35 -31.60 -32.08 -32.56 -30.32 -28.08 -23.60 -19.12 -12.85 -6.58 1.17 8.92 17.66
39.22 36.74 34.25 31.39 28.52 25.57 22.63 20.19 17.75 16.64 15.53 16.39 17.25 20.21 23.17 27.81 32.45 38.07 43.69 49.66 55.63 61.49 67.36 72.71 78.05 82.43 86.81 89.82 92.82 94.22 95.63 95.52 95.41 94.14 92.87 90.85 88.82 86.28 83.73 80.60 77.46 73.63 69.80 65.34 60.89 55.90 50.92 45.34 39.76 33.43 27.10 20.02 12.93 5.35 -2.23 -9.67 -17.10 -23.30 -29.49 -33.24 -36.99 -37.57 -38.16 -35.74 -33.32 -28.53 -23.74 -17.15 -10.56 -2.56 5.44 14.30
42.53 40.53 38.54 36.18 33.82 31.39 28.97 27.01 25.06 24.32 23.58 24.62 25.66 28.59 31.52 35.99 40.45 45.84 51.22 56.97 62.71 68.38 74.06 79.27 84.47 88.78 93.09 96.07 99.04 100.45 101.86 101.81 101.75 100.58 99.41 97.51 95.61 93.16 90.72 87.67 84.62 80.81 77.01 72.40 67.79 62.38 56.97 50.73 44.50 37.37 30.25 22.26 14.27 5.68 -2.91 -11.36 -19.81 -26.84 -33.88 -38.13 -42.37 -43.07 -43.76 -41.16 -38.56 -33.46 -28.36 -21.45 -14.55 -6.30 1.95 10.95
42.12 40.58 39.03 37.24 35.45 33.76 32.06 30.92 29.78 29.76 29.75 31.31 32.86 36.10 39.33 43.95 48.57 54.05 59.53 65.32 71.11 76.81 82.51 87.79 93.08 97.53 101.99 105.14 108.30 109.90 111.50 111.69 111.87 110.99 110.11 108.41 106.72 104.31 101.90 98.79 95.67 91.72 87.78 82.80 77.82 71.68 65.54 58.31 51.08 42.87 34.67 25.55 16.43 6.64 -3.14 -12.77 -22.40 -30.41 -38.42 -43.25 -48.08 -48.95 -49.81 -47.10 -44.39 -39.08 -33.76 -26.67 -19.57 -11.21 -2.86 6.12
41.72 40.62 39.51 38.30 37.08 36.12 35.16 34.82 34.49 35.20 35.91 37.99 40.07 43.60 47.14 51.92 56.69 62.26 67.83 73.67 79.51 85.24 90.97 96.32 101.68 106.28 110.88 114.22 117.56 119.35 121.14 121.57 122.00 121.40 120.81 119.32 117.83 115.46 113.09 109.90 106.72 102.64 98.55 93.20 87.85 80.98 74.11 65.88 57.66 48.37 39.09 28.84 18.59 7.61 -3.38 -14.19 -25.00 -33.98 -42.96 -48.37 -53.79 -54.82 -55.86 -53.04 -50.21 -44.69 -39.17 -31.88 -24.59 -16.12 -7.66 1.30
39.82 39.11 38.40 37.75 37.10 36.92 36.73 37.29 37.84 39.39 40.94 43.67 46.41 50.40 54.40 59.51 64.63 70.46 76.30 82.34 88.39 94.28 100.17 105.71 111.26 116.13 120.99 124.60 128.22 130.25 132.28 132.97 133.66 133.34 133.02 131.67 130.31 127.83 125.35 121.91 118.46 114.03 109.59 103.67 97.76 89.98 82.19 72.84 63.48 53.04 42.61 31.24 19.86 7.74 -4.38 -16.27 -28.16 -38.00 -47.83 -53.70 -59.57 -60.65 -61.72 -58.68 -55.63 -49.84 -44.05 -36.57 -29.09 -20.58 -12.06 -3.21
37.93 37.60 37.28 37.20 37.13 37.71 38.30 39.75 41.20 43.58 45.97 49.36 52.75 57.21 61.66 67.11 72.56 78.66 84.76 91.01 97.26 103.31 109.37 115.10 120.84 125.97 131.10 134.98 138.87 141.14 143.42 144.37 145.33 145.28 145.24 144.02 142.80 140.21 137.62 133.91 130.20 125.41 120.63 114.15 107.66 98.97 90.28 79.79 69.30 57.72 46.13 33.63 21.14 7.88 -5.37 -18.35 -31.33 -42.02 -52.70 -59.03 -65.36 -66.47 -67.58 -64.31 -61.05 -54.99 -48.93 -41.27 -33.60 -25.03 -16.46 -7.72
