test/esri_led_20/synt_tma_1200m_led_20.esri
nrows             510
ncols             462
xllcorner      398000.00
yllcorner     7846000.00
cellsize          500.00
NODATA_value    -9999
[rows 231 to 263 of 510, columns 222 to 295 of 462]
80.85 78.57 76.29 73.82 71.35 68.81 66.28 63.80 61.31 59.01 56.71 54.70 52.69 51.07 49.45 48.27 47.10 46.38 45.67 45.41 45.15 45.30 45.46 45.98 46.51 47.34 48.17 49.25 50.32 51.57 52.81 54.14 55.47 56.78 58.08 59.25 60.41 61.30 62.18 62.66 63.14 63.12 63.10 62.51 61.93 60.79 59.66 58.06 56.46 54.58 52.69 50.74 48.78 46.96 45.14 43.60 42.06 40.86 39.66 38.79 37.92 37.33 36.74 36.40 36.07 35.99 35.91 36.11 36.32 36.83 37.34 38.14 38.94 39.94
80.61 78.23 75.84 73.27 70.71 68.09 65.48 62.95 60.42 58.12 55.82 53.87 51.92 50.42 48.91 47.90 46.89 46.37 45.85 45.79 45.73 46.07 46.41 47.08 47.74 48.67 49.60 50.72 51.84 53.08 54.33 55.63 56.92 58.17 59.42 60.52 61.62 62.43 63.25 63.65 64.06 63.96 63.85 63.17 62.49 61.24 59.98 58.24 56.50 54.46 52.42 50.31 48.19 46.23 44.27 42.61 40.95 39.66 38.36 37.42 36.47 35.83 35.18 34.78 34.39 34.25 34.11 34.24 34.38 34.81 35.25 35.97 36.70 37.63
80.37 77.88 75.39 72.73 70.06 67.37 64.67 62.10 59.53 57.24 54.94 53.05 51.16 49.76 48.37 47.53 46.68 46.35 46.03 46.17 46.32 46.84 47.36 48.17 48.98 50.00 51.03 52.19 53.36 54.60 55.85 57.11 58.37 59.57 60.76 61.79 62.82 63.57 64.31 64.64 64.98 64.79 64.61 63.83 63.05 61.68 60.30 58.42 56.54 54.34 52.15 49.88 47.61 45.50 43.40 41.62 39.84 38.45 37.07 36.05 35.03 34.32 33.61 33.16 32.71 32.51 32.31 32.37 32.44 32.80 33.16 33.80 34.45 35.31
80.34 77.74 75.14 72.38 69.61 66.84 64.08 61.47 58.87 56.59 54.31 52.50 50.68 49.43 48.18 47.52 46.86 46.76 46.65 47.02 47.38 48.10 48.81 49.77 50.73 51.84 52.95 54.14 55.34 56.57 57.79 58.99 60.20 61.31 62.42 63.36 64.30 64.95 65.61 65.86 66.10 65.83 65.55 64.68 63.80 62.30 60.81 58.79 56.77 54.41 52.06 49.64 47.21 44.97 42.72 40.82 38.93 37.45 35.97 34.89 33.80 33.04 32.27 31.77 31.27 31.00 30.74 30.73 30.72 31.00 31.27 31.83 32.39 33.18
80.30 77.59 74.89 72.03 69.16 66.32 63.48 60.84 58.20 55.94 53.68 51.95 50.21 49.10 47.99 47.52 47.05 47.16 47.28 47.86 48.45 49.36 50.26 51.37 52.47 53.67 54.87 56.10 57.32 58.53 59.73 60.88 62.02 63.05 64.08 64.93 65.78 66.34 66.90 67.07 67.23 66.86 66.50 65.52 64.54 62.93 61.31 59.15 56.99 54.48 51.98 49.40 46.82 44.43 42.04 40.03 38.02 36.45 34.88 33.73 32.57 31.75 30.93 30.38 29.82 29.49 29.17 29.09 29.01 29.20 29.39 29.86 30.33 31.04
80.38 77.57 74.77 71.82 68.87 65.96 63.06 60.40 57.74 55.51 53.28 51.64 49.99 49.03 48.06 47.79 47.51 47.85 48.18 48.98 49.79 50.89 51.99 53.23 54.48 55.76 57.04 58.29 59.53 60.71 61.89 62.96 64.04 64.98 65.92 66.67 67.41 67.88 68.35 68.42 68.49 68.04 67.59 66.51 65.44 63.71 61.98 59.68 57.39 54.73 52.08 49.36 46.63 44.11 41.59 39.47 37.35 35.71 34.06 32.85 31.64 30.77 29.90 29.30 28.70 28.32 27.94 27.79 27.64 27.75 27.85 28.23 28.61 29.24
80.45 77.55 74.66 71.61 68.57 65.60 62.63 59.95 57.27 55.07 52.88 51.32 49.77 48.95 48.14 48.06 47.98 48.53 49.09 50.11 51.13 52.42 53.71 55.09 56.48 57.84 59.20 60.47 61.74 62.89 64.04 65.05 66.05 66.90 67.75 68.40 69.05 69.42 69.79 69.77 69.75 69.21 68.67 67.50 66.33 64.49 62.64 60.21 57.79 54.99 52.19 49.31 46.44 43.79 41.14 38.92 36.69 34.97 33.24 31.97 30.70 29.79 28.88 28.23 27.58 27.15 26.71 26.49 26.27 26.29 26.31 26.60 26.89 27.44
80.47 77.50 74.52 71.41 68.31 65.30 62.29 59.60 56.92 54.76 52.61 51.15 49.69 49.02 48.34 48.44 48.54 49.30 50.05 51.27 52.49 53.95 55.41 56.92 58.43 59.87 61.31 62.60 63.90 65.02 66.15 67.10 68.05 68.82 69.59 70.15 70.71 71.00 71.29 71.19 71.09 70.47 69.85 68.59 67.34 65.39 63.45 60.90 58.35 55.42 52.49 49.49 46.49 43.73 40.97 38.66 36.34 34.55 32.76 31.45 30.14 29.20 28.25 27.57 26.89 26.41 25.93 25.65 25.37 25.31 25.26 25.45 25.65 26.12
80.49 77.44 74.39 71.22 68.04 64.99 61.94 59.25 56.56 54.45 52.35 50.98 49.62 49.08 48.55 48.83 49.10 50.06 51.01 52.43 53.84 55.47 57.11 58.75 60.39 61.90 63.41 64.73 66.05 67.16 68.26 69.15 70.05 70.74 71.43 71.90 72.38 72.58 72.78 72.61 72.43 71.73 71.03 69.69 68.34 66.29 64.25 61.58 58.91 55.85 52.80 49.67 46.54 43.67 40.80 38.39 35.99 34.14 32.29 30.93 29.58 28.60 27.63 26.91 26.20 25.68 25.16 24.81 24.47 24.33 24.20 24.31 24.42 24.81
80.26 77.16 74.07 70.86 67.65 64.59 61.53 58.87 56.20 54.15 52.09 50.82 49.55 49.14 48.73 49.15 49.58 50.70 51.81 53.38 54.96 56.73 58.50 60.25 61.99 63.58 65.16 66.52 67.87 68.97 70.08 70.94 71.81 72.45 73.10 73.52 73.94 74.08 74.23 73.99 73.76 73.00 72.24 70.83 69.41 67.28 65.15 62.39 59.63 56.46 53.30 50.08 46.85 43.89 40.93 38.46 36.00 34.11 32.21 30.83 29.46 28.47 27.47 26.74 26.01 25.46 24.90 24.51 24.12 23.91 23.71 23.74 23.78 24.10
80.02 76.88 73.74 70.50 67.26 64.20 61.13 58.48 55.84 53.84 51.84 50.66 49.48 49.19 48.91 49.48 50.06 51.33 52.61 54.34 56.07 57.98 59.89 61.74 63.60 65.26 66.91 68.30 69.69 70.79 71.89 72.73 73.57 74.17 74.77 75.13 75.49 75.58 75.67 75.38 75.09 74.27 73.45 71.97 70.48 68.27 66.06 63.20 60.34 57.07 53.81 50.48 47.15 44.11 41.06 38.53 36.00 34.07 32.14 30.73 29.33 28.33 27.32 26.57 25.82 25.24 24.65 24.21 23.77 23.49 23.22 23.18 23.13 23.38
79.37 76.22 73.07 69.84 66.61 63.57 60.53 57.93 55.34 53.41 51.48 50.38 49.29 49.10 48.91 49.60 50.28 51.67 53.05 54.89 56.73 58.73 60.74 62.68 64.63 66.35 68.08 69.51 70.95 72.08 73.21 74.06 74.91 75.51 76.10 76.46 76.81 76.88 76.95 76.63 76.31 75.46 74.61 73.08 71.55 69.28 67.01 64.09 61.16 57.82 54.49 51.09 47.70 44.60 41.50 38.94 36.37 34.42 32.47 31.07 29.66 28.65 27.65 26.90 26.14 25.54 24.94 24.46 23.99 23.66 23.34 23.23 23.12 23.31
78.71 75.55 72.39 69.17 65.95 62.94 59.93 57.38 54.84 52.98 51.12 50.11 49.10 49.01 48.92 49.71 50.50 52.00 53.50 55.44 57.38 59.49 61.60 63.62 65.65 67.44 69.24 70.72 72.20 73.37 74.53 75.39 76.25 76.85 77.44 77.78 78.12 78.17 78.22 77.88 77.54 76.65 75.77 74.19 72.62 70.30 67.97 64.98 61.98 58.57 55.17 51.71 48.25 45.09 41.94 39.34 36.74 34.77 32.80 31.40 29.99 28.98 27.98 27.22 26.46 25.85 25.23 24.72 24.21 23.83 23.45 23.28 23.10 23.23
77.54 74.41 71.27 68.10 64.93 61.98 59.04 56.57 54.10 52.32 50.54 49.61 48.68 48.66 48.65 49.50 50.36 51.91 53.47 55.46 57.46 59.63 61.79 63.87 65.96 67.81 69.67 71.21 72.76 73.98 75.20 76.12 77.04 77.68 78.32 78.69 79.07 79.14 79.21 78.88 78.55 77.66 76.77 75.18 73.59 71.24 68.89 65.87 62.84 59.40 55.96 52.47 48.98 45.81 42.64 40.03 37.43 35.46 33.50 32.11 30.71 29.72 28.73 27.98 27.24 26.62 26.00 25.47 24.94 24.52 24.11 23.89 23.67 23.76
76.37 73.26 70.15 67.02 63.90 61.02 58.14 55.75 53.36 51.67 49.97 49.12 48.26 48.32 48.38 49.29 50.21 51.82 53.44 55.49 57.54 59.76 61.98 64.12 66.27 68.18 70.10 71.71 73.32 74.60 75.88 76.85 77.82 78.50 79.19 79.60 80.01 80.11 80.20 79.88 79.56 78.67 77.78 76.17 74.57 72.19 69.82 66.76 63.70 60.23 56.75 53.23 49.72 46.53 43.34 40.72 38.11 36.15 34.20 32.81 31.43 30.46 29.49 28.75 28.01 27.39 26.77 26.22 25.67 25.22 24.77 24.51 24.25 24.29
74.67 71.61 68.55 65.50 62.46 59.68 56.90 54.61 52.32 50.71 49.11 48.33 47.54 47.65 47.75 48.70 49.64 51.26 52.88 54.94 57.00 59.23 61.46 63.63 65.81 67.78 69.75 71.43 73.10 74.47 75.83 76.89 77.95 78.72 79.49 79.98 80.47 80.63 80.78 80.50 80.23 79.36 78.50 76.92 75.33 72.96 70.60 67.55 64.50 61.03 57.57 54.06 50.55 47.38 44.21 41.61 39.02 37.09 35.16 33.80 32.45 31.50 30.55 29.83 29.11 28.50 27.88 27.33 26.78 26.32 25.86 25.57 25.29 25.31
72.98 69.96 66.95 63.98 61.02 58.34 55.65 53.46 51.28 49.76 48.25 47.54 46.83 46.98 47.13 48.10 49.06 50.69 52.32 54.39 56.45 58.69 60.94 63.15 65.35 67.37 69.39 71.14 72.89 74.34 75.79 76.93 78.08 78.94 79.80 80.36 80.92 81.14 81.36 81.13 80.89 80.06 79.23 77.66 76.09 73.74 71.38 68.34 65.30 61.84 58.38 54.89 51.39 48.23 45.08 42.51 39.93 38.03 36.12 34.79 33.46 32.53 31.61 30.91 30.21 29.60 29.00 28.45 27.90 27.42 26.94 26.64 26.33 26.34
70.80 67.85 64.89 62.03 59.16 56.60 54.03 51.96 49.88 48.47 47.05 46.40 45.76 45.94 46.11 47.07 48.03 49.63 51.22 53.25 55.27 57.50 59.72 61.93 64.14 66.20 68.26 70.08 71.90 73.44 74.99 76.25 77.50 78.47 79.45 80.12 80.79 81.10 81.41 81.25 81.09 80.32 79.55 78.03 76.51 74.21 71.90 68.91 65.92 62.51 59.11 55.66 52.22 49.12 46.01 43.48 40.96 39.09 37.22 35.92 34.62 33.72 32.82 32.14 31.47 30.88 30.30 29.76 29.22 28.75 28.28 27.99 27.69 27.70
68.62 65.73 62.84 60.07 57.30 54.86 52.41 50.45 48.49 47.17 45.85 45.27 44.69 44.89 45.10 46.05 46.99 48.56 50.12 52.11 54.10 56.30 58.50 60.71 62.93 65.03 67.13 69.02 70.91 72.55 74.19 75.56 76.92 78.01 79.10 79.88 80.65 81.06 81.46 81.38 81.29 80.58 79.87 78.40 76.93 74.68 72.42 69.48 66.54 63.18 59.83 56.44 53.06 50.00 46.94 44.46 41.98 40.14 38.31 37.05 35.78 34.91 34.04 33.38 32.73 32.16 31.59 31.07 30.54 30.08 29.62 29.33 29.04 29.06
66.04 63.22 60.39 57.73 55.06 52.74 50.41 48.58 46.74 45.51 44.29 43.76 43.23 43.45 43.66 44.57 45.48 46.98 48.48 50.40 52.32 54.47 56.61 58.81 61.01 63.13 65.25 67.21 69.17 70.90 72.64 74.13 75.62 76.83 78.05 78.95 79.85 80.37 80.88 80.90 80.91 80.29 79.66 78.28 76.90 74.73 72.56 69.71 66.87 63.61 60.36 57.06 53.77 50.80 47.82 45.40 42.99 41.20 39.41 38.18 36.95 36.10 35.25 34.62 33.98 33.44 32.89 32.39 31.89 31.47 31.04 30.78 30.52 30.59
63.47 60.70 57.94 55.38 52.82 50.62 48.42 46.70 44.98 43.85 42.72 42.25 41.78 42.00 42.22 43.09 43.97 45.41 46.85 48.69 50.54 52.64 54.73 56.91 59.09 61.24 63.38 65.40 67.42 69.26 71.09 72.70 74.31 75.65 77.00 78.02 79.05 79.68 80.31 80.42 80.53 79.99 79.46 78.16 76.86 74.78 72.70 69.95 67.20 64.04 60.89 57.69 54.49 51.59 48.70 46.35 43.99 42.25 40.52 39.31 38.11 37.29 36.46 35.85 35.23 34.71 34.19 33.72 33.25 32.85 32.45 32.23 32.01 32.11
60.61 57.90 55.19 52.72 50.26 48.17 46.09 44.48 42.87 41.82 40.77 40.33 39.90 40.11 40.32 41.15 41.97 43.32 44.68 46.43 48.19 50.22 52.24 54.38 56.53 58.68 60.83 62.91 64.98 66.91 68.84 70.56 72.28 73.76 75.23 76.39 77.55 78.30 79.05 79.28 79.50 79.08 78.65 77.47 76.29 74.33 72.38 69.77 67.15 64.14 61.13 58.06 55.00 52.21 49.43 47.16 44.88 43.20 41.51 40.33 39.16 38.35 37.54 36.94 36.34 35.84 35.35 34.91 34.47 34.13 33.78 33.62 33.47 33.64
57.74 55.09 52.43 50.07 47.70 45.72 43.75 42.25 40.75 39.78 38.81 38.42 38.03 38.23 38.43 39.20 39.97 41.24 42.51 44.17 45.84 47.79 49.74 51.85 53.96 56.13 58.29 60.42 62.55 64.56 66.58 68.42 70.26 71.86 73.47 74.76 76.04 76.92 77.79 78.13 78.47 78.16 77.84 76.78 75.71 73.88 72.06 69.59 67.11 64.24 61.37 58.44 55.51 52.83 50.16 47.97 45.78 44.14 42.50 41.35 40.20 39.41 38.61 38.03 37.45 36.97 36.50 36.10 35.70 35.41 35.11 35.02 34.92 35.16
54.72 52.10 49.48 47.19 44.89 43.01 41.12 39.70 38.28 37.37 36.46 36.09 35.72 35.89 36.06 36.76 37.47 38.64 39.82 41.39 42.96 44.83 46.71 48.77 50.84 53.00 55.16 57.33 59.50 61.59 63.69 65.63 67.58 69.30 71.02 72.43 73.85 74.85 75.85 76.31 76.77 76.59 76.40 75.48 74.56 72.90 71.24 68.95 66.66 63.97 61.28 58.52 55.76 53.22 50.68 48.58 46.48 44.89 43.30 42.17 41.04 40.25 39.46 38.89 38.31 37.86 37.41 37.05 36.70 36.47 36.24 36.23 36.22 36.56
51.70 49.11 46.53 44.31 42.09 40.29 38.49 37.15 35.82 34.96 34.11 33.76 33.40 33.55 33.70 34.33 34.97 36.05 37.13 38.61 40.08 41.88 43.67 45.69 47.71 49.87 52.03 54.24 56.45 58.62 60.80 62.84 64.89 66.73 68.58 70.11 71.65 72.77 73.90 74.49 75.07 75.02 74.96 74.19 73.41 71.92 70.42 68.31 66.20 63.70 61.20 58.60 56.00 53.60 51.20 49.19 47.18 45.64 44.10 42.99 41.88 41.10 40.31 39.74 39.17 38.74 38.31 38.00 37.69 37.53 37.37 37.45 37.53 37.96
48.63 46.06 43.49 41.31 39.13 37.38 35.63 34.34 33.04 32.21 31.38 31.02 30.65 30.76 30.86 31.42 31.98 32.97 33.97 35.35 36.73 38.45 40.17 42.14 44.12 46.27 48.43 50.67 52.91 55.14 57.37 59.51 61.64 63.58 65.53 67.17 68.82 70.07 71.31 72.03 72.75 72.84 72.93 72.33 71.72 70.43 69.13 67.23 65.34 63.06 60.78 58.38 55.98 53.74 51.49 49.58 47.67 46.18 44.69 43.59 42.49 41.70 40.91 40.34 39.77 39.36 38.94 38.68 38.41 38.33 38.25 38.43 38.62 39.17
45.56 43.00 40.45 38.31 36.17 34.47 32.77 31.52 30.27 29.46 28.65 28.28 27.90 27.97 28.03 28.51 29.00 29.90 30.80 32.09 33.38 35.02 36.66 38.60 40.53 42.68 44.82 47.09 49.36 51.66 53.95 56.17 58.39 60.43 62.48 64.24 66.00 67.36 68.72 69.57 70.42 70.66 70.90 70.47 70.03 68.93 67.83 66.16 64.48 62.42 60.36 58.16 55.96 53.87 51.78 49.97 48.16 46.72 45.28 44.19 43.10 42.31 41.51 40.93 40.36 39.97 39.57 39.35 39.14 39.13 39.13 39.42 39.71 40.38
42.55 39.98 37.42 35.28 33.14 31.45 29.76 28.50 27.25 26.42 25.60 25.19 24.78 24.78 24.78 25.19 25.60 26.41 27.23 28.44 29.65 31.23 32.81 34.70 36.60 38.74 40.88 43.17 45.46 47.80 50.14 52.43 54.71 56.84 58.96 60.82 62.67 64.15 65.62 66.60 67.58 67.98 68.38 68.14 67.91 67.03 66.16 64.73 63.30 61.49 59.67 57.70 55.72 53.80 51.88 50.18 48.48 47.08 45.69 44.60 43.52 42.71 41.90 41.31 40.73 40.35 39.97 39.80 39.63 39.72 39.80 40.20 40.61 41.42
39.53 36.96 34.39 32.25 30.12 28.43 26.74 25.49 24.23 23.39 22.54 22.10 21.65 21.59 21.53 21.86 22.19 22.92 23.66 24.79 25.92 27.44 28.95 30.81 32.67 34.80 36.93 39.25 41.56 43.95 46.33 48.68 51.03 53.24 55.45 57.40 59.35 60.94 62.52 63.64 64.75 65.31 65.87 65.82 65.78 65.13 64.48 63.30 62.12 60.56 58.99 57.24 55.48 53.73 51.98 50.39 48.79 47.45 46.10 45.02 43.94 43.11 42.28 41.69 41.10 40.73 40.37 40.25 40.13 40.30 40.47 40.99 41.51 42.45
36.67 34.06 31.46 29.30 27.13 25.41 23.69 22.39 21.09 20.19 19.29 18.77 18.26 18.12 17.99 18.24 18.50 19.16 19.81 20.88 21.95 23.42 24.89 26.72 28.56 30.69 32.82 35.15 37.47 39.90 42.32 44.72 47.12 49.40 51.67 53.70 55.74 57.43 59.12 60.37 61.61 62.34 63.07 63.24 63.40 62.99 62.59 61.67 60.76 59.46 58.16 56.64 55.12 53.55 51.98 50.50 49.02 47.71 46.41 45.34 44.26 43.42 42.57 41.97 41.37 41.02 40.67 40.60 40.53 40.79 41.05 41.69 42.33 43.40
33.80 31.17 28.54 26.34 24.15 22.39 20.63 19.29 17.94 16.99 16.03 15.45 14.87 14.66 14.45 14.63 14.80 15.39 15.97 16.98 17.98 19.40 20.83 22.64 24.45 26.57 28.70 31.04 33.39 35.85 38.31 40.76 43.21 45.55 47.89 50.01 52.13 53.92 55.72 57.10 58.48 59.38 60.28 60.65 61.02 60.85 60.69 60.04 59.40 58.36 57.33 56.04 54.76 53.37 51.98 50.61 49.24 47.98 46.73 45.66 44.58 43.72 42.86 42.25 41.64 41.30 40.97 40.95 40.94 41.28 41.63 42.39 43.15 44.36
31.16 28.49 25.82 23.58 21.33 19.50 17.68 16.25 14.83 13.78 12.74 12.07 11.39 11.10 10.81 10.91 11.01 11.53 12.05 13.01 13.96 15.36 16.75 18.55 20.34 22.47 24.60 26.97 29.33 31.82 34.31 36.80 39.30 41.69 44.09 46.28 48.48 50.37 52.27 53.79 55.30 56.37 57.44 58.03 58.61 58.70 58.79 58.41 58.03 57.27 56.50 55.45 54.41 53.20 51.99 50.73 49.48 48.28 47.08 46.01 44.95 44.08 43.21 42.60 41.98 41.67 41.35 41.39 41.43 41.86 42.30 43.17 44.04 45.38
28.52 25.82 23.11 20.81 18.51 16.61 14.72 13.21 11.71 10.58 9.45 8.68 7.92 7.54 7.16 7.19 7.21 7.67 8.13 9.04 9.95 11.31 12.68 14.46 16.24 18.37 20.51 22.89 25.27 27.79 30.31 32.84 35.38 37.84 40.29 42.56 44.83 46.83 48.82 50.47 52.12 53.37 54.61 55.41 56.21 56.54 56.88 56.77 56.67 56.17 55.67 54.86 54.05 53.03 52.00 50.86 49.72 48.57 47.42 46.37 45.31 44.43 43.56 42.94 42.32 42.03 41.74 41.83 41.92 42.44 42.97 43.95 44.94 46.40
