test/esri_led_20/synt_tma_2400m_led_20.esri
nrows             510
ncols             462
xllcorner      398000.00
yllcorner     7846000.00
cellsize          500.00
NODATA_value    -9999
[rows 0 to 31 of 510, columns 296 to 369 of 462]
96.58 95.32 94.06 91.09 88.12 83.86 79.60 74.54 69.48 64.08 58.68 53.32 47.96 42.92 37.88 33.30 28.73 24.67 20.61 17.07 13.53 10.57 7.61 5.39 3.16 1.84 0.51 0.14 -0.24 0.30 0.83 2.12 3.40 5.20 6.99 8.97 10.94 12.81 14.68 16.35 18.03 19.51 21.00 22.35 23.70 24.96 26.22 27.44 28.65 29.84 31.02 32.14 33.26 34.22 35.19 35.90 36.62 36.96 37.31 37.13 36.96 36.16 35.36 33.89 32.43 30.32 28.21 25.50 22.80 19.62 16.43 12.99 9.54 6.08
100.00 98.79 97.57 94.62 91.66 87.38 83.10 77.98 72.87 67.39 61.92 56.48 51.03 45.89 40.76 36.08 31.41 27.26 23.12 19.50 15.88 12.86 9.84 7.57 5.30 3.94 2.59 2.20 1.82 2.36 2.90 4.21 5.52 7.36 9.20 11.23 13.27 15.22 17.17 18.94 20.70 22.28 23.87 25.32 26.77 28.11 29.45 30.73 32.01 33.23 34.46 35.60 36.73 37.67 38.62 39.28 39.95 40.22 40.49 40.22 39.95 39.04 38.12 36.52 34.93 32.68 30.43 27.59 24.75 21.42 18.10 14.51 10.92 7.33
101.32 100.25 99.19 96.28 93.38 89.05 84.73 79.47 74.21 68.50 62.80 57.05 51.30 45.79 40.28 35.19 30.10 25.52 20.94 16.90 12.86 9.46 6.06 3.47 0.88 -0.72 -2.31 -2.84 -3.36 -2.85 -2.35 -0.96 0.42 2.42 4.42 6.69 8.96 11.20 13.44 15.52 17.61 19.52 21.43 23.19 24.94 26.55 28.15 29.65 31.15 32.53 33.92 35.15 36.38 37.36 38.35 39.00 39.65 39.85 40.06 39.68 39.31 38.27 37.22 35.47 33.72 31.31 28.90 25.89 22.88 19.40 15.91 12.17 8.42 4.69
102.63 101.71 100.80 97.95 95.10 90.73 86.35 80.95 75.55 69.61 63.68 57.62 51.56 45.68 39.80 34.30 28.79 23.78 18.76 14.31 9.85 6.06 2.28 -0.63 -3.54 -5.37 -7.21 -7.88 -8.54 -8.07 -7.59 -6.13 -4.68 -2.52 -0.36 2.14 4.64 7.17 9.71 12.11 14.52 16.76 19.00 21.05 23.11 24.98 26.86 28.57 30.29 31.83 33.38 34.71 36.03 37.06 38.08 38.71 39.34 39.48 39.62 39.15 38.67 37.50 36.32 34.42 32.52 29.95 27.37 24.20 21.02 17.37 13.72 9.83 5.93 2.06
101.80 101.13 100.46 97.72 94.97 90.57 86.16 80.58 75.00 68.74 62.48 55.98 49.47 43.03 36.60 30.45 24.31 18.61 12.90 7.77 2.63 -1.78 -6.19 -9.64 -13.08 -15.33 -17.59 -18.51 -19.43 -19.02 -18.62 -17.07 -15.51 -13.12 -10.73 -7.88 -5.04 -2.07 0.89 3.78 6.66 9.38 12.09 14.59 17.10 19.36 21.63 23.67 25.70 27.49 29.27 30.76 32.24 33.35 34.45 35.10 35.75 35.84 35.93 35.36 34.80 33.49 32.19 30.14 28.10 25.36 22.63 19.29 15.96 12.16 8.36 4.33 0.30 -3.70
100.98 100.55 100.12 97.49 94.85 90.41 85.97 80.21 74.45 67.87 61.29 54.34 47.38 40.39 33.40 26.61 19.83 13.44 7.05 1.23 -4.59 -9.63 -14.66 -18.64 -22.63 -25.29 -27.96 -29.13 -30.31 -29.98 -29.65 -28.00 -26.35 -23.72 -21.10 -17.91 -14.72 -11.32 -7.93 -4.56 -1.20 2.00 5.19 8.14 11.08 13.74 16.40 18.76 21.11 23.14 25.16 26.81 28.45 29.64 30.83 31.49 32.15 32.20 32.24 31.58 30.92 29.49 28.06 25.87 23.68 20.78 17.89 14.39 10.89 6.94 3.00 -1.17 -5.34 -9.46
99.18 99.10 99.01 96.56 94.12 89.71 85.30 79.41 73.52 66.63 59.75 52.33 44.90 37.29 29.68 22.16 14.64 7.44 0.23 -6.41 -13.05 -18.85 -24.65 -29.31 -33.96 -37.15 -40.35 -41.86 -43.37 -43.16 -42.95 -41.22 -39.49 -36.62 -33.75 -30.18 -26.61 -22.73 -18.86 -14.96 -11.06 -7.34 -3.61 -0.17 3.27 6.37 9.46 12.17 14.88 17.18 19.47 21.29 23.11 24.40 25.69 26.38 27.07 27.07 27.08 26.33 25.58 24.04 22.49 20.16 17.83 14.78 11.73 8.08 4.44 0.35 -3.73 -8.02 -12.31 -16.53
97.39 97.64 97.89 95.63 93.38 89.01 84.64 78.61 72.59 65.40 58.21 50.32 42.42 34.20 25.97 17.71 9.45 1.44 -6.58 -14.04 -21.50 -28.07 -34.64 -39.97 -45.29 -49.01 -52.74 -54.59 -56.44 -56.35 -56.26 -54.45 -52.63 -49.52 -46.40 -42.45 -38.50 -34.15 -29.79 -25.36 -20.93 -16.67 -12.42 -8.48 -4.54 -1.01 2.52 5.59 8.65 11.21 13.77 15.77 17.77 19.16 20.55 21.27 21.98 21.95 21.92 21.09 20.25 18.59 16.92 14.45 11.98 8.78 5.58 1.78 -2.02 -6.24 -10.46 -14.87 -19.27 -23.60
96.18 96.85 97.52 95.57 93.61 89.40 85.19 79.16 73.13 65.75 58.38 50.12 41.85 33.07 24.29 15.33 6.37 -2.45 -11.27 -19.57 -27.86 -35.24 -42.61 -48.65 -54.69 -58.99 -63.29 -65.52 -67.75 -67.83 -67.91 -66.06 -64.22 -60.90 -57.57 -53.28 -49.00 -44.20 -39.40 -34.49 -29.57 -24.82 -20.07 -15.68 -11.29 -7.36 -3.43 -0.04 3.35 6.15 8.95 11.11 13.27 14.74 16.22 16.95 17.68 17.60 17.52 16.60 15.67 13.88 12.09 9.48 6.86 3.51 0.15 -3.80 -7.74 -12.10 -16.45 -20.97 -25.50 -29.92
94.96 96.06 97.16 95.50 93.85 89.79 85.74 79.70 73.67 66.11 58.55 49.91 41.28 31.95 22.62 12.95 3.28 -6.34 -15.96 -25.09 -34.23 -42.41 -50.59 -57.34 -64.10 -68.97 -73.84 -76.45 -79.07 -79.32 -79.56 -77.68 -75.80 -72.27 -68.74 -64.12 -59.49 -54.25 -49.02 -43.62 -38.21 -32.97 -27.73 -22.88 -18.03 -13.71 -9.38 -5.66 -1.95 1.09 4.13 6.45 8.77 10.33 11.88 12.63 13.37 13.25 13.13 12.11 11.09 9.18 7.26 4.50 1.74 -1.76 -5.27 -9.37 -13.47 -17.95 -22.44 -27.08 -31.72 -36.24
95.42 97.01 98.60 97.35 96.10 92.35 88.60 82.73 76.86 69.30 61.73 52.89 44.05 34.32 24.58 14.34 4.10 -6.21 -16.53 -26.41 -36.30 -45.22 -54.14 -61.58 -69.01 -74.44 -79.86 -82.86 -85.87 -86.31 -86.76 -84.89 -83.03 -79.37 -75.70 -70.82 -65.93 -60.36 -54.79 -49.00 -43.22 -37.59 -31.97 -26.76 -21.56 -16.92 -12.29 -8.32 -4.36 -1.15 2.07 4.50 6.92 8.52 10.12 10.85 11.58 11.39 11.19 10.06 8.93 6.87 4.82 1.90 -1.03 -4.70 -8.38 -12.64 -16.89 -21.53 -26.16 -30.92 -35.69 -40.33
95.87 97.95 100.03 99.20 98.36 94.91 91.46 85.75 80.05 72.48 64.91 55.87 46.82 36.69 26.55 15.74 4.92 -6.09 -17.09 -27.73 -38.37 -48.03 -57.70 -65.81 -73.92 -79.90 -85.88 -89.27 -92.66 -93.31 -93.95 -92.11 -90.26 -86.46 -82.66 -77.52 -72.38 -66.47 -60.56 -54.39 -48.22 -42.21 -36.21 -30.64 -25.08 -20.13 -15.19 -10.98 -6.78 -3.39 0.01 2.54 5.08 6.72 8.36 9.07 9.78 9.52 9.26 8.02 6.77 4.57 2.37 -0.71 -3.79 -7.64 -11.48 -15.90 -20.32 -25.10 -29.88 -34.77 -39.66 -44.41
98.23 100.82 103.41 103.05 102.69 99.66 96.62 91.23 85.84 78.44 71.04 61.97 52.91 42.55 32.19 20.98 9.76 -1.77 -13.31 -24.54 -35.78 -46.06 -56.34 -65.03 -73.71 -80.16 -86.62 -90.35 -94.08 -94.92 -95.76 -93.96 -92.17 -88.29 -84.42 -79.11 -73.80 -67.66 -61.53 -55.11 -48.68 -42.42 -36.15 -30.35 -24.54 -19.40 -14.26 -9.91 -5.55 -2.06 1.43 4.01 6.59 8.23 9.86 10.52 11.17 10.81 10.44 9.06 7.68 5.31 2.94 -0.33 -3.61 -7.64 -11.68 -16.28 -20.89 -25.84 -30.78 -35.83 -40.87 -45.74
100.59 103.69 106.79 106.91 107.03 104.41 101.79 96.71 91.63 84.40 77.16 68.08 58.99 48.41 37.83 26.22 14.60 2.54 -9.52 -21.35 -33.19 -44.08 -54.98 -64.24 -73.49 -80.42 -87.35 -91.42 -95.49 -96.53 -97.56 -95.82 -94.07 -90.12 -86.17 -80.70 -75.22 -68.86 -62.50 -55.82 -49.15 -42.62 -36.09 -30.05 -24.01 -18.67 -13.33 -8.83 -4.32 -0.73 2.86 5.48 8.11 9.74 11.36 11.96 12.55 12.09 11.63 10.11 8.58 6.04 3.51 0.04 -3.42 -7.65 -11.87 -16.66 -21.45 -26.57 -31.69 -36.88 -42.07 -47.07
104.27 107.83 111.39 111.99 112.58 110.42 108.25 103.57 98.89 91.93 84.98 76.02 67.05 56.41 45.77 33.93 22.10 9.70 -2.70 -14.94 -27.18 -38.51 -49.84 -59.50 -69.16 -76.43 -83.70 -88.01 -92.33 -93.51 -94.68 -92.98 -91.28 -87.29 -83.30 -77.72 -72.15 -65.65 -59.16 -52.33 -45.51 -38.83 -32.16 -25.99 -19.82 -14.38 -8.94 -4.37 0.20 3.82 7.43 10.05 12.66 14.23 15.81 16.31 16.81 16.22 15.62 13.93 12.24 9.51 6.77 3.09 -0.59 -5.03 -9.48 -14.49 -19.49 -24.80 -30.12 -35.49 -40.86 -46.01
107.96 111.98 116.00 117.07 118.14 116.43 114.72 110.43 106.14 99.47 92.80 83.96 75.11 64.41 53.71 41.65 29.59 16.86 4.12 -8.53 -21.18 -32.94 -44.70 -54.77 -64.84 -72.44 -80.05 -84.61 -89.17 -90.49 -91.80 -90.14 -88.49 -84.45 -80.42 -74.75 -69.07 -62.44 -55.81 -48.84 -41.87 -35.05 -28.23 -21.93 -15.63 -10.09 -4.55 0.08 4.72 8.36 12.01 14.61 17.21 18.73 20.25 20.66 21.07 20.34 19.62 17.76 15.90 12.97 10.03 6.14 2.25 -2.42 -7.09 -12.31 -17.53 -23.04 -28.55 -34.10 -39.64 -44.95
112.01 116.37 120.74 122.20 123.66 122.36 121.05 117.15 113.24 106.88 100.52 91.87 83.22 72.58 61.94 49.82 37.70 24.81 11.93 -0.92 -13.77 -25.74 -37.72 -47.99 -58.25 -66.01 -73.77 -78.43 -83.09 -84.46 -85.82 -84.15 -82.49 -78.41 -74.34 -68.59 -62.84 -56.14 -49.43 -42.39 -35.34 -28.46 -21.57 -15.22 -8.87 -3.31 2.26 6.90 11.54 15.16 18.78 21.33 23.88 25.32 26.75 27.04 27.33 26.45 25.57 23.53 21.48 18.33 15.17 11.04 6.90 1.99 -2.93 -8.39 -13.84 -19.58 -25.32 -31.07 -36.81 -42.29
116.07 120.77 125.47 127.32 129.17 128.28 127.39 123.87 120.34 114.29 108.25 99.79 91.34 80.75 70.17 57.98 45.80 32.77 19.73 6.69 -6.36 -18.55 -30.74 -41.21 -51.67 -59.58 -67.50 -72.26 -77.02 -78.43 -79.83 -78.16 -76.49 -72.37 -68.25 -62.43 -56.62 -49.84 -43.06 -35.94 -28.82 -21.87 -14.91 -8.51 -2.11 3.48 9.07 13.72 18.36 21.96 25.56 28.06 30.56 31.91 33.26 33.42 33.59 32.56 31.53 29.29 27.06 23.68 20.31 15.93 11.56 6.40 1.23 -4.46 -10.16 -16.12 -22.09 -28.04 -33.98 -39.64
119.66 124.53 129.39 131.47 133.56 132.94 132.33 129.09 125.86 120.07 114.28 106.03 97.77 87.31 76.85 64.73 52.61 39.60 26.58 13.55 0.51 -11.67 -23.85 -34.28 -44.71 -52.57 -60.43 -65.11 -69.80 -71.13 -72.46 -70.70 -68.95 -64.75 -60.54 -54.66 -48.77 -41.94 -35.11 -27.95 -20.80 -13.82 -6.85 -0.44 5.97 11.55 17.14 21.75 26.37 29.92 33.48 35.91 38.34 39.59 40.84 40.88 40.92 39.72 38.52 36.08 33.64 30.03 26.42 21.79 17.15 11.72 6.29 0.33 -5.62 -11.83 -18.04 -24.21 -30.38 -36.23
123.25 128.28 133.30 135.62 137.94 137.60 137.26 134.32 131.37 125.85 120.32 112.26 104.21 93.87 83.54 71.48 59.42 46.43 33.44 20.41 7.38 -4.79 -16.95 -27.35 -37.75 -45.55 -53.35 -57.97 -62.59 -63.83 -65.08 -63.24 -61.41 -57.12 -52.84 -46.88 -40.93 -34.04 -27.16 -19.97 -12.78 -5.78 1.21 7.63 14.05 19.62 25.20 29.79 34.38 37.89 41.40 43.76 46.12 47.27 48.42 48.33 48.24 46.87 45.51 42.87 40.23 36.38 32.53 27.64 22.75 17.05 11.35 5.13 -1.09 -7.54 -14.00 -20.39 -26.78 -32.82
125.96 130.94 135.92 138.26 140.61 140.35 140.10 137.28 134.46 129.07 123.69 115.77 107.86 97.66 87.47 75.55 63.64 50.81 37.99 25.15 12.32 0.38 -11.55 -21.70 -31.84 -39.38 -46.92 -51.30 -55.67 -56.70 -57.74 -55.73 -53.72 -49.31 -44.89 -38.84 -32.80 -25.86 -18.91 -11.69 -4.47 2.54 9.55 15.96 22.38 27.95 33.52 38.08 42.65 46.11 49.58 51.88 54.17 55.23 56.29 56.07 55.85 54.31 52.78 49.93 47.09 43.00 38.90 33.74 28.58 22.60 16.63 10.13 3.63 -3.08 -9.79 -16.42 -23.04 -29.27
128.67 133.60 138.53 140.90 143.27 143.11 142.94 140.24 137.55 132.30 127.05 119.28 111.51 101.46 91.40 79.63 67.86 55.20 42.53 29.89 17.25 5.55 -6.16 -16.04 -25.93 -33.21 -40.50 -44.62 -48.75 -49.57 -50.40 -48.22 -46.04 -41.49 -36.94 -30.81 -24.67 -17.67 -10.67 -3.42 3.83 10.86 17.88 24.30 30.72 36.27 41.83 46.37 50.91 54.34 57.77 60.00 62.23 63.19 64.16 63.81 63.46 61.75 60.05 57.00 53.94 49.61 45.27 39.84 34.41 28.16 21.90 15.13 8.36 1.39 -5.59 -12.44 -19.30 -25.73
130.52 135.18 139.85 142.01 144.18 143.86 143.55 140.76 137.98 132.70 127.43 119.70 111.96 102.01 92.07 80.49 68.90 56.51 44.12 31.83 19.54 8.25 -3.04 -12.48 -21.92 -28.77 -35.61 -39.34 -43.07 -43.57 -44.06 -41.63 -39.20 -34.48 -29.75 -23.49 -17.23 -10.16 -3.08 4.22 11.52 18.57 25.63 32.07 38.51 44.09 49.66 54.21 58.76 62.17 65.59 67.78 69.97 70.86 71.75 71.29 70.82 68.96 67.10 63.84 60.58 56.00 51.43 45.73 40.03 33.49 26.96 19.91 12.86 5.63 -1.60 -8.69 -15.78 -22.40
132.37 136.77 141.16 143.12 145.08 144.62 144.16 141.28 138.41 133.11 127.81 120.11 112.41 102.57 92.73 81.34 69.95 57.83 45.71 33.77 21.83 10.95 0.07 -8.92 -17.92 -24.32 -30.72 -34.06 -37.39 -37.56 -37.73 -35.05 -32.37 -27.46 -22.56 -16.17 -9.79 -2.64 4.51 11.86 19.20 26.29 33.38 39.85 46.31 51.91 57.50 62.05 66.60 70.01 73.41 75.56 77.72 78.53 79.35 78.77 78.18 76.16 74.14 70.68 67.22 62.40 57.58 51.61 45.64 38.83 32.01 24.68 17.36 9.87 2.38 -4.94 -12.26 -19.08
133.70 137.62 141.54 143.06 144.57 143.72 142.87 139.67 136.47 130.94 125.41 117.61 109.81 100.02 90.23 79.04 67.85 56.08 44.30 32.84 21.37 11.05 0.73 -7.67 -16.06 -21.89 -27.71 -30.54 -33.36 -33.13 -32.89 -29.91 -26.92 -21.80 -16.68 -10.16 -3.64 3.61 10.86 18.29 25.71 32.86 40.02 46.55 53.08 58.74 64.39 69.00 73.61 77.05 80.48 82.64 84.79 85.56 86.33 85.65 84.98 82.81 80.65 77.00 73.35 68.30 63.25 57.03 50.81 43.72 36.64 29.05 21.46 13.73 5.99 -1.54 -9.08 -16.08
135.03 138.47 141.92 142.99 144.07 142.82 141.58 138.06 134.53 128.78 123.02 115.12 107.22 97.48 87.73 76.74 65.75 54.33 42.90 31.91 20.91 11.15 1.39 -6.41 -14.21 -19.45 -24.70 -27.02 -29.34 -28.69 -28.05 -24.76 -21.47 -16.14 -10.81 -4.14 2.52 9.87 17.22 24.72 32.21 39.43 46.65 53.25 59.85 65.57 71.29 75.95 80.61 84.08 87.56 89.71 91.86 92.59 93.32 92.54 91.77 89.47 87.16 83.32 79.48 74.20 68.93 62.45 55.97 48.62 41.27 33.42 25.57 17.59 9.60 1.85 -5.90 -13.08
136.32 139.12 141.93 142.36 142.80 140.94 139.08 135.01 130.94 124.76 118.58 110.44 102.29 92.52 82.76 71.96 61.16 50.12 39.08 28.63 18.18 9.08 -0.03 -7.13 -14.24 -18.82 -23.40 -25.14 -26.89 -25.80 -24.70 -21.10 -17.49 -11.94 -6.40 0.42 7.23 14.69 22.15 29.75 37.34 44.66 51.98 58.69 65.39 71.22 77.05 81.82 86.59 90.15 93.70 95.90 98.09 98.81 99.53 98.69 97.85 95.43 93.00 89.00 84.99 79.52 74.04 67.34 60.63 53.04 45.46 37.37 29.29 21.09 12.89 4.95 -3.00 -10.33
137.62 139.78 141.94 141.73 141.53 139.06 136.58 131.97 127.36 120.75 114.14 105.76 97.37 87.57 77.78 67.17 56.57 45.91 35.26 25.36 15.45 7.00 -1.45 -7.86 -14.26 -18.18 -22.09 -23.27 -24.44 -22.90 -21.36 -17.43 -13.51 -7.74 -1.98 4.98 11.94 19.51 27.08 34.77 42.47 49.89 57.31 64.12 70.93 76.88 82.82 87.70 92.57 96.21 99.85 102.09 104.32 105.03 105.74 104.84 103.93 101.39 98.85 94.68 90.51 84.83 79.15 72.22 65.29 57.47 49.64 41.33 33.01 24.59 16.17 8.04 -0.09 -7.59
139.41 140.84 142.26 141.29 140.32 137.08 133.84 128.51 123.19 116.01 108.83 100.08 91.33 81.43 71.53 61.09 50.64 40.38 30.11 20.77 11.43 3.67 -4.10 -9.78 -15.47 -18.70 -21.92 -22.52 -23.12 -21.14 -19.16 -14.93 -10.70 -4.75 1.21 8.30 15.39 23.07 30.74 38.54 46.34 53.88 61.41 68.36 75.31 81.40 87.49 92.51 97.53 101.29 105.05 107.37 109.68 110.41 111.14 110.21 109.27 106.64 104.01 99.72 95.42 89.58 83.75 76.64 69.53 61.51 53.50 44.99 36.49 27.90 19.30 11.01 2.72 -4.90
141.21 141.90 142.59 140.85 139.11 135.10 131.09 125.06 119.02 111.27 103.51 94.40 85.29 75.29 65.29 55.00 44.71 34.84 24.96 16.19 7.41 0.33 -6.76 -11.71 -16.67 -19.21 -21.76 -21.78 -21.79 -19.38 -16.96 -12.43 -7.90 -1.75 4.40 11.62 18.85 26.63 34.41 42.31 50.21 57.87 65.52 72.61 79.69 85.93 92.16 97.33 102.49 106.37 110.25 112.65 115.04 115.79 116.55 115.58 114.61 111.89 109.18 104.75 100.33 94.34 88.34 81.05 73.76 65.56 57.35 48.66 39.97 31.20 22.44 13.99 5.54 -2.21
143.96 143.91 143.86 141.32 138.77 133.94 129.10 122.29 115.47 107.06 98.65 89.11 79.56 69.40 59.24 49.06 38.88 29.35 19.82 11.57 3.32 -3.12 -9.56 -13.84 -18.13 -20.04 -21.95 -21.45 -20.94 -18.15 -15.35 -10.57 -5.80 0.51 6.81 14.12 21.44 29.29 37.15 45.14 53.13 60.90 68.67 75.89 83.11 89.50 95.88 101.20 106.52 110.54 114.55 117.05 119.54 120.34 121.14 120.17 119.19 116.43 113.67 109.17 104.67 98.58 92.48 85.08 77.67 69.34 61.02 52.20 43.39 34.50 25.61 17.05 8.49 0.64
146.71 145.92 145.13 141.79 138.44 132.78 127.12 119.52 111.91 102.85 93.79 83.82 73.84 63.51 53.19 43.12 33.05 23.87 14.68 6.96 -0.76 -6.57 -12.37 -15.98 -19.58 -20.86 -22.15 -21.12 -20.10 -16.92 -13.74 -8.71 -3.69 2.76 9.21 16.62 24.03 31.96 39.90 47.98 56.06 63.94 71.81 79.17 86.52 93.06 99.61 105.08 110.55 114.71 118.86 121.45 124.04 124.89 125.73 124.76 123.78 120.98 118.17 113.59 109.01 102.82 96.62 89.10 81.58 73.13 64.68 55.74 46.80 37.79 28.78 20.11 11.44 3.50
