test/esri_led_20/synt_tma_3600m_led_20.esri
nrows             510
ncols             462
xllcorner      398000.00
yllcorner     7846000.00
cellsize          500.00
NODATA_value    -9999
[rows 320 to 351 of 510, columns 292 to 364 of 462]
-93.99 -91.43 -88.87 -84.63 -80.40 -74.80 -69.20 -62.60 -56.00 -48.66 -41.31 -33.36 -25.41 -16.91 -8.40 0.60 9.61 19.13 28.65 38.74 48.84 59.55 70.26 81.49 92.73 104.17 115.62 126.65 137.68 147.33 156.99 164.27 171.55 176.04 180.53 182.60 184.68 185.11 185.54 184.89 184.25 182.78 181.31 179.01 176.70 173.26 169.83 164.75 159.68 152.64 145.60 136.67 127.74 117.22 106.70 94.88 83.06 70.47 57.89 45.61 33.33 22.68 12.04 4.14 -3.77 -8.28 -12.79 -13.55 -14.30 -11.06 -7.81 -0.41 7.00
-103.23 -100.41 -97.60 -93.09 -88.59 -82.69 -76.79 -69.84 -62.89 -55.12 -47.35 -38.89 -30.44 -21.35 -12.26 -2.58 7.10 17.36 27.61 38.47 49.34 60.78 72.23 84.10 95.98 107.94 119.90 131.29 142.68 152.53 162.38 169.69 177.00 181.36 185.72 187.60 189.47 189.74 190.01 189.31 188.61 187.20 185.78 183.54 181.31 177.81 174.31 168.90 163.48 155.75 148.02 138.11 128.20 116.54 104.88 91.91 78.94 65.36 51.78 38.83 25.88 15.07 4.26 -3.19 -10.64 -14.09 -17.55 -16.86 -16.17 -11.43 -6.68 1.95 10.59
-113.36 -110.37 -107.38 -102.67 -97.96 -91.79 -85.62 -78.31 -70.99 -62.74 -54.49 -45.44 -36.38 -26.59 -16.81 -6.35 4.10 15.19 26.28 37.97 49.66 61.84 74.03 86.47 98.91 111.22 123.52 135.05 146.57 156.38 166.18 173.31 180.44 184.54 188.64 190.24 191.85 191.92 191.99 191.24 190.49 189.15 187.80 185.64 183.47 179.84 176.20 170.27 164.34 155.66 146.97 135.77 124.57 111.50 98.43 84.20 69.97 55.49 41.01 27.64 14.27 3.64 -7.00 -13.61 -20.22 -22.27 -24.31 -21.93 -19.55 -13.28 -7.01 2.60 12.21
-123.50 -120.33 -117.16 -112.24 -107.32 -100.89 -94.45 -86.77 -79.09 -70.36 -61.63 -51.98 -42.33 -31.84 -21.36 -10.12 1.11 13.03 24.95 37.46 49.98 62.91 75.83 88.84 101.85 114.50 127.15 138.80 150.46 160.22 169.98 176.93 183.88 187.72 191.56 192.89 194.22 194.09 193.97 193.17 192.36 191.10 189.83 187.73 185.64 181.87 178.10 171.65 165.20 155.56 145.92 133.43 120.94 106.46 91.99 76.50 61.01 45.62 30.23 16.44 2.66 -7.80 -18.26 -24.03 -29.81 -30.44 -31.07 -27.00 -22.93 -15.13 -7.33 3.25 13.84
-134.24 -130.96 -127.68 -122.59 -117.50 -110.82 -104.13 -96.07 -88.02 -78.76 -69.51 -59.19 -48.88 -37.63 -26.39 -14.33 -2.27 10.50 23.27 36.61 49.94 63.55 77.15 90.61 104.07 116.89 129.71 141.30 152.88 162.42 171.95 178.60 185.25 188.78 192.31 193.37 194.44 194.15 193.86 193.06 192.26 191.11 189.96 187.94 185.92 181.94 177.96 170.84 163.72 152.90 142.07 128.05 114.03 98.01 81.98 65.26 48.55 32.50 16.44 2.64 -11.17 -21.00 -30.83 -35.35 -39.86 -38.75 -37.64 -31.74 -25.83 -16.63 -7.42 3.73 14.87
-144.98 -141.59 -138.20 -132.94 -127.68 -120.75 -113.81 -105.38 -96.95 -87.16 -77.38 -66.40 -55.43 -43.42 -31.42 -18.53 -5.65 7.98 21.60 35.75 49.90 64.19 78.48 92.38 106.29 119.28 132.27 143.79 155.31 164.61 173.92 180.27 186.62 189.84 193.06 193.85 194.65 194.21 193.76 192.96 192.15 191.12 190.09 188.14 186.19 182.01 177.83 170.03 162.23 150.23 138.23 122.68 107.13 89.55 71.97 54.03 36.09 19.38 2.66 -11.16 -24.99 -34.19 -43.40 -46.66 -49.92 -47.07 -44.22 -36.48 -28.74 -18.12 -7.50 4.21 15.91
-155.73 -152.26 -148.78 -143.37 -137.95 -130.76 -123.57 -114.75 -105.94 -95.62 -85.30 -73.66 -62.02 -49.27 -36.53 -22.87 -9.22 5.17 19.56 34.40 49.24 64.06 78.87 93.06 107.25 120.25 133.25 144.57 155.90 164.91 173.92 179.99 186.05 189.05 192.04 192.71 193.39 192.93 192.48 191.79 191.10 190.24 189.37 187.48 185.58 181.10 176.63 168.02 159.42 146.09 132.77 115.62 98.47 79.40 60.34 41.45 22.56 5.66 -11.24 -24.48 -37.73 -45.70 -53.67 -55.20 -56.73 -51.90 -47.08 -37.55 -28.01 -16.31 -4.60 7.07 18.75
-166.49 -162.93 -159.36 -153.79 -148.21 -140.77 -133.32 -124.13 -114.93 -104.08 -93.22 -80.92 -68.61 -55.13 -41.64 -27.21 -12.79 2.36 17.51 33.04 48.57 63.92 79.27 93.73 108.20 121.22 134.24 145.36 156.48 165.21 173.93 179.71 185.48 188.26 191.03 191.57 192.12 191.66 191.21 190.63 190.06 189.36 188.66 186.81 184.96 180.19 175.42 166.01 156.60 141.96 127.31 108.56 89.80 69.26 48.71 28.87 9.03 -8.05 -25.14 -37.80 -50.46 -57.20 -63.94 -63.74 -63.54 -56.74 -49.94 -38.61 -27.29 -14.50 -1.71 9.94 21.58
-176.51 -172.85 -169.20 -163.45 -157.70 -149.99 -142.29 -132.71 -123.14 -111.79 -100.43 -87.54 -74.64 -60.52 -46.40 -31.36 -16.32 -0.62 15.08 31.05 47.03 62.65 78.28 92.82 107.36 120.24 133.13 143.99 154.86 163.32 171.78 177.40 183.03 185.81 188.59 189.30 190.01 189.81 189.62 189.33 189.03 188.53 188.03 186.15 184.27 179.08 173.88 163.55 153.21 137.21 121.20 100.94 80.68 58.95 37.21 16.94 -3.34 -19.88 -36.42 -47.66 -58.90 -63.63 -68.35 -65.91 -63.47 -54.57 -45.66 -32.80 -19.93 -6.61 6.72 17.58 28.44
-186.53 -182.78 -179.03 -173.11 -167.19 -159.22 -151.25 -141.30 -131.35 -119.50 -107.64 -94.15 -80.66 -65.91 -51.17 -35.51 -19.86 -3.61 12.64 29.06 45.48 61.38 77.29 91.90 106.51 119.26 132.02 142.63 153.24 161.43 169.63 175.10 180.57 183.37 186.16 187.03 187.90 187.97 188.03 188.02 188.01 187.71 187.41 185.49 183.58 177.96 172.34 161.08 149.82 132.46 115.09 93.33 71.56 48.64 25.71 5.00 -15.71 -31.71 -47.71 -57.53 -67.34 -70.05 -72.77 -68.09 -63.41 -52.40 -41.39 -26.99 -12.58 1.28 15.15 25.23 35.31
-195.23 -191.36 -187.49 -181.37 -175.26 -167.03 -158.79 -148.49 -138.19 -125.91 -113.63 -99.66 -85.70 -70.49 -55.28 -39.23 -23.18 -6.65 9.88 26.44 42.99 58.89 74.79 89.25 103.72 116.23 128.74 139.08 149.42 157.44 165.46 170.97 176.48 179.58 182.68 184.05 185.43 186.04 186.66 187.08 187.50 187.38 187.26 185.18 183.11 176.90 170.69 158.41 146.12 127.43 108.73 85.67 62.60 38.90 15.19 -5.31 -25.82 -40.44 -55.07 -62.52 -69.98 -69.86 -69.74 -62.34 -54.93 -41.81 -28.69 -13.13 2.42 16.19 29.96 38.48 47.00
-203.93 -199.94 -195.94 -189.64 -183.34 -174.83 -166.33 -155.68 -145.02 -132.32 -119.61 -105.17 -90.73 -75.06 -59.39 -42.95 -26.51 -9.70 7.12 23.81 40.51 56.40 72.29 86.61 100.93 113.20 125.46 135.53 145.60 153.44 161.29 166.84 172.39 175.79 179.19 181.07 182.95 184.12 185.29 186.14 187.00 187.06 187.12 184.88 182.63 175.84 169.04 155.73 142.42 122.40 102.37 78.00 53.64 29.15 4.67 -15.63 -35.93 -49.17 -62.42 -67.52 -72.61 -69.66 -66.71 -56.58 -46.46 -31.23 -15.99 0.72 17.43 31.10 44.78 51.74 58.70
-210.98 -206.84 -202.69 -196.19 -189.68 -180.92 -172.16 -161.21 -150.25 -137.21 -124.17 -109.39 -94.62 -78.67 -62.71 -46.10 -29.50 -12.66 4.17 20.74 37.31 52.97 68.62 82.65 96.68 108.65 120.61 130.45 140.30 148.08 155.87 161.64 167.41 171.35 175.28 177.90 180.51 182.39 184.26 185.57 186.88 187.02 187.15 184.56 181.97 174.43 166.90 152.51 138.12 116.85 95.58 70.16 44.75 19.92 -4.91 -24.41 -43.91 -55.05 -66.19 -68.20 -70.20 -63.83 -57.46 -44.36 -31.27 -14.05 3.17 20.61 38.05 51.06 64.07 68.87 73.68
-218.03 -213.73 -209.44 -202.73 -196.02 -187.01 -178.00 -166.74 -155.48 -142.10 -128.72 -113.62 -98.51 -82.27 -66.04 -49.26 -32.49 -15.63 1.22 17.67 34.12 49.54 64.95 78.69 92.43 104.10 115.77 125.38 134.99 142.72 150.45 156.44 162.43 166.91 171.38 174.72 178.07 180.65 183.23 185.00 186.77 186.98 187.19 184.25 181.31 173.03 164.75 149.28 133.81 111.29 88.78 62.32 35.86 10.68 -14.50 -33.19 -51.88 -60.93 -69.97 -68.88 -67.78 -58.00 -48.21 -32.14 -16.07 3.13 22.33 40.50 58.67 71.01 83.36 86.01 88.66
-223.13 -218.69 -214.24 -207.34 -200.43 -191.21 -181.98 -170.50 -159.02 -145.42 -131.82 -116.53 -101.23 -84.90 -68.57 -51.82 -35.08 -18.40 -1.73 14.42 30.57 45.64 60.70 74.10 87.50 98.92 110.34 119.84 129.33 137.14 144.94 151.28 157.62 162.69 167.76 171.83 175.90 179.09 182.29 184.32 186.36 186.38 186.40 182.86 179.33 170.14 160.96 144.42 127.88 104.33 80.78 53.64 26.51 1.45 -23.61 -41.02 -58.42 -64.94 -71.45 -66.98 -62.50 -49.23 -35.95 -17.07 1.80 22.61 43.42 61.83 80.24 91.47 102.71 102.90 103.09
-228.24 -223.64 -219.03 -211.94 -204.85 -195.41 -185.97 -174.27 -162.56 -148.74 -134.92 -119.44 -103.96 -87.53 -71.10 -54.38 -37.67 -21.17 -4.67 11.18 27.03 41.74 56.45 69.51 82.58 93.75 104.91 114.29 123.66 131.55 139.44 146.12 152.80 158.47 164.15 168.94 173.74 177.54 181.34 183.64 185.94 185.78 185.61 181.48 177.35 167.26 157.17 139.56 121.96 97.37 72.78 44.96 17.15 -7.79 -32.73 -48.84 -64.96 -68.95 -72.94 -65.08 -57.23 -40.46 -23.69 -2.01 19.68 42.09 64.50 83.16 101.82 111.93 122.05 119.78 117.52
-231.10 -226.36 -221.62 -214.38 -207.14 -197.56 -187.98 -176.16 -164.34 -150.44 -136.54 -121.05 -105.56 -89.21 -72.86 -56.35 -39.84 -23.66 -7.49 7.97 23.43 37.75 52.08 64.86 77.64 88.68 99.71 109.14 118.56 126.66 134.77 141.83 148.90 155.06 161.23 166.50 171.76 175.82 179.87 182.03 184.19 183.44 182.69 177.61 172.54 161.38 150.22 131.63 113.05 87.80 62.55 34.62 6.70 -17.55 -41.80 -56.24 -70.68 -72.05 -73.43 -62.42 -51.42 -31.65 -11.88 11.97 35.83 59.15 82.47 100.74 119.01 127.60 136.18 131.45 126.72
-233.96 -229.08 -224.20 -216.81 -209.43 -199.71 -189.99 -178.05 -166.11 -152.13 -138.16 -122.66 -107.15 -90.89 -74.62 -58.32 -42.01 -26.16 -10.30 4.76 19.82 33.76 47.70 60.20 72.70 83.61 94.51 103.98 113.45 121.78 130.10 137.55 144.99 151.65 158.32 164.05 169.79 174.10 178.40 180.43 182.45 181.10 179.76 173.74 167.73 155.50 143.26 123.70 104.14 78.23 52.32 24.28 -3.75 -27.31 -50.87 -63.64 -76.40 -75.16 -73.92 -59.77 -45.61 -22.84 -0.06 25.96 51.97 76.21 100.44 118.32 136.20 143.26 150.32 143.12 135.92
-234.48 -229.50 -224.52 -217.06 -209.59 -199.83 -190.06 -178.13 -166.19 -152.30 -138.40 -123.06 -107.72 -91.71 -75.70 -59.74 -43.78 -28.35 -12.91 1.71 16.34 29.92 43.49 55.79 68.09 79.02 89.95 99.62 109.29 117.93 126.57 134.33 142.10 149.00 155.90 161.70 167.49 171.57 175.64 177.03 178.42 176.04 173.66 166.38 159.10 145.68 132.26 111.92 91.59 65.54 39.50 12.04 -15.42 -37.71 -59.99 -70.83 -81.67 -78.02 -74.37 -57.69 -41.00 -16.11 8.79 35.98 63.18 87.39 111.61 128.36 145.12 150.28 155.45 145.98 136.52
-234.99 -229.92 -224.85 -217.30 -209.76 -199.94 -190.13 -178.20 -166.27 -152.46 -138.64 -123.46 -108.29 -92.53 -76.77 -61.16 -45.55 -30.53 -15.52 -1.33 12.85 26.07 39.28 51.39 63.49 74.43 85.38 95.25 105.13 114.08 123.03 131.12 139.21 146.35 153.49 159.34 165.20 169.04 172.88 173.64 174.39 170.97 167.56 159.02 150.47 135.87 121.26 100.15 79.04 52.86 26.68 -0.21 -27.09 -48.10 -69.10 -78.02 -86.94 -80.88 -74.83 -55.61 -36.39 -9.38 17.63 46.01 74.39 98.58 122.77 138.40 154.03 157.30 160.58 148.85 137.13
-233.44 -228.33 -223.22 -215.68 -208.13 -198.37 -188.61 -176.81 -165.01 -151.41 -137.81 -122.94 -108.07 -92.70 -77.32 -62.15 -46.97 -32.42 -17.87 -4.12 9.63 22.52 35.42 47.40 59.39 70.44 81.50 91.64 101.79 111.02 120.25 128.47 136.68 143.71 150.73 156.18 161.64 164.76 167.88 167.59 167.30 162.58 157.85 147.95 138.04 122.38 106.72 85.24 63.76 38.05 12.33 -13.35 -39.03 -58.34 -77.65 -84.64 -91.62 -83.64 -75.65 -54.79 -33.93 -5.93 22.07 50.47 78.88 102.05 125.23 139.06 152.89 154.08 155.26 141.68 128.10
-231.89 -226.75 -221.60 -214.06 -206.51 -196.81 -187.10 -175.42 -163.75 -150.37 -136.98 -122.42 -107.86 -92.86 -77.87 -63.13 -48.39 -34.31 -20.23 -6.91 6.40 18.98 31.55 43.42 55.29 66.45 77.62 88.03 98.44 107.95 117.46 125.81 134.16 141.07 147.98 153.02 158.07 160.47 162.88 161.55 160.22 154.18 148.14 136.88 125.61 108.90 92.19 70.33 48.48 23.23 -2.02 -26.49 -50.96 -68.58 -86.20 -91.26 -96.31 -86.40 -76.48 -53.98 -31.48 -2.48 26.51 54.94 83.37 105.53 127.69 139.72 151.75 150.85 149.95 134.52 119.08
-228.73 -223.62 -218.51 -211.05 -203.59 -194.03 -184.48 -173.04 -161.60 -148.55 -135.50 -121.34 -107.18 -92.64 -78.10 -63.83 -49.57 -35.94 -22.31 -9.38 3.54 15.86 28.17 39.96 51.74 63.00 74.26 84.84 95.43 105.00 114.58 122.72 130.86 137.20 143.54 147.70 151.86 153.15 154.44 151.86 149.28 141.99 134.70 122.39 110.09 92.88 75.67 54.12 32.58 8.50 -15.58 -38.30 -61.02 -76.74 -92.46 -95.87 -99.29 -88.25 -77.21 -54.28 -31.35 -2.76 25.84 53.01 80.18 100.37 120.56 130.30 140.05 137.13 134.22 117.55 100.88
-225.58 -220.49 -215.41 -208.04 -200.66 -191.26 -181.86 -170.66 -159.46 -146.73 -134.01 -120.26 -106.51 -92.42 -78.33 -64.54 -50.74 -37.56 -24.39 -11.85 0.68 12.73 24.79 36.49 48.20 59.55 70.91 81.66 92.41 102.05 111.70 119.63 127.57 133.34 139.11 142.38 145.65 145.83 146.00 142.17 138.35 129.80 121.26 107.91 94.57 76.86 59.15 37.92 16.69 -6.23 -29.14 -50.10 -71.07 -84.89 -98.72 -100.49 -102.26 -90.10 -77.94 -54.59 -31.23 -3.03 25.17 51.09 77.00 95.21 113.42 120.88 128.35 123.42 118.48 100.58 82.68
-221.11 -216.14 -211.16 -203.97 -196.77 -187.62 -178.47 -167.60 -156.74 -144.44 -132.13 -118.86 -105.59 -92.00 -78.41 -65.08 -51.74 -38.97 -26.19 -13.97 -1.74 10.11 21.96 33.57 45.19 56.51 67.83 78.49 89.16 98.49 107.83 115.09 122.35 127.05 131.74 133.65 135.55 134.31 133.06 128.00 122.95 113.57 104.18 90.57 76.96 59.71 42.47 22.54 2.61 -18.29 -39.18 -57.83 -76.49 -88.31 -100.13 -100.76 -101.40 -89.26 -77.12 -54.94 -32.75 -6.66 19.44 42.66 65.88 81.22 96.55 101.44 106.32 99.66 92.99 74.65 56.31
-216.65 -211.78 -206.92 -199.89 -192.87 -183.97 -175.07 -164.55 -154.02 -142.14 -130.26 -117.46 -104.67 -91.58 -78.48 -65.61 -52.75 -40.37 -28.00 -16.08 -4.16 7.49 19.14 30.65 42.17 53.46 64.75 75.33 85.90 94.94 103.97 110.56 117.14 120.76 124.37 124.91 125.45 122.78 120.12 113.83 107.55 97.33 87.11 73.23 59.35 42.57 25.79 7.16 -11.47 -30.35 -49.22 -65.56 -81.90 -91.72 -101.55 -101.04 -100.53 -88.41 -76.29 -55.28 -34.28 -10.28 13.71 34.24 54.76 67.23 79.69 81.99 84.30 75.90 67.49 48.72 29.94
-211.05 -206.37 -201.68 -194.92 -188.15 -179.58 -171.02 -160.91 -150.81 -139.42 -128.03 -115.78 -103.52 -90.94 -78.37 -65.94 -53.52 -41.47 -29.43 -17.74 -6.05 5.44 16.93 28.29 39.65 50.71 61.77 71.94 82.11 90.41 98.71 104.15 109.59 111.65 113.71 112.50 111.28 107.03 102.78 95.49 88.19 77.82 67.45 54.33 41.22 26.09 10.95 -5.27 -21.49 -37.46 -53.42 -66.89 -80.35 -88.11 -95.86 -94.80 -93.74 -82.91 -72.08 -53.98 -35.89 -15.78 4.33 20.77 37.21 46.02 54.84 54.42 54.00 44.24 34.49 16.11 -2.27
-205.45 -200.95 -196.45 -189.94 -183.43 -175.20 -166.97 -157.28 -147.59 -136.70 -125.80 -114.09 -102.37 -90.31 -78.26 -66.27 -54.29 -42.58 -30.86 -19.40 -7.93 3.39 14.72 25.93 37.13 47.97 58.80 68.56 78.31 85.89 93.46 97.75 102.03 102.54 103.05 100.08 97.11 91.28 85.44 77.14 68.84 58.31 47.78 35.44 23.09 9.60 -3.89 -17.70 -31.51 -44.56 -57.62 -68.21 -78.80 -84.49 -90.17 -88.55 -86.94 -77.40 -67.87 -52.69 -37.51 -21.28 -5.05 7.30 19.65 24.82 29.99 26.85 23.71 12.59 1.48 -16.50 -34.47
-198.91 -194.63 -190.36 -184.14 -177.93 -170.08 -162.23 -153.00 -143.78 -133.41 -123.05 -111.89 -100.74 -89.20 -77.67 -66.11 -54.54 -43.10 -31.67 -20.38 -9.09 2.07 13.23 24.19 35.14 45.54 55.94 64.99 74.04 80.54 87.05 89.86 92.67 91.36 90.05 85.19 80.33 73.01 65.69 56.82 47.95 38.07 28.19 17.66 7.13 -3.63 -14.39 -24.86 -35.32 -44.78 -54.25 -61.63 -69.01 -72.70 -76.40 -74.82 -73.23 -66.05 -58.86 -47.94 -37.03 -26.00 -14.97 -7.65 -0.34 0.74 1.82 -4.01 -9.84 -21.89 -33.95 -50.82 -67.69
-192.37 -188.31 -184.26 -178.35 -172.43 -164.96 -157.49 -148.72 -139.96 -130.13 -120.30 -109.70 -99.10 -88.10 -77.09 -65.94 -54.79 -43.63 -32.47 -21.36 -10.25 0.74 11.74 22.45 33.16 43.12 53.09 61.43 69.77 75.20 80.63 81.97 83.30 80.17 77.05 70.30 63.55 54.74 45.93 36.50 27.06 17.83 8.60 -0.11 -8.83 -16.86 -24.90 -32.01 -39.13 -45.00 -50.88 -55.05 -59.22 -60.92 -62.63 -61.08 -59.52 -54.69 -49.86 -43.20 -36.55 -30.71 -24.88 -22.61 -20.33 -23.34 -26.35 -34.87 -43.38 -56.38 -69.38 -85.14 -100.90
-185.01 -181.17 -177.34 -171.72 -166.10 -159.00 -151.90 -143.59 -135.28 -125.97 -116.66 -106.61 -96.56 -86.05 -75.55 -64.79 -54.03 -43.13 -32.24 -21.32 -10.40 0.37 11.14 21.46 31.78 41.11 50.44 57.85 65.25 69.42 73.60 73.37 73.15 68.28 63.42 55.06 46.70 36.88 27.07 17.75 8.43 0.68 -7.07 -13.09 -19.10 -23.63 -28.15 -31.38 -34.61 -36.68 -38.75 -39.81 -40.88 -40.97 -41.05 -40.07 -39.08 -37.22 -35.36 -33.55 -31.74 -31.54 -31.34 -34.30 -37.26 -44.28 -51.30 -62.18 -73.06 -86.55 -100.03 -114.20 -128.38
-177.65 -174.03 -170.42 -165.09 -159.76 -153.04 -146.31 -138.46 -130.60 -121.81 -113.02 -103.52 -94.01 -84.01 -74.01 -63.64 -53.27 -42.64 -32.01 -21.27 -10.54 0.00 10.54 20.48 30.41 39.10 47.80 54.26 60.73 63.65 66.57 64.78 63.00 56.39 49.79 39.82 29.84 19.02 8.21 -1.00 -10.20 -16.47 -22.74 -26.06 -29.38 -30.39 -31.41 -30.75 -30.09 -28.35 -26.62 -24.58 -22.54 -21.01 -19.47 -19.06 -18.64 -19.75 -20.86 -23.90 -26.94 -32.36 -37.79 -45.99 -54.19 -65.22 -76.25 -89.50 -102.75 -116.71 -130.68 -143.27 -155.85
