test/esri_led_20/synt_tma_4800m_led_20.esri
nrows             510
ncols             462
xllcorner      398000.00
yllcorner     7846000.00
cellsize          500.00
NODATA_value    -9999
[rows 416 to 447 of 510, columns 360 to 431 of 462]
50.44 39.53 28.62 26.43 24.23 31.77 39.30 53.49 67.67 81.86 96.06 103.06 110.05 107.00 103.94 94.64 85.34 76.78 68.21 65.65 63.08 68.72 74.36 88.04 101.72 121.12 140.53 161.90 183.27 203.49 223.71 240.93 258.15 269.48 280.81 281.72 282.62 271.01 259.41 239.07 218.72 196.39 174.07 154.67 135.27 120.48 105.69 95.29 84.88 78.06 71.24 67.25 63.27 61.55 59.83 59.94 60.06 61.80 63.55 66.96 70.38 75.59 80.80 87.32 93.84 99.55 105.27 106.86 108.45 103.90 99.35 89.72
62.33 48.47 34.62 29.48 24.34 29.05 33.75 45.42 57.09 69.49 81.88 88.27 94.65 92.48 90.30 83.35 76.41 71.25 66.09 67.36 68.64 78.05 87.46 104.57 121.68 143.75 165.82 188.44 211.06 230.78 250.50 265.89 281.28 290.30 299.32 298.04 296.77 283.40 270.03 248.44 226.85 203.82 180.80 161.16 141.53 126.84 112.16 102.01 91.87 85.23 78.59 74.51 70.42 68.24 66.06 65.45 64.85 65.79 66.73 69.38 72.04 76.58 81.13 87.15 93.17 98.59 104.02 105.45 106.88 102.20 97.52 87.75
69.26 53.56 37.85 30.00 22.16 23.16 24.15 31.50 38.85 47.31 55.76 59.87 63.98 61.91 59.84 55.04 50.25 48.47 46.69 52.01 57.32 71.12 84.91 106.22 127.52 152.80 178.07 202.16 226.26 245.46 264.67 278.00 291.33 297.73 304.14 300.77 297.41 283.07 268.72 247.21 225.70 203.45 181.20 162.85 144.49 131.47 118.46 110.12 101.78 96.57 91.35 87.69 84.02 80.99 77.96 75.55 73.13 71.92 70.71 71.36 72.00 74.89 77.77 82.51 87.24 91.84 96.44 97.70 98.96 94.82 90.69 81.93
76.20 58.64 41.08 30.53 19.98 17.27 14.56 17.59 20.62 25.13 29.65 31.48 33.31 31.34 29.37 26.73 24.08 25.69 27.29 36.65 46.01 64.19 82.37 107.86 133.36 161.84 190.31 215.88 241.45 260.14 278.83 290.10 301.37 305.17 308.96 303.50 298.05 282.73 267.42 245.98 224.54 203.08 181.61 164.53 147.45 136.10 124.75 118.23 111.70 107.90 104.11 100.87 97.62 93.74 89.86 85.64 81.42 78.05 74.69 73.33 71.97 73.19 74.41 77.86 81.31 85.08 88.86 89.95 91.03 87.44 83.85 76.10
80.22 62.14 44.07 31.34 18.62 11.71 4.80 2.07 -0.66 -1.95 -3.24 -5.28 -7.33 -10.16 -12.99 -14.02 -15.05 -10.47 -5.89 7.33 20.56 43.33 66.10 96.28 126.46 158.61 190.77 218.09 245.42 263.66 281.90 291.04 300.18 301.34 302.50 295.25 287.99 272.44 256.89 236.56 216.23 196.65 177.06 162.33 147.61 139.02 130.44 126.81 123.17 121.66 120.15 117.64 115.13 110.02 104.91 98.00 91.09 84.58 78.07 73.86 69.66 68.61 67.56 69.31 71.05 73.79 76.53 77.60 78.67 76.23 73.79 68.00
84.25 65.65 47.06 32.16 17.26 6.14 -4.97 -13.45 -21.93 -29.03 -36.12 -42.04 -47.97 -51.66 -55.36 -54.77 -54.19 -46.63 -39.07 -21.98 -4.90 22.47 49.83 84.69 119.55 155.39 191.23 220.31 249.38 267.17 284.97 291.97 298.98 297.51 296.04 286.99 277.94 262.15 246.36 227.14 207.92 190.21 172.50 160.13 147.76 141.94 136.13 135.38 134.64 135.41 136.18 134.42 132.65 126.31 119.96 110.37 100.77 91.11 81.45 74.40 67.35 64.03 60.71 60.75 60.79 62.50 64.21 65.26 66.30 65.02 63.74 59.89
89.40 71.85 54.29 38.22 22.15 7.09 -7.97 -22.60 -37.24 -50.98 -64.73 -75.57 -86.41 -92.07 -97.73 -96.64 -95.55 -86.06 -76.57 -56.51 -36.46 -5.18 26.11 65.23 104.36 143.70 183.04 213.88 244.72 262.25 279.77 285.04 290.32 286.82 283.33 273.13 262.94 247.48 232.02 214.38 196.73 181.29 165.84 156.12 146.40 143.54 140.67 142.90 145.14 148.21 151.27 150.17 149.06 141.32 133.58 121.11 108.63 95.68 82.73 72.80 62.86 57.36 51.85 50.38 48.91 49.87 50.84 52.20 53.56 53.78 54.00 52.46
94.54 78.04 61.53 44.29 27.04 8.04 -10.96 -31.76 -52.55 -72.94 -93.33 -109.10 -124.86 -132.48 -140.11 -138.51 -136.91 -125.48 -114.06 -91.04 -68.02 -32.82 2.38 45.77 89.16 132.00 174.85 207.46 240.07 257.32 274.57 278.11 281.66 276.14 270.61 259.28 247.95 232.82 217.69 201.62 185.55 172.36 159.18 152.11 145.04 145.13 145.21 150.43 155.64 161.00 166.36 165.92 165.47 156.34 147.21 131.85 116.49 100.25 84.01 71.19 58.38 50.68 42.99 40.01 37.03 37.25 37.47 39.14 40.81 42.54 44.26 45.04
104.37 91.00 77.63 60.82 44.02 22.04 0.07 -26.40 -52.88 -79.79 -106.70 -127.81 -148.92 -159.64 -170.36 -169.82 -169.27 -157.52 -145.78 -121.41 -97.04 -59.63 -22.23 23.73 69.69 114.72 159.74 193.56 227.37 244.68 261.99 264.82 267.66 261.37 255.08 243.64 232.21 217.99 203.77 189.44 175.11 164.10 153.09 148.28 143.48 145.76 148.04 155.20 162.36 169.00 175.65 175.32 174.99 164.61 154.22 136.63 119.04 100.34 81.63 66.72 51.81 42.67 33.54 29.78 26.03 26.17 26.32 28.73 31.15 34.48 37.80 40.75
114.20 103.96 93.73 77.36 61.00 36.05 11.10 -21.05 -53.20 -86.64 -120.07 -146.53 -172.99 -186.80 -200.62 -201.12 -201.63 -189.56 -177.50 -151.78 -126.06 -86.45 -46.84 1.69 50.21 97.43 144.64 179.66 214.67 232.05 249.42 251.53 253.65 246.60 239.54 228.00 216.47 203.15 189.84 177.26 164.68 155.84 146.99 144.45 141.91 146.39 150.88 159.98 169.08 177.01 184.93 184.72 184.51 172.87 161.24 141.42 121.60 100.42 79.24 62.24 45.24 34.66 24.08 19.56 15.04 15.10 15.16 18.33 21.49 26.42 31.34 36.46
128.97 124.34 119.70 105.78 91.85 65.18 38.51 1.48 -35.56 -74.94 -114.32 -146.08 -177.84 -195.58 -213.33 -216.35 -219.38 -208.66 -197.94 -172.71 -147.49 -107.84 -68.19 -19.44 29.31 76.76 124.20 159.47 194.74 212.50 230.26 232.91 235.55 229.19 222.83 212.33 201.83 190.03 178.23 167.54 156.85 149.91 142.98 142.02 141.05 146.54 152.03 161.49 170.95 178.67 186.38 185.53 184.68 172.10 159.52 138.53 117.54 95.15 72.77 54.84 36.92 25.96 15.00 10.67 6.34 7.09 7.84 12.14 16.44 22.92 29.39 36.31
143.73 144.71 145.68 134.20 122.71 94.31 65.92 24.01 -17.91 -63.24 -108.57 -145.63 -182.69 -204.36 -226.04 -231.58 -237.12 -227.76 -218.39 -193.65 -168.91 -129.23 -89.55 -40.57 8.42 56.09 103.75 139.28 174.80 192.96 211.11 214.28 217.46 211.79 206.12 196.65 187.18 176.90 166.62 157.82 149.01 143.99 138.97 139.59 140.20 146.69 153.18 163.00 172.83 180.33 187.83 186.35 184.86 171.33 157.80 135.64 113.48 89.88 66.29 47.44 28.60 17.26 5.91 1.78 -2.36 -0.92 0.52 5.96 11.40 19.42 27.44 36.16
157.97 166.44 174.91 167.58 160.25 131.35 102.44 56.59 10.73 -39.62 -89.97 -131.64 -173.32 -198.85 -224.39 -233.02 -241.66 -234.68 -227.70 -204.85 -181.99 -143.95 -105.92 -58.50 -11.09 35.26 81.61 116.55 151.49 170.11 188.72 193.19 197.67 193.69 189.72 182.12 174.52 166.20 157.89 151.04 144.18 140.80 137.43 138.98 140.54 147.03 153.52 162.49 171.46 177.69 183.92 181.30 178.67 164.45 150.22 127.69 105.15 81.34 57.53 38.74 19.96 9.14 -1.67 -4.84 -8.01 -5.36 -2.70 4.05 10.80 20.18 29.57 39.66
172.22 188.18 204.15 200.97 197.80 168.38 138.97 89.17 39.37 -16.00 -71.36 -117.66 -163.96 -193.35 -222.73 -234.46 -246.19 -241.61 -237.02 -216.05 -195.07 -158.68 -122.29 -76.44 -30.60 14.44 59.47 93.83 128.18 147.26 166.34 172.11 177.88 175.60 173.33 167.59 161.85 155.50 149.16 144.25 139.35 137.62 135.88 138.38 140.88 147.37 153.86 161.97 170.09 175.05 180.01 176.25 172.49 157.57 142.65 119.74 96.83 72.80 48.77 30.04 11.32 1.03 -9.26 -11.46 -13.66 -9.79 -5.92 2.14 10.20 20.94 31.69 43.17
174.53 197.78 221.04 222.66 224.29 195.80 167.31 115.61 63.91 5.81 -52.29 -101.13 -149.96 -181.66 -213.35 -227.36 -241.37 -239.12 -236.87 -218.32 -199.76 -165.91 -132.06 -88.80 -45.54 -2.74 40.05 73.18 106.31 125.56 144.81 151.96 159.11 158.87 158.62 155.09 151.55 147.35 143.14 140.14 137.14 136.78 136.43 139.46 142.48 148.47 154.45 161.25 168.06 171.47 174.89 169.99 165.09 149.72 134.35 111.53 88.71 65.07 41.42 23.35 5.28 -4.01 -13.30 -14.27 -15.25 -10.16 -5.07 4.05 13.17 24.83 36.48 48.78
176.85 207.39 237.93 244.35 250.78 223.21 195.65 142.05 88.46 27.62 -33.22 -84.59 -135.97 -169.97 -203.98 -220.26 -236.55 -236.64 -236.72 -220.59 -204.45 -173.14 -141.83 -101.16 -60.49 -19.93 20.64 52.53 84.43 103.86 123.29 131.82 140.35 142.13 143.91 142.58 141.25 139.19 137.13 136.02 134.92 135.95 136.99 140.54 144.09 149.56 155.04 160.53 166.02 167.90 169.77 163.73 157.69 141.87 126.05 103.32 80.60 57.33 34.07 16.66 -0.76 -9.05 -17.34 -17.09 -16.83 -10.53 -4.22 5.96 16.14 28.71 41.27 54.39
154.44 189.13 223.83 234.24 244.65 220.17 195.68 144.40 93.13 34.19 -24.74 -74.68 -124.62 -157.94 -191.27 -207.79 -224.32 -225.62 -226.92 -212.98 -199.05 -170.81 -142.57 -105.43 -68.30 -30.93 6.44 36.34 66.25 85.35 104.45 114.09 123.74 127.49 131.24 132.16 133.07 133.14 133.20 133.89 134.57 136.79 139.01 142.87 146.73 151.55 156.38 160.57 164.76 165.28 165.81 158.96 152.11 136.29 120.48 98.43 76.38 54.13 31.88 15.54 -0.80 -8.07 -15.34 -14.21 -13.08 -6.14 0.81 11.33 21.86 34.49 47.13 60.18
132.02 170.88 209.73 224.13 238.53 217.12 195.71 146.75 97.80 40.76 -16.27 -64.77 -113.27 -145.91 -178.55 -195.32 -212.09 -214.61 -217.12 -205.38 -193.64 -168.48 -143.32 -109.71 -76.10 -41.93 -7.76 20.16 48.07 66.84 85.60 96.37 107.14 112.86 118.58 121.73 124.88 127.08 129.28 131.75 134.21 137.62 141.02 145.19 149.36 153.54 157.72 160.61 163.50 162.67 161.84 154.19 146.53 130.72 114.91 93.54 72.17 50.93 29.69 14.42 -0.84 -7.09 -13.34 -11.34 -9.33 -1.75 5.84 16.70 27.57 40.28 53.00 65.96
79.87 118.19 156.52 173.24 189.96 174.12 158.29 117.01 75.74 26.46 -22.82 -65.09 -107.36 -135.84 -164.33 -178.90 -193.48 -195.63 -197.79 -187.68 -177.57 -155.97 -134.37 -105.42 -76.48 -46.69 -16.90 8.16 33.21 51.14 69.07 80.73 92.38 99.97 107.56 112.88 118.20 122.46 126.71 130.85 135.00 139.46 143.93 148.31 152.69 156.21 159.72 161.42 163.12 161.20 159.27 151.23 143.18 128.00 112.81 92.90 73.00 53.52 34.05 20.23 6.42 0.97 -4.49 -2.29 -0.09 7.26 14.62 24.89 35.17 46.95 58.73 70.54
27.71 65.51 103.32 122.35 141.38 131.13 120.87 87.28 53.68 12.15 -29.38 -65.41 -101.44 -125.77 -150.10 -162.48 -174.86 -176.65 -178.45 -169.97 -161.49 -143.45 -125.42 -101.14 -76.85 -51.44 -26.03 -3.84 18.35 35.45 52.54 65.08 77.63 87.09 96.55 104.04 111.53 117.83 124.13 129.96 135.78 141.31 146.83 151.42 156.02 158.87 161.73 162.23 162.74 159.72 156.70 148.27 139.84 125.28 110.71 92.27 73.83 56.11 38.40 26.05 13.69 9.03 4.37 6.75 9.14 16.27 23.39 33.09 42.78 53.62 64.46 75.12
-44.69 -10.93 22.83 42.76 62.70 59.55 56.41 34.15 11.89 -17.81 -47.51 -73.92 -100.33 -118.08 -135.83 -144.33 -152.82 -153.15 -153.48 -146.19 -138.90 -124.69 -110.48 -91.56 -72.64 -52.34 -32.05 -13.24 5.57 21.56 37.55 50.87 64.18 75.42 86.66 96.20 105.74 113.93 122.13 129.47 136.82 143.30 149.78 154.53 159.27 161.45 163.63 163.03 162.43 158.53 154.64 146.18 137.71 124.24 110.77 94.35 77.92 62.48 47.05 36.35 25.66 21.58 17.49 19.52 21.55 27.78 34.02 42.42 50.82 59.96 69.10 77.85
-117.09 -87.38 -57.66 -36.83 -15.99 -12.02 -8.06 -18.98 -29.91 -47.77 -65.64 -82.43 -99.23 -110.39 -121.55 -126.17 -130.78 -129.65 -128.51 -122.41 -116.32 -105.93 -95.54 -81.99 -68.43 -53.24 -38.06 -22.63 -7.21 7.68 22.57 36.65 50.73 63.75 76.77 88.36 99.95 110.03 120.12 128.99 137.87 145.30 152.74 157.63 162.53 164.03 165.54 163.83 162.12 157.35 152.58 144.08 135.59 123.21 110.83 96.43 82.02 68.85 55.69 46.66 37.64 34.12 30.61 32.29 33.96 39.30 44.64 51.74 58.85 66.30 73.74 80.58
-188.66 -164.19 -139.72 -118.81 -97.89 -87.13 -76.36 -75.80 -75.24 -80.84 -86.45 -93.20 -99.95 -104.27 -108.60 -109.29 -109.98 -107.44 -104.90 -100.00 -95.09 -88.35 -81.61 -73.08 -64.55 -54.13 -43.70 -31.41 -19.12 -5.26 8.60 23.36 38.13 52.73 67.33 80.68 94.03 105.66 117.30 127.38 137.46 145.61 153.76 158.68 163.60 164.41 165.22 162.51 159.79 154.35 148.92 140.62 132.32 121.19 110.07 97.76 85.46 74.59 63.73 56.34 48.96 45.92 42.88 44.04 45.19 49.43 53.66 59.24 64.82 70.36 75.90 80.67
-260.22 -241.00 -221.78 -200.78 -179.79 -162.23 -144.67 -132.62 -120.57 -113.92 -107.27 -103.97 -100.67 -98.16 -95.65 -92.41 -89.18 -85.24 -81.30 -77.58 -73.86 -70.77 -67.68 -64.18 -60.68 -55.01 -49.34 -40.18 -31.02 -18.20 -5.37 10.08 25.52 41.71 57.89 73.00 88.11 101.30 114.49 125.77 137.04 145.92 154.79 159.73 164.67 164.79 164.90 161.18 157.46 151.36 145.26 137.15 129.05 119.17 109.30 99.10 88.89 80.33 71.77 66.02 60.27 57.71 55.15 55.79 56.43 59.56 62.68 66.74 70.80 74.42 78.05 80.77
-309.19 -295.00 -280.82 -260.39 -239.96 -217.56 -195.17 -174.40 -153.63 -137.44 -121.24 -110.16 -99.08 -91.66 -84.25 -78.83 -73.41 -69.44 -65.47 -63.47 -61.46 -61.44 -61.43 -61.63 -61.84 -59.52 -57.19 -50.18 -43.18 -31.00 -18.82 -2.82 13.19 30.55 47.91 64.28 80.64 94.83 109.02 120.95 132.88 141.98 151.09 155.77 160.45 159.87 159.28 154.73 150.18 143.60 137.01 129.20 121.39 112.74 104.08 95.79 87.49 80.95 74.41 70.12 65.83 63.77 61.71 61.98 62.25 64.41 66.57 69.26 71.96 73.95 75.95 77.02
-358.16 -349.01 -339.85 -319.99 -300.13 -272.90 -245.66 -216.18 -186.69 -160.95 -135.21 -116.35 -97.49 -85.17 -72.84 -65.24 -57.64 -53.64 -49.64 -49.35 -49.06 -52.12 -55.18 -59.09 -63.01 -64.02 -65.04 -60.18 -55.33 -43.81 -32.28 -15.72 0.85 19.40 37.94 55.55 73.16 88.36 103.56 116.14 128.71 138.05 147.39 151.81 156.24 154.95 153.66 148.28 142.89 135.83 128.77 121.25 113.74 106.30 98.86 92.48 86.09 81.57 77.05 74.21 71.38 69.83 68.28 68.17 68.06 69.26 70.45 71.78 73.11 73.48 73.85 73.27
-373.93 -369.29 -364.65 -346.12 -327.59 -298.08 -268.57 -234.14 -199.71 -168.29 -136.88 -113.68 -90.48 -76.32 -62.16 -55.13 -48.10 -46.16 -44.21 -46.45 -48.69 -54.12 -59.55 -65.47 -71.39 -73.93 -76.47 -72.49 -68.51 -57.11 -45.71 -28.67 -11.64 7.63 26.90 45.17 63.44 79.03 94.61 107.19 119.76 128.73 137.70 141.52 145.34 143.36 141.38 135.33 129.29 121.87 114.44 107.24 100.03 93.75 87.47 82.79 78.12 75.31 72.50 70.94 69.37 68.41 67.45 67.23 67.00 67.50 67.99 68.28 68.57 67.80 67.03 65.40
-389.70 -389.58 -389.46 -372.25 -355.04 -323.26 -291.48 -252.10 -212.72 -175.63 -138.55 -111.01 -83.47 -67.48 -51.48 -45.02 -38.56 -38.67 -38.78 -43.55 -48.32 -56.13 -63.93 -71.85 -79.77 -83.84 -87.90 -84.79 -81.69 -70.41 -59.13 -41.63 -24.13 -4.14 15.85 34.78 53.72 69.69 85.66 98.24 110.81 119.41 128.01 131.23 134.44 131.76 129.09 122.39 115.69 107.90 100.12 93.22 86.33 81.20 76.07 73.11 70.15 69.05 67.96 67.66 67.36 66.99 66.63 66.29 65.94 65.73 65.52 64.77 64.02 62.12 60.21 57.54
-376.35 -380.27 -384.20 -369.09 -353.98 -322.06 -290.14 -248.88 -207.62 -168.14 -128.67 -99.89 -71.11 -56.12 -41.12 -37.67 -34.21 -38.08 -41.95 -49.81 -57.68 -67.22 -76.76 -85.30 -93.84 -98.00 -102.15 -98.89 -95.62 -83.99 -72.35 -54.38 -36.41 -16.01 4.38 23.51 42.64 58.51 74.37 86.47 98.58 106.43 114.28 116.71 119.13 115.79 112.45 105.22 97.98 89.89 81.80 75.22 68.63 64.61 60.60 59.23 57.85 58.28 58.71 59.54 60.38 60.66 60.95 60.68 60.41 59.74 59.07 57.59 56.12 53.49 50.86 47.59
-362.99 -370.97 -378.95 -365.93 -352.91 -320.85 -288.80 -245.66 -202.52 -160.65 -118.78 -88.77 -58.75 -44.76 -30.76 -30.31 -29.87 -37.49 -45.12 -56.08 -67.04 -78.31 -89.59 -98.75 -107.92 -112.16 -116.40 -112.98 -109.55 -97.56 -85.57 -67.13 -48.69 -27.88 -7.08 12.24 31.57 47.32 63.08 74.71 86.35 93.45 100.55 102.19 103.82 99.82 95.82 88.05 80.27 71.88 63.49 57.21 50.93 48.03 45.13 45.34 45.56 47.51 49.45 51.42 53.40 54.33 55.26 55.07 54.88 53.75 52.62 50.42 48.21 44.86 41.51 37.65
-331.05 -342.50 -353.96 -343.64 -333.33 -302.74 -272.15 -229.40 -186.65 -144.88 -103.11 -74.09 -45.07 -33.75 -22.43 -25.99 -29.56 -41.27 -52.97 -66.77 -80.57 -92.91 -105.24 -114.18 -123.11 -126.66 -130.22 -126.12 -122.02 -109.49 -96.95 -78.16 -59.36 -38.45 -17.55 1.63 20.80 36.15 51.51 62.54 73.56 79.95 86.33 87.33 88.32 83.85 79.39 71.27 63.16 54.63 46.10 40.20 34.30 32.46 30.63 32.30 33.96 37.26 40.56 43.54 46.52 48.07 49.61 49.57 49.53 48.12 46.71 44.01 41.30 37.45 33.60 29.33
-299.10 -314.04 -328.97 -321.36 -313.75 -284.62 -255.50 -213.14 -170.78 -129.11 -87.44 -59.41 -31.38 -22.74 -14.10 -21.67 -29.25 -45.04 -60.83 -77.46 -94.10 -107.50 -120.90 -129.60 -138.30 -141.16 -144.03 -139.26 -134.50 -121.42 -108.34 -89.19 -70.03 -49.02 -28.01 -8.99 10.02 24.98 39.94 50.36 60.78 66.45 72.11 72.47 72.82 67.89 62.95 54.50 46.04 37.38 28.71 23.19 17.67 16.90 16.13 19.25 22.36 27.01 31.66 35.66 39.65 41.81 43.96 44.07 44.18 42.50 40.81 37.60 34.39 30.04 25.69 21.01
