test/esri_led_20/synt_tma_6000m_led_20.esri
nrows             510
ncols             462
xllcorner      398000.00
yllcorner     7846000.00
cellsize          500.00
NODATA_value    -9999
[rows 384 to 415 of 510, columns 71 to 141 of 462]
-35.21 -30.33 -24.11 -17.90 -9.65 -1.41 9.82 21.06 34.14 47.21 58.63 70.05 75.27 80.49 77.26 74.03 64.83 55.63 45.06 34.49 25.93 17.37 11.96 6.56 3.46 0.35 -1.92 -4.19 -6.56 -8.94 -11.76 -14.58 -17.82 -21.06 -24.59 -28.12 -32.01 -35.89 -40.39 -44.88 -50.18 -55.47 -61.09 -66.72 -71.39 -76.07 -79.25 -82.43 -85.43 -88.42 -92.13 -95.85 -99.02 -102.19 -103.70 -105.21 -106.25 -107.29 -108.79 -110.28 -110.58 -110.89 -108.54 -106.20 -102.72 -99.25 -96.64 -94.03 -92.04 -90.06 -87.97
-29.26 -23.72 -16.89 -10.07 -1.46 7.15 18.46 29.77 42.74 55.72 66.97 78.22 83.17 88.11 84.39 80.67 70.91 61.15 50.15 39.15 30.35 21.55 16.12 10.68 7.65 4.63 2.44 0.26 -2.12 -4.50 -7.46 -10.42 -13.86 -17.29 -21.03 -24.76 -28.87 -32.97 -37.76 -42.55 -48.22 -53.90 -59.94 -65.98 -71.04 -76.09 -79.59 -83.10 -86.47 -89.84 -94.04 -98.25 -101.86 -105.48 -107.24 -108.99 -110.22 -111.45 -113.19 -114.93 -115.37 -115.82 -113.38 -110.94 -107.34 -103.73 -101.18 -98.63 -96.84 -95.06 -93.23
-20.57 -14.18 -6.55 1.07 10.06 19.05 30.07 41.08 53.29 65.50 75.93 86.36 90.71 95.06 91.08 87.11 77.35 67.60 56.69 45.78 36.99 28.21 22.58 16.96 13.64 10.32 7.84 5.35 2.65 -0.06 -3.42 -6.78 -10.69 -14.60 -18.75 -22.91 -27.24 -31.57 -36.31 -41.06 -46.47 -51.88 -57.61 -63.34 -68.25 -73.15 -76.76 -80.37 -83.96 -87.56 -91.95 -96.34 -100.19 -104.03 -106.17 -108.31 -109.92 -111.52 -113.43 -115.35 -115.81 -116.27 -113.80 -111.32 -107.59 -103.86 -101.11 -98.36 -96.51 -94.67 -93.08
-11.88 -4.64 3.79 12.21 21.58 30.96 41.67 52.39 63.83 75.28 84.88 94.49 98.25 102.00 97.78 93.55 83.80 74.05 63.23 52.41 43.64 34.86 29.05 23.25 19.63 16.01 13.23 10.44 7.42 4.39 0.62 -3.14 -7.52 -11.90 -16.47 -21.05 -25.61 -30.16 -34.87 -39.57 -44.72 -49.87 -55.29 -60.70 -65.45 -70.20 -73.93 -77.65 -81.46 -85.27 -89.85 -94.43 -98.51 -102.59 -105.11 -107.63 -109.61 -111.59 -113.68 -115.76 -116.25 -116.73 -114.22 -111.71 -107.85 -103.99 -101.04 -98.09 -96.19 -94.28 -92.92
-1.28 7.08 16.56 26.04 35.87 45.69 55.83 65.97 76.23 86.49 94.98 103.48 106.54 109.61 105.18 100.75 91.18 81.61 71.15 60.69 52.06 43.44 37.35 31.27 27.12 22.96 19.64 16.32 12.76 9.19 4.78 0.37 -4.76 -9.88 -15.11 -20.33 -25.15 -29.97 -34.36 -38.76 -43.18 -47.60 -52.19 -56.79 -61.03 -65.27 -68.93 -72.60 -76.54 -80.48 -85.13 -89.77 -94.03 -98.28 -101.26 -104.24 -106.71 -109.18 -111.50 -113.82 -114.28 -114.74 -112.08 -109.42 -105.23 -101.03 -97.60 -94.16 -91.97 -89.78 -88.57
9.32 18.79 29.33 39.88 50.15 60.42 69.99 79.56 88.64 97.71 105.09 112.46 114.84 117.21 112.58 107.95 98.57 89.18 79.07 68.96 60.49 52.02 45.66 39.29 34.60 29.91 26.05 22.20 18.10 14.00 8.94 3.87 -1.99 -7.86 -13.74 -19.61 -24.69 -29.77 -33.86 -37.96 -41.64 -45.32 -49.10 -52.88 -56.61 -60.33 -63.94 -67.55 -71.62 -75.69 -80.40 -85.12 -89.54 -93.97 -97.40 -100.84 -103.81 -106.78 -109.32 -111.87 -112.31 -112.75 -109.94 -107.13 -102.60 -98.07 -94.15 -90.23 -87.76 -85.28 -84.23
20.00 30.63 42.27 53.90 64.59 75.28 84.21 93.14 101.08 109.03 115.54 122.05 123.93 125.81 120.88 115.95 106.56 97.16 87.34 77.51 69.23 60.94 54.32 47.71 42.49 37.28 32.89 28.50 23.84 19.17 13.37 7.57 0.83 -5.91 -12.55 -19.18 -24.54 -29.90 -33.61 -37.31 -40.14 -42.97 -45.87 -48.76 -51.93 -55.10 -58.59 -62.09 -66.28 -70.48 -75.37 -80.26 -84.95 -89.64 -93.49 -97.35 -100.80 -104.25 -107.11 -109.97 -110.40 -110.83 -107.63 -104.43 -99.22 -94.01 -89.38 -84.74 -81.82 -78.90 -77.85
30.69 42.48 55.21 67.93 79.04 90.15 98.44 106.72 113.53 120.34 125.99 131.64 133.02 134.41 129.18 123.95 114.55 105.14 95.60 86.06 77.96 69.86 62.99 56.12 50.38 44.64 39.72 34.80 29.58 24.35 17.81 11.26 3.65 -3.97 -11.36 -18.75 -24.40 -30.04 -33.35 -36.66 -38.64 -40.62 -42.63 -44.64 -47.25 -49.87 -53.24 -56.62 -60.95 -65.28 -70.34 -75.41 -80.36 -85.30 -89.59 -93.87 -97.79 -101.71 -104.89 -108.07 -108.50 -108.92 -105.32 -101.72 -95.84 -89.95 -84.60 -79.24 -75.88 -72.53 -71.47
40.14 52.55 65.76 78.96 90.11 101.25 108.92 116.59 122.51 128.44 133.43 138.42 139.46 140.51 135.15 129.79 120.53 111.27 102.10 92.93 85.11 77.29 70.36 63.43 57.39 51.34 46.05 40.77 35.09 29.41 22.26 15.11 6.80 -1.51 -9.47 -17.43 -23.26 -29.10 -32.09 -35.09 -36.42 -37.74 -39.08 -40.42 -42.63 -44.84 -48.17 -51.51 -56.06 -60.61 -65.99 -71.37 -76.66 -81.95 -86.57 -91.20 -95.44 -99.67 -103.02 -106.38 -106.66 -106.95 -102.80 -98.66 -91.94 -85.22 -79.03 -72.84 -68.91 -64.98 -63.75
49.60 62.62 76.31 90.00 101.17 112.34 119.40 126.45 131.49 136.53 140.86 145.20 145.90 146.61 141.12 135.63 126.51 117.39 108.60 99.80 92.26 84.72 77.73 70.74 64.40 58.05 52.39 46.73 40.60 34.48 26.72 18.96 9.96 0.96 -7.57 -16.10 -22.13 -28.16 -30.84 -33.52 -34.19 -34.87 -35.53 -36.20 -38.00 -39.80 -43.10 -46.40 -51.17 -55.94 -61.64 -67.34 -72.96 -78.59 -83.56 -88.54 -93.09 -97.63 -101.16 -104.68 -104.83 -104.98 -100.29 -95.59 -88.04 -80.49 -73.46 -66.43 -61.94 -57.44 -56.03
57.74 70.43 83.60 96.76 107.33 117.91 124.35 130.80 135.14 139.47 143.09 146.71 147.07 147.43 142.23 137.04 128.63 120.23 112.16 104.08 97.04 89.99 83.21 76.44 70.08 63.72 57.88 52.05 45.64 39.23 31.10 22.97 13.60 4.23 -4.54 -13.31 -19.37 -25.42 -27.93 -30.43 -30.72 -31.02 -31.25 -31.48 -33.05 -34.63 -38.06 -41.50 -46.67 -51.84 -57.99 -64.15 -70.16 -76.18 -81.43 -86.69 -91.35 -96.00 -99.40 -102.79 -102.57 -102.35 -97.04 -91.74 -83.33 -74.93 -66.93 -58.93 -53.72 -48.50 -46.77
65.88 78.25 90.89 103.52 113.50 123.47 129.31 135.14 138.78 142.42 145.32 148.23 148.23 148.24 143.34 138.44 130.76 123.07 115.72 108.37 101.81 95.26 88.70 82.14 75.76 69.38 63.38 57.37 50.67 43.98 35.48 26.98 17.24 7.50 -1.50 -10.51 -16.60 -22.69 -25.02 -27.34 -27.25 -27.17 -26.97 -26.76 -28.11 -29.46 -33.03 -36.60 -42.17 -47.74 -54.35 -60.96 -67.36 -73.77 -79.30 -84.84 -89.61 -94.37 -97.64 -100.90 -100.31 -99.71 -93.80 -87.90 -78.63 -69.36 -60.40 -51.44 -45.50 -39.55 -37.52
73.58 84.99 96.55 108.11 117.13 126.16 131.26 136.36 139.28 142.21 144.39 146.57 146.29 146.00 141.59 137.19 130.51 123.83 117.49 111.15 105.30 99.45 93.24 87.04 80.79 74.54 68.56 62.57 55.76 48.95 40.19 31.43 21.39 11.35 2.16 -7.02 -13.12 -19.21 -21.40 -23.59 -23.19 -22.80 -22.21 -21.62 -22.83 -24.03 -27.93 -31.83 -38.05 -44.28 -51.56 -58.84 -65.73 -72.62 -78.40 -84.19 -88.98 -93.78 -96.86 -99.95 -98.93 -97.91 -91.27 -84.64 -74.27 -63.90 -53.67 -43.45 -36.59 -29.73 -27.38
81.28 91.74 102.22 112.69 120.77 128.85 133.21 137.58 139.79 142.00 143.46 144.92 144.34 143.76 139.85 135.93 130.27 124.60 119.26 113.93 108.78 103.64 97.79 91.95 85.83 79.71 73.74 67.77 60.85 53.92 44.90 35.87 25.53 15.19 5.83 -3.52 -9.63 -15.73 -17.78 -19.83 -19.13 -18.43 -17.46 -16.49 -17.55 -18.61 -22.84 -27.06 -33.94 -40.82 -48.77 -56.72 -64.09 -71.47 -77.50 -83.53 -88.36 -93.19 -96.09 -98.99 -97.55 -96.11 -88.74 -81.37 -69.90 -58.43 -46.95 -35.46 -27.68 -19.91 -17.24
88.92 98.31 107.76 117.21 124.36 131.52 134.99 138.47 139.86 141.25 142.12 142.99 142.22 141.46 137.88 134.31 129.44 124.57 120.22 115.88 111.49 107.11 101.61 96.10 90.14 84.17 78.39 72.61 65.75 58.90 49.64 40.37 29.63 18.90 9.24 -0.41 -6.62 -12.82 -14.73 -16.65 -15.62 -14.58 -13.22 -11.86 -12.81 -13.76 -18.40 -23.04 -30.67 -38.31 -47.02 -55.73 -63.62 -71.51 -77.75 -83.99 -88.89 -93.79 -96.72 -99.66 -98.01 -96.37 -88.28 -80.19 -67.52 -54.85 -42.02 -29.19 -20.51 -11.82 -8.96
96.57 104.89 113.31 121.72 127.95 134.18 136.77 139.36 139.94 140.51 140.78 141.05 140.10 139.15 135.92 132.69 128.62 124.55 121.18 117.82 114.20 110.59 105.42 100.26 94.45 88.64 83.04 77.45 70.66 63.88 54.37 44.87 33.73 22.60 12.65 2.69 -3.60 -9.90 -11.68 -13.47 -12.10 -10.73 -8.98 -7.22 -8.07 -8.91 -13.96 -19.01 -27.41 -35.80 -45.27 -54.75 -63.15 -71.55 -78.00 -84.45 -89.41 -94.38 -97.35 -100.33 -98.47 -96.62 -87.82 -79.01 -65.14 -51.27 -37.10 -22.92 -13.33 -3.73 -0.68
103.31 110.63 118.09 125.55 130.89 136.23 137.93 139.64 139.41 139.18 138.89 138.60 137.43 136.25 133.13 130.01 126.39 122.76 120.04 117.32 114.29 111.25 106.46 101.67 96.15 90.62 85.35 80.07 73.51 66.95 57.44 47.92 36.64 25.36 15.26 5.16 -1.22 -7.60 -9.38 -11.17 -9.73 -8.29 -6.45 -4.61 -5.48 -6.35 -11.65 -16.94 -25.72 -34.51 -44.35 -54.20 -62.86 -71.51 -78.06 -84.62 -89.67 -94.73 -97.86 -100.99 -99.23 -97.47 -88.51 -79.55 -65.31 -51.06 -36.44 -21.81 -11.88 -1.95 1.22
110.05 116.37 122.87 129.37 133.83 138.28 139.09 139.91 138.87 137.84 137.00 136.15 134.75 133.34 130.34 127.33 124.15 120.98 118.90 116.83 114.37 111.92 107.50 103.08 97.85 92.61 87.66 82.70 76.36 70.03 60.51 50.98 39.55 28.12 17.87 7.62 1.16 -5.30 -7.09 -8.87 -7.37 -5.86 -3.93 -2.01 -2.90 -3.79 -9.33 -14.87 -24.04 -33.21 -43.44 -53.66 -62.56 -71.47 -78.13 -84.79 -89.94 -95.08 -98.37 -101.65 -99.98 -98.31 -89.20 -80.09 -65.47 -50.86 -35.78 -20.69 -10.43 -0.16 3.12
115.35 120.68 126.12 131.55 135.04 138.53 138.56 138.59 136.85 135.10 133.59 132.07 130.24 128.41 125.37 122.33 119.32 116.31 114.41 112.51 110.33 108.15 104.22 100.30 95.63 90.96 86.45 81.93 75.96 69.98 60.86 51.73 40.69 29.65 19.67 9.69 3.27 -3.15 -5.18 -7.21 -6.15 -5.09 -3.64 -2.18 -3.34 -4.50 -9.95 -15.40 -24.25 -33.10 -42.99 -52.88 -61.58 -70.27 -76.90 -83.52 -88.72 -93.93 -97.33 -100.74 -99.42 -98.11 -89.78 -81.45 -67.97 -54.49 -40.55 -26.61 -16.97 -7.34 -3.90
120.64 124.99 129.36 133.73 136.25 138.78 138.02 137.27 134.82 132.36 130.18 127.99 125.74 123.48 120.40 117.32 114.48 111.64 109.91 108.19 106.28 104.37 100.95 97.52 93.42 89.31 85.24 81.16 75.55 69.94 61.21 52.48 41.83 31.19 21.48 11.77 5.39 -1.00 -3.27 -5.54 -4.93 -4.32 -3.34 -2.36 -3.78 -5.20 -10.56 -15.93 -24.46 -32.99 -42.55 -52.10 -60.59 -69.07 -75.66 -82.25 -87.51 -92.77 -96.29 -99.82 -98.86 -97.91 -90.36 -82.82 -70.48 -58.13 -45.33 -32.53 -23.52 -14.51 -10.91
125.31 128.67 132.02 135.37 137.00 138.63 137.12 135.61 132.41 129.20 126.24 123.28 120.47 117.66 114.39 111.12 108.21 105.30 103.46 101.62 99.80 97.98 95.08 92.19 88.81 85.43 81.96 78.49 73.40 68.31 60.20 52.09 42.07 32.05 22.80 13.54 7.24 0.95 -1.70 -4.35 -4.49 -4.62 -4.43 -4.25 -6.05 -7.85 -12.92 -17.99 -25.79 -33.59 -42.39 -51.19 -59.18 -67.18 -73.60 -80.02 -85.33 -90.63 -94.37 -98.12 -97.80 -97.48 -91.30 -85.11 -74.80 -64.48 -53.83 -43.18 -35.43 -27.68 -23.92
129.97 132.35 134.68 137.01 137.74 138.47 136.21 133.95 129.99 126.03 122.30 118.58 115.21 111.85 108.38 104.91 101.93 98.95 97.00 95.04 93.31 91.58 89.21 86.85 84.20 81.55 78.68 75.82 71.25 66.69 59.19 51.69 42.31 32.92 24.12 15.31 9.10 2.90 -0.14 -3.17 -4.04 -4.92 -5.52 -6.13 -8.32 -10.50 -15.28 -20.05 -27.11 -34.18 -42.23 -50.28 -57.78 -65.28 -71.54 -77.79 -83.14 -88.49 -92.45 -96.42 -96.74 -97.06 -92.23 -87.41 -79.12 -70.83 -62.32 -53.82 -47.33 -40.85 -36.94
133.89 135.42 137.07 138.72 138.86 139.00 136.03 133.06 128.32 123.58 119.15 114.72 110.85 106.98 103.19 99.40 96.18 92.95 90.81 88.66 86.97 85.28 83.34 81.40 79.43 77.46 75.32 73.18 69.27 65.37 58.46 51.55 42.68 33.82 25.38 16.95 10.80 4.66 1.30 -2.07 -3.61 -5.15 -6.48 -7.80 -10.32 -12.84 -17.31 -21.78 -28.13 -34.49 -41.81 -49.14 -56.12 -63.11 -69.11 -75.11 -80.49 -85.88 -90.22 -94.56 -95.67 -96.79 -93.26 -89.74 -83.34 -76.95 -70.54 -64.13 -58.93 -53.73 -49.73
137.81 138.49 139.46 140.42 139.97 139.52 135.85 132.17 126.65 121.13 116.00 110.87 106.49 102.11 98.00 93.88 90.42 86.95 84.61 82.28 80.63 78.99 77.47 75.95 74.67 73.38 71.96 70.54 67.29 64.05 57.72 51.40 43.06 34.71 26.65 18.58 12.50 6.43 2.73 -0.97 -3.18 -5.39 -7.43 -9.47 -12.32 -15.17 -19.34 -23.51 -29.15 -34.79 -41.40 -48.00 -54.46 -60.93 -66.68 -72.42 -77.84 -83.26 -87.99 -92.71 -94.61 -96.51 -94.29 -92.07 -87.57 -83.07 -78.75 -74.43 -70.52 -66.61 -62.52
138.36 138.64 139.35 140.06 139.37 138.69 134.66 130.62 124.67 118.72 113.21 107.70 102.99 98.28 93.86 89.43 85.67 81.90 79.36 76.81 75.16 73.51 72.27 71.04 70.27 69.50 68.73 67.96 65.37 62.79 57.08 51.37 43.59 35.81 28.19 20.56 14.65 8.73 4.83 0.94 -1.74 -4.42 -6.95 -9.49 -12.54 -15.59 -19.52 -23.45 -28.53 -33.61 -39.59 -45.57 -51.52 -57.47 -62.89 -68.31 -73.64 -78.98 -83.93 -88.88 -91.37 -93.85 -92.60 -91.35 -88.20 -85.05 -82.17 -79.28 -76.27 -73.26 -69.20
138.91 138.79 139.24 139.69 138.77 137.86 133.47 129.07 122.69 116.31 110.42 104.53 99.49 94.45 89.71 84.97 80.91 76.85 74.10 71.34 69.68 68.03 67.07 66.12 65.87 65.63 65.50 65.37 63.45 61.52 56.43 51.34 44.13 36.91 29.73 22.55 16.79 11.04 6.94 2.85 -0.30 -3.45 -6.47 -9.50 -12.76 -16.01 -19.70 -23.38 -27.91 -32.43 -37.78 -43.13 -48.57 -54.01 -59.10 -64.19 -69.44 -74.69 -79.87 -85.05 -88.12 -91.19 -90.91 -90.63 -88.83 -87.03 -85.58 -84.13 -82.02 -79.91 -75.88
134.19 134.33 134.92 135.50 134.66 133.83 129.62 125.40 119.22 113.04 107.20 101.36 96.21 91.06 86.09 81.12 76.76 72.40 69.36 66.32 64.56 62.80 62.00 61.20 61.31 61.43 61.77 62.11 60.77 59.44 55.12 50.79 44.46 38.12 31.70 25.28 19.92 14.57 10.39 6.22 2.71 -0.79 -4.14 -7.48 -10.82 -14.15 -17.64 -21.12 -25.16 -29.19 -33.89 -38.58 -43.42 -48.26 -52.95 -57.63 -62.58 -67.53 -72.50 -77.47 -80.68 -83.88 -84.27 -84.66 -83.76 -82.86 -82.10 -81.34 -79.63 -77.92 -74.06
129.48 129.87 130.59 131.32 130.56 129.80 125.77 121.73 115.75 109.76 103.97 98.19 92.93 87.67 82.47 77.27 72.61 67.94 64.62 61.30 59.43 57.56 56.92 56.28 56.76 57.23 58.03 58.84 58.10 57.35 53.80 50.25 44.79 39.33 33.67 28.02 23.06 18.10 13.84 9.59 5.72 1.86 -1.80 -5.45 -8.88 -12.30 -15.58 -18.86 -22.41 -25.95 -29.99 -34.03 -38.27 -42.52 -46.80 -51.08 -55.73 -60.38 -65.13 -69.88 -73.23 -76.57 -77.63 -78.70 -78.69 -78.69 -78.62 -78.56 -77.25 -75.94 -72.24
121.54 122.63 123.86 125.09 124.69 124.28 120.72 117.16 111.68 106.19 100.73 95.27 90.05 84.82 79.38 73.93 68.85 63.77 60.05 56.32 54.24 52.15 51.58 51.00 51.76 52.52 53.74 54.97 54.81 54.66 51.94 49.22 44.80 40.38 35.75 31.12 26.76 22.40 18.13 13.85 9.65 5.45 1.55 -2.34 -5.76 -9.19 -12.26 -15.33 -18.40 -21.47 -24.79 -28.11 -31.68 -35.26 -39.08 -42.91 -47.13 -51.34 -55.58 -59.82 -62.99 -66.15 -67.64 -69.12 -69.71 -70.30 -70.52 -70.73 -69.52 -68.31 -64.78
113.60 115.40 117.13 118.86 118.82 118.77 115.68 112.58 107.61 102.63 97.49 92.36 87.16 81.97 76.28 70.59 65.10 59.61 55.47 51.34 49.04 46.74 46.23 45.71 46.76 47.80 49.45 51.10 51.53 51.97 50.08 48.19 44.81 41.43 37.82 34.21 30.46 26.71 22.42 18.12 13.58 9.04 4.91 0.78 -2.65 -6.08 -8.95 -11.81 -14.39 -16.98 -19.58 -22.19 -25.10 -28.00 -31.37 -34.75 -38.53 -42.30 -46.04 -49.77 -52.75 -55.73 -57.64 -59.55 -60.73 -61.92 -62.41 -62.90 -61.79 -60.69 -57.31
105.92 108.44 110.83 113.22 113.64 114.07 111.33 108.59 103.96 99.32 94.47 89.63 84.46 79.29 73.25 67.20 61.14 55.08 50.44 45.79 43.20 40.60 40.06 39.52 40.80 42.07 44.17 46.27 47.29 48.31 47.13 45.94 43.48 41.02 38.44 35.85 32.79 29.72 25.48 21.24 16.43 11.63 7.36 3.10 -0.25 -3.59 -6.19 -8.80 -10.89 -12.99 -14.91 -16.82 -19.08 -21.34 -24.28 -27.23 -30.59 -33.96 -37.19 -40.42 -43.14 -45.86 -48.00 -50.14 -51.71 -53.27 -53.92 -54.57 -53.52 -52.47 -49.21
98.24 101.49 104.54 107.58 108.47 109.36 106.98 104.59 100.30 96.01 91.45 86.89 81.75 76.62 70.22 63.81 57.18 50.55 45.40 40.24 37.35 34.46 33.89 33.33 34.84 36.35 38.89 41.44 43.04 44.65 44.17 43.70 42.15 40.60 39.05 37.49 35.12 32.74 28.55 24.36 19.29 14.22 9.82 5.42 2.16 -1.09 -3.44 -5.78 -7.40 -9.01 -10.23 -11.45 -13.06 -14.68 -17.19 -19.71 -22.66 -25.62 -28.35 -31.07 -33.53 -35.99 -38.37 -40.74 -42.68 -44.63 -45.44 -46.25 -45.25 -44.26 -41.11
