test/esri_led_20/synt_tma_1200m_led_20.esri
nrows             510
ncols             462
xllcorner      398000.00
yllcorner     7846000.00
cellsize          500.00
NODATA_value    -9999
[rows 0 to 32 of 510, columns 222 to 295 of 462]
86.85 89.88 92.91 94.85 96.80 97.70 98.61 98.57 98.54 97.69 96.84 95.31 93.78 91.67 89.56 86.94 84.33 81.23 78.12 74.54 70.95 66.88 62.81 58.30 53.79 48.94 44.09 39.06 34.03 29.01 23.99 19.19 14.39 10.02 5.65 1.87 -1.91 -4.97 -8.04 -10.35 -12.67 -14.25 -15.83 -16.76 -17.69 -18.03 -18.38 -18.18 -17.98 -17.21 -16.44 -15.02 -13.60 -11.44 -9.27 -6.26 -3.25 0.65 4.56 9.34 14.12 19.60 25.09 30.98 36.86 42.70 48.55 53.84 59.13 63.38 67.63 70.49 73.34 74.62
86.62 89.68 92.75 94.73 96.71 97.66 98.61 98.61 98.62 97.81 97.00 95.50 94.01 91.93 89.85 87.26 84.67 81.59 78.51 74.93 71.36 67.30 63.23 58.73 54.22 49.36 44.51 39.47 34.44 29.41 24.38 19.57 14.76 10.37 5.99 2.20 -1.59 -4.66 -7.73 -10.05 -12.37 -13.95 -15.53 -16.45 -17.37 -17.70 -18.04 -17.82 -17.60 -16.81 -16.02 -14.57 -13.12 -10.92 -8.72 -5.68 -2.63 1.32 5.27 10.10 14.93 20.47 26.01 31.95 37.89 43.78 49.68 55.03 60.37 64.67 68.97 71.86 74.76 76.06
84.82 87.87 90.92 92.91 94.90 95.87 96.84 96.87 96.91 96.13 95.36 93.90 92.44 90.40 88.35 85.78 83.22 80.15 77.08 73.51 69.93 65.86 61.79 57.26 52.73 47.84 42.96 37.88 32.79 27.71 22.63 17.76 12.89 8.43 3.98 0.11 -3.76 -6.91 -10.07 -12.47 -14.88 -16.54 -18.21 -19.21 -20.21 -20.62 -21.02 -20.85 -20.68 -19.91 -19.14 -17.69 -16.23 -13.98 -11.73 -8.59 -5.44 -1.35 2.74 7.75 12.75 18.50 24.25 30.43 36.60 42.74 48.88 54.46 60.04 64.55 69.07 72.15 75.22 76.67
83.02 86.06 89.10 91.10 93.09 94.08 95.07 95.13 95.20 94.46 93.72 92.30 90.87 88.86 86.85 84.30 81.76 78.70 75.65 72.08 68.51 64.43 60.35 55.79 51.24 46.32 41.40 36.28 31.15 26.02 20.88 15.95 11.01 6.49 1.96 -1.98 -5.93 -9.17 -12.41 -14.90 -17.38 -19.14 -20.89 -21.98 -23.06 -23.53 -24.00 -23.88 -23.77 -23.02 -22.27 -20.81 -19.34 -17.04 -14.73 -11.49 -8.26 -4.02 0.21 5.39 10.58 16.54 22.50 28.90 35.31 41.69 48.07 53.89 59.70 64.44 69.17 72.43 75.69 77.28
79.86 82.84 85.82 87.79 89.76 90.74 91.73 91.81 91.89 91.18 90.47 89.08 87.69 85.71 83.73 81.21 78.69 75.64 72.60 69.02 65.45 61.35 57.24 52.66 48.07 43.10 38.13 32.94 27.75 22.54 17.32 12.29 7.27 2.63 -2.00 -6.07 -10.13 -13.51 -16.89 -19.53 -22.17 -24.07 -25.98 -27.21 -28.45 -29.05 -29.66 -29.65 -29.64 -28.96 -28.28 -26.82 -25.36 -23.00 -20.64 -17.27 -13.90 -9.46 -5.03 0.43 5.88 12.17 18.46 25.22 31.99 38.75 45.51 51.70 57.89 62.97 68.04 71.60 75.16 76.98
76.70 79.62 82.54 84.48 86.42 87.40 88.39 88.49 88.59 87.91 87.23 85.87 84.51 82.56 80.61 78.11 75.61 72.58 69.54 65.97 62.39 58.27 54.14 49.52 44.90 39.88 34.86 29.60 24.35 19.05 13.76 8.64 3.52 -1.22 -5.96 -10.15 -14.34 -17.86 -21.38 -24.16 -26.95 -29.01 -31.07 -32.45 -33.84 -34.58 -35.32 -35.42 -35.51 -34.90 -34.28 -32.83 -31.38 -28.97 -26.55 -23.04 -19.54 -14.90 -10.26 -4.53 1.19 7.80 14.41 21.54 28.67 35.81 42.95 49.51 56.07 61.49 66.91 70.77 74.62 76.69
72.46 75.29 78.13 80.02 81.91 82.88 83.85 83.97 84.08 83.44 82.79 81.48 80.16 78.25 76.34 73.87 71.41 68.39 65.37 61.80 58.22 54.08 49.95 45.29 40.64 35.57 30.51 25.19 19.87 14.50 9.14 3.92 -1.29 -6.15 -11.00 -15.33 -19.65 -23.32 -26.99 -29.95 -32.91 -35.16 -37.40 -38.97 -40.54 -41.45 -42.37 -42.60 -42.84 -42.31 -41.78 -40.36 -38.93 -36.46 -33.98 -30.33 -26.68 -21.80 -16.92 -10.88 -4.84 2.15 9.14 16.70 24.26 31.85 39.44 46.45 53.45 59.29 65.13 69.35 73.57 75.94
68.22 70.97 73.71 75.55 77.40 78.35 79.31 79.45 79.58 78.97 78.36 77.08 75.81 73.94 72.07 69.63 67.20 64.20 61.20 57.63 54.05 49.90 45.75 41.06 36.38 31.27 26.16 20.78 15.40 9.96 4.51 -0.80 -6.10 -11.07 -16.04 -20.50 -24.96 -28.79 -32.61 -35.74 -38.87 -41.31 -43.74 -45.49 -47.24 -48.33 -49.41 -49.79 -50.16 -49.72 -49.28 -47.88 -46.48 -43.95 -41.41 -37.61 -33.81 -28.70 -23.58 -17.22 -10.87 -3.50 3.88 11.86 19.84 27.88 35.93 43.38 50.83 57.09 63.34 67.93 72.53 75.20
63.22 65.87 68.52 70.32 72.12 73.08 74.04 74.20 74.37 73.82 73.26 72.05 70.85 69.04 67.23 64.85 62.47 59.51 56.55 53.00 49.45 45.31 41.16 36.47 31.78 26.65 21.52 16.11 10.70 5.21 -0.28 -5.65 -11.02 -16.07 -21.12 -25.69 -30.25 -34.21 -38.17 -41.46 -44.75 -47.36 -49.97 -51.90 -53.84 -55.09 -56.34 -56.86 -57.37 -57.03 -56.68 -55.31 -53.93 -51.34 -48.75 -44.80 -40.85 -35.50 -30.15 -23.48 -16.81 -9.06 -1.31 7.11 15.52 24.01 32.50 40.41 48.32 55.01 61.70 66.69 71.68 74.69
58.23 60.78 63.33 65.08 66.84 67.80 68.76 68.96 69.16 68.66 68.17 67.02 65.88 64.14 62.40 60.07 57.75 54.83 51.91 48.38 44.85 40.71 36.58 31.88 27.19 22.04 16.89 11.45 6.01 0.47 -5.07 -10.50 -15.93 -21.06 -26.20 -30.87 -35.55 -39.64 -43.74 -47.19 -50.63 -53.42 -56.20 -58.31 -60.43 -61.85 -63.28 -63.93 -64.59 -64.33 -64.08 -62.73 -61.38 -58.73 -56.08 -51.99 -47.89 -42.31 -36.72 -29.73 -22.75 -14.62 -6.49 2.35 11.19 20.14 29.08 37.45 45.81 52.93 60.06 65.44 70.83 74.19
52.78 55.25 57.72 59.45 61.19 62.18 63.17 63.45 63.72 63.31 62.91 61.87 60.83 59.19 57.55 55.31 53.07 50.22 47.37 43.90 40.43 36.34 32.24 27.58 22.92 17.80 12.67 7.25 1.83 -3.70 -9.23 -14.67 -20.11 -25.27 -30.44 -35.17 -39.89 -44.07 -48.25 -51.81 -55.37 -58.29 -61.20 -63.46 -65.72 -67.28 -68.85 -69.62 -70.39 -70.21 -70.03 -68.70 -67.37 -64.66 -61.96 -57.73 -53.51 -47.71 -41.91 -34.65 -27.39 -18.93 -10.46 -1.25 7.96 17.30 26.64 35.41 44.18 51.71 59.23 65.00 70.77 74.48
47.32 49.71 52.11 53.82 55.54 56.56 57.59 57.93 58.27 57.96 57.65 56.72 55.78 54.24 52.70 50.54 48.39 45.62 42.84 39.42 36.01 31.96 27.91 23.28 18.65 13.55 8.46 3.05 -2.36 -7.88 -13.40 -18.85 -24.29 -29.48 -34.67 -39.46 -44.24 -48.50 -52.76 -56.43 -60.10 -63.15 -66.20 -68.61 -71.01 -72.72 -74.42 -75.31 -76.20 -76.09 -75.99 -74.67 -73.35 -70.60 -67.84 -63.48 -59.12 -53.11 -47.11 -39.57 -32.03 -23.24 -14.44 -4.86 4.73 14.47 24.21 33.38 42.56 50.48 58.41 64.56 70.71 74.77
41.68 44.03 46.38 48.12 49.85 50.95 52.05 52.51 52.97 52.80 52.62 51.83 51.04 49.64 48.23 46.20 44.18 41.51 38.84 35.52 32.19 28.23 24.26 19.71 15.16 10.14 5.12 -0.21 -5.55 -11.00 -16.46 -21.85 -27.24 -32.39 -37.54 -42.31 -47.08 -51.36 -55.64 -59.36 -63.08 -66.21 -69.34 -71.83 -74.32 -76.12 -77.91 -78.88 -79.84 -79.78 -79.72 -78.41 -77.09 -74.28 -71.46 -66.99 -62.52 -56.34 -50.17 -42.42 -34.66 -25.61 -16.57 -6.70 3.16 13.20 23.24 32.74 42.23 50.48 58.72 65.20 71.67 76.06
36.05 38.35 40.65 42.41 44.17 45.34 46.52 47.09 47.67 47.63 47.60 46.95 46.30 45.04 43.77 41.86 39.96 37.40 34.84 31.61 28.38 24.50 20.62 16.15 11.68 6.73 1.78 -3.48 -8.74 -14.13 -19.51 -24.85 -30.18 -35.30 -40.41 -45.17 -49.93 -54.23 -58.52 -62.29 -66.06 -69.27 -72.47 -75.05 -77.64 -79.52 -81.41 -82.45 -83.49 -83.47 -83.46 -82.14 -80.82 -77.96 -75.09 -70.50 -65.92 -59.58 -53.23 -45.26 -37.29 -27.99 -18.69 -8.55 1.60 11.94 22.28 32.09 41.89 50.47 59.04 65.84 72.64 77.35
30.46 32.76 35.06 36.89 38.71 40.01 41.30 42.03 42.76 42.91 43.05 42.58 42.11 41.02 39.92 38.18 36.43 34.01 31.59 28.48 25.38 21.62 17.86 13.51 9.16 4.34 -0.49 -5.62 -10.76 -16.02 -21.29 -26.51 -31.72 -36.74 -41.76 -46.44 -51.12 -55.37 -59.63 -63.39 -67.14 -70.36 -73.57 -76.19 -78.80 -80.73 -82.65 -83.72 -84.79 -84.78 -84.78 -83.44 -82.10 -79.17 -76.25 -71.57 -66.90 -60.43 -53.97 -45.85 -37.74 -28.28 -18.82 -8.50 1.81 12.34 22.86 32.86 42.86 51.65 60.44 67.48 74.52 79.48
24.87 27.17 29.47 31.36 33.26 34.67 36.09 36.97 37.86 38.18 38.50 38.21 37.93 37.00 36.08 34.49 32.90 30.61 28.33 25.36 22.39 18.75 15.11 10.88 6.65 1.94 -2.76 -7.77 -12.78 -17.92 -23.06 -28.17 -33.27 -38.18 -43.10 -47.71 -52.32 -56.52 -60.73 -64.48 -68.22 -71.45 -74.68 -77.33 -79.97 -81.93 -83.89 -84.99 -86.09 -86.09 -86.10 -84.73 -83.37 -80.39 -77.41 -72.64 -67.87 -61.29 -54.71 -46.45 -38.19 -28.57 -18.95 -8.46 2.03 12.73 23.44 33.64 43.83 52.84 61.84 69.12 76.39 81.61
19.53 21.88 24.23 26.23 28.23 29.80 31.37 32.45 33.52 34.04 34.57 34.48 34.40 33.67 32.94 31.53 30.12 28.00 25.88 23.06 20.24 16.75 13.26 9.18 5.10 0.56 -3.98 -8.83 -13.68 -18.65 -23.63 -28.57 -33.51 -38.28 -43.05 -47.53 -52.01 -56.12 -60.23 -63.91 -67.59 -70.77 -73.96 -76.59 -79.21 -81.16 -83.10 -84.18 -85.26 -85.24 -85.21 -83.81 -82.40 -79.36 -76.32 -71.48 -66.64 -59.98 -53.32 -44.98 -36.65 -26.96 -17.28 -6.74 3.81 14.57 25.33 35.59 45.85 54.95 64.04 71.44 78.84 84.21
14.20 16.59 18.98 21.09 23.20 24.93 26.65 27.92 29.18 29.91 30.63 30.76 30.88 30.34 29.81 28.57 27.34 25.38 23.42 20.76 18.09 14.75 11.41 7.48 3.56 -0.83 -5.21 -9.89 -14.58 -19.39 -24.19 -28.97 -33.75 -38.37 -42.99 -47.35 -51.70 -55.72 -59.73 -63.34 -66.95 -70.10 -73.25 -75.85 -78.45 -80.38 -82.31 -83.37 -84.44 -84.38 -84.33 -82.88 -81.43 -78.33 -75.23 -70.32 -65.40 -58.67 -51.93 -43.52 -35.11 -25.36 -15.61 -5.01 5.59 16.40 27.22 37.54 47.87 57.06 66.24 73.76 81.28 86.81
9.30 11.78 14.25 16.49 18.74 20.65 22.56 24.02 25.49 26.43 27.37 27.71 28.05 27.71 27.38 26.33 25.28 23.50 21.72 19.22 16.72 13.54 10.37 6.62 2.86 -1.34 -5.54 -10.03 -14.53 -19.14 -23.76 -28.34 -32.93 -37.37 -41.81 -46.00 -50.19 -54.07 -57.95 -61.45 -64.95 -68.01 -71.08 -73.61 -76.15 -78.02 -79.89 -80.89 -81.90 -81.78 -81.67 -80.15 -78.64 -75.47 -72.30 -67.33 -62.36 -55.59 -48.81 -40.39 -31.97 -22.24 -12.51 -1.96 8.59 19.34 30.08 40.35 50.61 59.75 68.89 76.40 83.91 89.48
4.41 6.96 9.52 11.90 14.29 16.37 18.46 20.13 21.80 22.96 24.11 24.66 25.21 25.08 24.95 24.09 23.23 21.63 20.02 17.68 15.35 12.34 9.34 5.75 2.17 -1.85 -5.87 -10.17 -14.48 -18.90 -23.32 -27.71 -32.11 -36.37 -40.62 -44.65 -48.68 -52.43 -56.17 -59.56 -62.95 -65.93 -68.91 -71.38 -73.85 -75.66 -77.47 -78.42 -79.36 -79.18 -79.01 -77.42 -75.84 -72.61 -69.38 -64.35 -59.32 -52.51 -45.69 -37.26 -28.83 -19.12 -9.41 1.09 11.59 22.27 32.95 43.15 53.35 62.45 71.54 79.05 86.55 92.15
0.13 2.79 5.45 7.99 10.52 12.79 15.06 16.93 18.81 20.17 21.54 22.30 23.06 23.12 23.19 22.52 21.84 20.41 18.98 16.82 14.65 11.82 8.98 5.58 2.18 -1.65 -5.48 -9.59 -13.69 -17.90 -22.12 -26.30 -30.49 -34.55 -38.60 -42.45 -46.30 -49.88 -53.45 -56.71 -59.96 -62.82 -65.68 -68.05 -70.41 -72.13 -73.84 -74.70 -75.55 -75.28 -75.01 -73.34 -71.68 -68.37 -65.07 -60.00 -54.93 -48.10 -41.28 -32.89 -24.49 -14.87 -5.25 5.11 15.48 25.99 36.50 46.53 56.55 65.47 74.40 81.77 89.13 94.64
-4.14 -1.38 1.38 4.07 6.75 9.20 11.66 13.73 15.81 17.39 18.97 19.93 20.90 21.16 21.43 20.94 20.45 19.20 17.94 15.95 13.96 11.29 8.63 5.41 2.19 -1.46 -5.10 -9.00 -12.90 -16.91 -20.91 -24.89 -28.87 -32.73 -36.59 -40.25 -43.91 -47.33 -50.74 -53.86 -56.97 -59.71 -62.46 -64.72 -66.98 -68.60 -70.22 -70.98 -71.74 -71.38 -71.02 -69.27 -67.51 -64.14 -60.76 -55.65 -50.53 -43.70 -36.86 -28.51 -20.15 -10.62 -1.09 9.14 19.37 29.71 40.06 49.90 59.74 68.50 77.26 84.49 91.72 97.12
-7.63 -4.76 -1.89 0.94 3.77 6.39 9.01 11.27 13.53 15.30 17.06 18.22 19.38 19.83 20.28 19.97 19.65 18.57 17.48 15.65 13.83 11.33 8.84 5.80 2.75 -0.70 -4.16 -7.86 -11.56 -15.36 -19.16 -22.93 -26.70 -30.35 -34.00 -37.46 -40.93 -44.16 -47.40 -50.35 -53.31 -55.90 -58.50 -60.63 -62.76 -64.26 -65.75 -66.39 -67.03 -66.56 -66.09 -64.23 -62.38 -58.93 -55.48 -50.33 -45.17 -38.35 -31.53 -23.25 -14.97 -5.57 3.82 13.86 23.89 33.99 44.10 53.67 63.25 71.74 80.23 87.21 94.18 99.36
-11.11 -8.13 -5.16 -2.19 0.78 3.57 6.36 8.80 11.25 13.21 15.16 16.51 17.86 18.49 19.12 18.99 18.85 17.94 17.02 15.36 13.70 11.37 9.05 6.18 3.31 0.05 -3.22 -6.72 -10.23 -13.82 -17.41 -20.97 -24.53 -27.97 -31.41 -34.68 -37.95 -41.00 -44.06 -46.85 -49.64 -52.10 -54.55 -56.55 -58.55 -59.92 -61.29 -61.81 -62.33 -61.74 -61.15 -59.20 -57.25 -53.73 -50.20 -45.01 -39.82 -33.01 -26.20 -17.99 -9.78 -0.52 8.74 18.58 28.41 38.28 48.14 57.45 66.75 74.98 83.20 89.92 96.64 101.60
-13.67 -10.60 -7.53 -4.44 -1.36 1.57 4.49 7.09 9.68 11.80 13.92 15.43 16.94 17.73 18.53 18.56 18.58 17.82 17.06 15.56 14.06 11.89 9.73 7.03 4.33 1.24 -1.85 -5.17 -8.49 -11.88 -15.28 -18.63 -21.98 -25.22 -28.45 -31.52 -34.58 -37.45 -40.31 -42.93 -45.54 -47.83 -50.12 -51.97 -53.81 -55.03 -56.25 -56.64 -57.02 -56.30 -55.59 -53.53 -51.47 -47.87 -44.27 -39.04 -33.82 -27.03 -20.25 -12.13 -4.01 5.09 14.19 23.80 33.41 42.99 52.57 61.55 70.54 78.42 86.31 92.68 99.06 103.68
-16.22 -13.06 -9.90 -6.70 -3.49 -0.43 2.63 5.37 8.12 10.39 12.67 14.34 16.02 16.98 17.94 18.12 18.31 17.71 17.11 15.76 14.42 12.41 10.41 7.88 5.34 2.43 -0.49 -3.61 -6.74 -9.94 -13.14 -16.29 -19.44 -22.46 -25.49 -28.36 -31.22 -33.89 -36.57 -39.00 -41.44 -43.57 -45.69 -47.38 -49.07 -50.15 -51.22 -51.46 -51.71 -50.86 -50.02 -47.85 -45.68 -42.01 -38.33 -33.07 -27.81 -21.05 -14.29 -6.26 1.77 10.71 19.64 29.03 38.41 47.70 57.00 65.66 74.33 81.87 89.41 95.44 101.48 105.76
-17.76 -14.54 -11.32 -8.04 -4.76 -1.60 1.55 4.41 7.26 9.66 12.06 13.86 15.67 16.77 17.87 18.19 18.52 18.07 17.61 16.41 15.21 13.36 11.50 9.12 6.74 3.99 1.23 -1.73 -4.69 -7.70 -10.72 -13.67 -16.63 -19.46 -22.29 -24.95 -27.61 -30.09 -32.57 -34.82 -37.07 -39.02 -40.97 -42.49 -44.01 -44.92 -45.83 -45.92 -46.01 -45.03 -44.05 -41.77 -39.49 -35.73 -31.98 -26.69 -21.41 -14.67 -7.94 -0.01 7.93 16.70 25.47 34.62 43.77 52.77 61.77 70.09 78.42 85.58 92.75 98.38 104.01 107.88
-19.30 -16.02 -12.73 -9.37 -6.02 -2.77 0.48 3.44 6.40 8.92 11.44 13.38 15.32 16.56 17.79 18.27 18.74 18.43 18.12 17.06 16.01 14.30 12.60 10.37 8.14 5.54 2.95 0.16 -2.63 -5.46 -8.29 -11.06 -13.82 -16.45 -19.08 -21.54 -24.01 -26.29 -28.57 -30.63 -32.70 -34.47 -36.24 -37.59 -38.94 -39.69 -40.44 -40.38 -40.31 -39.20 -38.08 -35.68 -33.29 -29.46 -25.63 -20.31 -15.00 -8.29 -1.59 6.25 14.09 22.70 31.30 40.22 49.13 57.84 66.54 74.53 82.51 89.30 96.08 101.32 106.55 110.00
-19.81 -16.50 -13.19 -9.80 -6.41 -3.12 0.17 3.20 6.22 8.83 11.43 13.47 15.50 16.86 18.21 18.81 19.41 19.23 19.05 18.13 17.21 15.64 14.07 11.98 9.88 7.43 4.98 2.34 -0.30 -2.97 -5.64 -8.23 -10.82 -13.26 -15.70 -17.98 -20.25 -22.34 -24.43 -26.30 -28.17 -29.76 -31.34 -32.52 -33.69 -34.27 -34.85 -34.63 -34.41 -33.15 -31.89 -29.38 -26.88 -22.97 -19.07 -13.72 -8.38 -1.71 4.97 12.72 20.47 28.92 37.38 46.07 54.77 63.20 71.63 79.28 86.93 93.34 99.75 104.57 109.38 112.38
-20.31 -16.98 -13.65 -10.23 -6.81 -3.47 -0.14 2.95 6.04 8.73 11.42 13.55 15.69 17.16 18.63 19.36 20.08 20.03 19.98 19.20 18.41 16.98 15.54 13.58 11.63 9.32 7.00 4.52 2.03 -0.48 -2.99 -5.40 -7.82 -10.07 -12.33 -14.41 -16.49 -18.39 -20.28 -21.96 -23.65 -25.05 -26.45 -27.44 -28.44 -28.85 -29.26 -28.88 -28.50 -27.10 -25.70 -23.08 -20.46 -16.48 -12.50 -7.13 -1.76 4.88 11.53 19.19 26.85 35.15 43.45 51.92 60.40 68.56 76.71 84.03 91.35 97.38 103.42 107.81 112.21 114.76
-19.84 -16.53 -13.22 -9.81 -6.41 -3.07 0.26 3.38 6.49 9.22 11.96 14.17 16.38 17.94 19.50 20.34 21.17 21.24 21.31 20.65 19.99 18.67 17.36 15.52 13.69 11.50 9.31 6.95 4.59 2.22 -0.15 -2.41 -4.67 -6.76 -8.84 -10.75 -12.65 -14.36 -16.07 -17.57 -19.07 -20.29 -21.51 -22.32 -23.14 -23.38 -23.62 -23.08 -22.54 -21.01 -19.47 -16.75 -14.02 -9.96 -5.91 -0.52 4.88 11.50 18.12 25.70 33.28 41.45 49.61 57.90 66.19 74.10 82.02 89.04 96.07 101.76 107.45 111.44 115.44 117.54
-19.36 -16.07 -12.78 -9.39 -6.00 -2.67 0.67 3.80 6.93 9.71 12.49 14.78 17.06 18.72 20.38 21.32 22.26 22.45 22.64 22.10 21.56 20.37 19.17 17.46 15.74 13.68 11.61 9.38 7.15 4.92 2.69 0.59 -1.52 -3.44 -5.36 -7.08 -8.81 -10.34 -11.87 -13.18 -14.50 -15.53 -16.57 -17.20 -17.84 -17.91 -17.98 -17.28 -16.59 -14.92 -13.24 -10.41 -7.57 -3.45 0.68 6.10 11.52 18.11 24.71 32.21 39.71 47.74 55.77 63.88 71.98 79.65 87.32 94.06 100.79 106.13 111.47 115.08 118.68 120.33
-18.01 -14.79 -11.56 -8.23 -4.91 -1.61 1.68 4.80 7.91 10.71 13.51 15.84 18.17 19.90 21.63 22.67 23.71 24.00 24.30 23.87 23.44 22.35 21.27 19.66 18.05 16.08 14.12 12.00 9.87 7.76 5.66 3.68 1.71 -0.07 -1.84 -3.41 -4.98 -6.34 -7.70 -8.85 -9.99 -10.85 -11.71 -12.18 -12.64 -12.55 -12.45 -11.61 -10.76 -8.95 -7.15 -4.21 -1.27 2.91 7.10 12.54 17.99 24.56 31.13 38.56 46.00 53.92 61.84 69.79 77.74 85.22 92.69 99.19 105.68 110.73 115.78 119.03 122.29 123.54
