test/esri_led_20/synt_tma_0m_led_20.esri
nrows             510
ncols             462
xllcorner      398000.00
yllcorner     7846000.00
cellsize          500.00
NODATA_value    -9999
[rows 132 to 164 of 510, columns 225 to 299 of 462]
-76.77 -74.59 -72.13 -69.66 -67.13 -64.59 -62.14 -59.68 -57.39 -55.11 -53.04 -50.97 -49.15 -47.32 -45.75 -44.17 -42.83 -41.48 -40.34 -39.19 -38.18 -37.16 -36.19 -35.22 -34.19 -33.16 -31.95 -30.73 -29.24 -27.75 -25.90 -24.05 -21.79 -19.53 -16.84 -14.14 -11.03 -7.91 -4.41 -0.90 2.95 6.80 10.93 15.06 19.41 23.76 28.26 32.76 37.32 41.88 46.39 50.91 55.25 59.60 63.61 67.63 71.16 74.69 77.60 80.50 82.68 84.85 86.26 87.66 88.31 88.95 88.88 88.81 88.10 87.39 86.12 84.86 83.13 81.39 79.28
-70.28 -67.96 -65.45 -62.94 -60.42 -57.90 -55.50 -53.10 -50.89 -48.67 -46.68 -44.69 -42.93 -41.17 -39.65 -38.13 -36.84 -35.54 -34.44 -33.35 -32.39 -31.43 -30.53 -29.63 -28.68 -27.73 -26.63 -25.52 -24.15 -22.78 -21.07 -19.36 -17.24 -15.13 -12.59 -10.05 -7.09 -4.12 -0.76 2.60 6.31 10.02 14.03 18.04 22.29 26.53 30.95 35.36 39.85 44.34 48.81 53.27 57.58 61.89 65.89 69.88 73.41 76.93 79.84 82.75 84.94 87.13 88.57 90.00 90.68 91.36 91.34 91.32 90.67 90.03 88.83 87.64 85.99 84.33 82.30
-63.45 -61.09 -58.60 -56.11 -53.66 -51.22 -48.91 -46.61 -44.49 -42.38 -40.48 -38.58 -36.90 -35.22 -33.76 -32.31 -31.08 -29.84 -28.80 -27.76 -26.87 -25.98 -25.16 -24.34 -23.48 -22.63 -21.63 -20.64 -19.39 -18.15 -16.57 -14.99 -13.01 -11.04 -8.64 -6.24 -3.41 -0.59 2.64 5.88 9.47 13.07 16.97 20.88 25.03 29.19 33.52 37.86 42.28 46.71 51.12 55.54 59.81 64.07 68.04 72.00 75.51 79.01 81.91 84.82 87.01 89.21 90.66 92.12 92.83 93.54 93.57 93.60 93.01 92.42 91.29 90.17 88.60 87.02 85.08
-56.62 -54.21 -51.75 -49.29 -46.91 -44.54 -42.33 -40.12 -38.10 -36.09 -34.28 -32.47 -30.87 -29.27 -27.88 -26.49 -25.31 -24.14 -23.16 -22.18 -21.36 -20.53 -19.79 -19.05 -18.29 -17.53 -16.64 -15.75 -14.63 -13.51 -12.06 -10.62 -8.78 -6.95 -4.69 -2.43 0.26 2.95 6.05 9.16 12.64 16.11 19.91 23.72 27.78 31.84 36.10 40.36 44.72 49.08 53.44 57.80 62.03 66.26 70.19 74.13 77.61 81.10 83.99 86.89 89.09 91.29 92.76 94.23 94.98 95.73 95.80 95.87 95.34 94.81 93.75 92.70 91.21 89.71 87.85
-49.67 -47.27 -44.89 -42.50 -40.23 -37.96 -35.87 -33.77 -31.87 -29.97 -28.26 -26.56 -25.05 -23.54 -22.23 -20.92 -19.81 -18.71 -17.80 -16.90 -16.15 -15.40 -14.75 -14.09 -13.43 -12.77 -11.99 -11.22 -10.21 -9.21 -7.89 -6.57 -4.87 -3.16 -1.03 1.11 3.68 6.25 9.24 12.23 15.60 18.98 22.69 26.39 30.38 34.36 38.54 42.72 47.02 51.32 55.62 59.92 64.10 68.27 72.16 76.06 79.51 82.96 85.84 88.71 90.91 93.11 94.59 96.06 96.83 97.60 97.71 97.82 97.34 96.86 95.87 94.88 93.46 92.04 90.27
-42.71 -40.34 -38.02 -35.71 -33.54 -31.38 -29.41 -27.43 -25.64 -23.86 -22.25 -20.65 -19.23 -17.81 -16.58 -15.35 -14.32 -13.28 -12.45 -11.62 -10.95 -10.28 -9.71 -9.14 -8.58 -8.02 -7.35 -6.68 -5.80 -4.92 -3.72 -2.53 -0.95 0.63 2.64 4.64 7.09 9.54 12.42 15.30 18.57 21.84 25.46 29.07 32.97 36.87 40.98 45.09 49.32 53.55 57.79 62.04 66.16 70.29 74.14 77.99 81.41 84.83 87.68 90.54 92.73 94.92 96.41 97.89 98.69 99.48 99.63 99.78 99.35 98.92 98.00 97.07 95.72 94.38 92.68
-35.73 -33.42 -31.21 -29.01 -26.97 -24.93 -23.09 -21.24 -19.58 -17.92 -16.43 -14.95 -13.63 -12.31 -11.18 -10.04 -9.10 -8.16 -7.41 -6.67 -6.09 -5.51 -5.03 -4.56 -4.09 -3.63 -3.06 -2.50 -1.73 -0.95 0.13 1.21 2.68 4.14 6.04 7.94 10.28 12.62 15.40 18.17 21.35 24.52 28.05 31.57 35.39 39.20 43.23 47.26 51.42 55.58 59.75 63.93 67.99 72.04 75.84 79.63 83.01 86.38 89.20 92.02 94.19 96.37 97.85 99.34 100.15 100.96 101.14 101.32 100.93 100.55 99.68 98.81 97.53 96.25 94.62
-28.75 -26.50 -24.40 -22.30 -20.39 -18.49 -16.77 -15.06 -13.52 -11.99 -10.62 -9.24 -8.03 -6.82 -5.78 -4.74 -3.89 -3.04 -2.38 -1.72 -1.23 -0.74 -0.35 0.03 0.39 0.76 1.22 1.68 2.34 3.01 3.98 4.95 6.30 7.66 9.44 11.23 13.46 15.70 18.37 21.04 24.12 27.20 30.64 34.07 37.80 41.53 45.49 49.44 53.52 57.60 61.71 65.81 69.81 73.80 77.54 81.27 84.60 87.93 90.72 93.50 95.66 97.81 99.30 100.79 101.61 102.44 102.65 102.86 102.52 102.18 101.36 100.55 99.33 98.12 96.57
-21.76 -19.62 -17.65 -15.68 -13.92 -12.15 -10.59 -9.02 -7.63 -6.23 -4.99 -3.75 -2.67 -1.58 -0.66 0.27 1.01 1.75 2.31 2.87 3.26 3.65 3.94 4.22 4.50 4.77 5.14 5.50 6.08 6.65 7.53 8.41 9.67 10.92 12.61 14.30 16.44 18.58 21.16 23.73 26.71 29.70 33.04 36.38 40.01 43.65 47.51 51.37 55.36 59.35 63.36 67.38 71.29 75.20 78.86 82.52 85.78 89.04 91.78 94.52 96.65 98.78 100.25 101.73 102.57 103.40 103.64 103.87 103.58 103.28 102.51 101.75 100.59 99.43 97.95
-14.77 -12.73 -10.90 -9.06 -7.44 -5.82 -4.40 -2.98 -1.73 -0.48 0.63 1.73 2.70 3.66 4.47 5.27 5.91 6.54 7.00 7.45 7.74 8.04 8.23 8.42 8.60 8.78 9.06 9.33 9.81 10.29 11.08 11.86 13.03 14.19 15.78 17.38 19.42 21.46 23.94 26.42 29.31 32.19 35.44 38.68 42.22 45.76 49.53 53.29 57.19 61.09 65.02 68.94 72.77 76.59 80.18 83.76 86.96 90.16 92.85 95.54 97.64 99.74 101.21 102.68 103.52 104.37 104.63 104.89 104.63 104.37 103.66 102.95 101.85 100.75 99.33
-7.76 -5.86 -4.19 -2.51 -1.06 0.39 1.65 2.90 3.99 5.08 6.03 6.98 7.79 8.60 9.27 9.94 10.44 10.95 11.28 11.62 11.81 12.00 12.10 12.20 12.30 12.40 12.60 12.80 13.21 13.62 14.34 15.05 16.14 17.23 18.75 20.26 22.21 24.17 26.55 28.93 31.72 34.50 37.63 40.77 44.20 47.62 51.27 54.92 58.70 62.48 66.29 70.10 73.81 77.53 81.01 84.49 87.61 90.72 93.35 95.98 98.04 100.10 101.55 103.01 103.86 104.71 105.00 105.29 105.07 104.85 104.18 103.52 102.47 101.42 100.06
-0.75 1.01 2.52 4.04 5.32 6.61 7.70 8.78 9.71 10.64 11.43 12.22 12.88 13.54 14.07 14.60 14.98 15.35 15.57 15.79 15.88 15.97 15.98 15.99 16.00 16.02 16.15 16.27 16.61 16.96 17.60 18.24 19.26 20.28 21.71 23.14 25.01 26.87 29.16 31.45 34.13 36.81 39.83 42.86 46.17 49.48 53.01 56.54 60.21 63.87 67.56 71.25 74.86 78.46 81.84 85.22 88.25 91.29 93.85 96.42 98.44 100.46 101.90 103.34 104.20 105.06 105.37 105.68 105.50 105.32 104.70 104.08 103.09 102.10 100.80
6.26 7.83 9.16 10.48 11.57 12.66 13.55 14.45 15.18 15.92 16.53 17.13 17.62 18.11 18.48 18.84 19.08 19.31 19.41 19.50 19.49 19.47 19.40 19.33 19.28 19.23 19.31 19.39 19.68 19.98 20.58 21.18 22.14 23.11 24.48 25.84 27.63 29.41 31.60 33.79 36.35 38.92 41.81 44.71 47.88 51.05 54.44 57.82 61.33 64.84 68.39 71.93 75.39 78.85 82.11 85.36 88.29 91.21 93.70 96.19 98.16 100.13 101.55 102.97 103.84 104.70 105.04 105.38 105.24 105.10 104.53 103.96 103.02 102.09 100.85
13.26 14.66 15.79 16.92 17.82 18.71 19.41 20.11 20.66 21.21 21.63 22.05 22.37 22.68 22.89 23.09 23.18 23.27 23.24 23.21 23.09 22.98 22.82 22.67 22.56 22.45 22.48 22.50 22.75 23.01 23.56 24.12 25.03 25.94 27.24 28.55 30.25 31.95 34.04 36.13 38.58 41.02 43.79 46.56 49.59 52.63 55.86 59.10 62.46 65.82 69.22 72.61 75.93 79.25 82.38 85.50 88.32 91.14 93.55 95.96 97.88 99.80 101.20 102.60 103.47 104.34 104.71 105.07 104.97 104.87 104.35 103.84 102.96 102.08 100.89
20.11 21.29 22.20 23.11 23.79 24.46 24.94 25.43 25.76 26.09 26.31 26.53 26.65 26.77 26.80 26.83 26.76 26.70 26.55 26.40 26.19 25.98 25.76 25.54 25.39 25.24 25.24 25.25 25.48 25.72 26.26 26.79 27.68 28.56 29.81 31.06 32.69 34.31 36.30 38.28 40.60 42.92 45.54 48.16 51.02 53.89 56.95 60.01 63.18 66.36 69.57 72.78 75.93 79.08 82.05 85.02 87.71 90.40 92.71 95.02 96.88 98.74 100.12 101.49 102.36 103.24 103.63 104.03 103.97 103.92 103.45 102.99 102.17 101.35 100.23
26.96 27.92 28.62 29.31 29.76 30.21 30.48 30.74 30.86 30.98 30.99 31.00 30.93 30.86 30.71 30.56 30.35 30.13 29.86 29.59 29.28 28.98 28.70 28.41 28.22 28.03 28.01 27.99 28.21 28.43 28.95 29.47 30.32 31.18 32.38 33.58 35.13 36.68 38.56 40.44 42.63 44.83 47.29 49.76 52.46 55.16 58.04 60.91 63.91 66.90 69.93 72.96 75.93 78.90 81.72 84.54 87.10 89.66 91.87 94.08 95.88 97.68 99.03 100.38 101.26 102.14 102.56 102.98 102.97 102.96 102.55 102.14 101.38 100.62 99.56
33.39 34.11 34.56 35.01 35.23 35.45 35.47 35.50 35.40 35.29 35.08 34.88 34.61 34.34 34.02 33.70 33.33 32.97 32.59 32.20 31.82 31.44 31.12 30.80 30.59 30.39 30.37 30.36 30.59 30.83 31.35 31.88 32.72 33.56 34.72 35.89 37.37 38.84 40.62 42.40 44.45 46.50 48.80 51.10 53.60 56.11 58.78 61.46 64.23 67.01 69.83 72.64 75.41 78.18 80.82 83.45 85.86 88.27 90.37 92.47 94.19 95.92 97.23 98.54 99.42 100.31 100.76 101.21 101.24 101.28 100.93 100.58 99.89 99.20 98.21
39.82 40.30 40.51 40.72 40.70 40.68 40.47 40.27 39.93 39.60 39.18 38.76 38.29 37.82 37.32 36.83 36.32 35.81 35.32 34.82 34.37 33.91 33.55 33.18 32.96 32.75 32.74 32.73 32.97 33.22 33.75 34.29 35.12 35.95 37.07 38.20 39.60 41.01 42.68 44.35 46.26 48.18 50.30 52.43 54.75 57.07 59.53 62.00 64.56 67.13 69.73 72.33 74.90 77.47 79.92 82.37 84.63 86.88 88.87 90.85 92.50 94.15 95.43 96.71 97.59 98.47 98.95 99.43 99.52 99.60 99.31 99.03 98.40 97.77 96.85
45.46 45.69 45.67 45.64 45.38 45.12 44.69 44.26 43.70 43.15 42.52 41.89 41.24 40.58 39.93 39.27 38.64 38.01 37.42 36.84 36.34 35.83 35.46 35.08 34.88 34.67 34.70 34.72 35.00 35.29 35.85 36.41 37.25 38.08 39.18 40.28 41.62 42.96 44.52 46.09 47.85 49.61 51.56 53.51 55.62 57.73 59.97 62.20 64.53 66.86 69.23 71.59 73.93 76.27 78.52 80.77 82.86 84.94 86.79 88.64 90.21 91.77 93.00 94.23 95.11 95.98 96.49 96.99 97.13 97.26 97.03 96.81 96.25 95.69 94.85
51.10 51.09 50.82 50.55 50.06 49.57 48.91 48.25 47.47 46.69 45.86 45.03 44.19 43.35 42.53 41.72 40.96 40.20 39.53 38.86 38.31 37.76 37.36 36.97 36.79 36.60 36.66 36.71 37.03 37.35 37.94 38.53 39.37 40.22 41.29 42.36 43.64 44.91 46.36 47.82 49.44 51.05 52.82 54.59 56.49 58.39 60.40 62.41 64.50 66.59 68.72 70.85 72.97 75.08 77.13 79.17 81.08 83.00 84.72 86.44 87.91 89.38 90.57 91.76 92.63 93.49 94.02 94.55 94.73 94.92 94.75 94.59 94.10 93.62 92.85
55.60 55.37 54.89 54.40 53.70 53.00 52.13 51.27 50.30 49.33 48.32 47.32 46.32 45.33 44.39 43.45 42.60 41.75 41.02 40.30 39.73 39.16 38.79 38.41 38.27 38.13 38.24 38.35 38.73 39.11 39.74 40.38 41.24 42.10 43.15 44.21 45.42 46.63 47.98 49.33 50.79 52.26 53.84 55.42 57.11 58.79 60.56 62.34 64.18 66.02 67.90 69.78 71.66 73.54 75.36 77.19 78.91 80.63 82.21 83.78 85.15 86.51 87.64 88.77 89.62 90.47 91.01 91.55 91.78 92.00 91.90 91.80 91.39 90.98 90.29
60.10 59.65 58.95 58.25 57.34 56.43 55.36 54.29 53.13 51.97 50.79 49.60 48.45 47.30 46.24 45.17 44.23 43.29 42.51 41.73 41.15 40.56 40.21 39.85 39.75 39.65 39.82 39.99 40.43 40.87 41.55 42.22 43.10 43.98 45.02 46.05 47.20 48.35 49.59 50.83 52.15 53.47 54.86 56.26 57.73 59.19 60.73 62.27 63.86 65.45 67.08 68.71 70.35 71.99 73.59 75.20 76.74 78.27 79.70 81.12 82.38 83.65 84.71 85.78 86.61 87.44 88.00 88.56 88.82 89.09 89.05 89.01 88.67 88.33 87.72
63.20 62.57 61.71 60.84 59.77 58.69 57.47 56.25 54.94 53.64 52.33 51.01 49.76 48.50 47.35 46.21 45.22 44.23 43.44 42.65 42.08 41.52 41.21 40.91 40.88 40.84 41.09 41.34 41.85 42.36 43.09 43.83 44.73 45.64 46.66 47.68 48.77 49.86 50.99 52.13 53.30 54.47 55.68 56.89 58.14 59.40 60.69 61.99 63.34 64.68 66.06 67.44 68.83 70.22 71.60 72.98 74.32 75.66 76.92 78.18 79.32 80.46 81.45 82.44 83.23 84.02 84.58 85.14 85.44 85.73 85.75 85.76 85.50 85.23 84.70
66.30 65.50 64.47 63.44 62.20 60.96 59.58 58.21 56.76 55.31 53.87 52.42 51.06 49.69 48.47 47.24 46.21 45.17 44.36 43.56 43.02 42.47 42.22 41.96 42.00 42.04 42.36 42.69 43.27 43.85 44.64 45.43 46.36 47.29 48.29 49.30 50.33 51.37 52.40 53.43 54.45 55.48 56.50 57.52 58.56 59.60 60.66 61.72 62.82 63.91 65.03 66.16 67.31 68.45 69.61 70.76 71.90 73.04 74.14 75.24 76.26 77.28 78.19 79.10 79.85 80.61 81.17 81.73 82.05 82.38 82.45 82.52 82.32 82.13 81.68
67.92 67.02 65.88 64.75 63.41 62.08 60.61 59.13 57.60 56.06 54.55 53.04 51.62 50.20 48.95 47.69 46.65 45.62 44.84 44.06 43.58 43.09 42.91 42.73 42.86 42.99 43.41 43.83 44.50 45.16 46.01 46.86 47.81 48.77 49.76 50.75 51.73 52.70 53.63 54.57 55.45 56.33 57.17 58.02 58.85 59.67 60.51 61.34 62.19 63.04 63.92 64.80 65.71 66.62 67.54 68.47 69.41 70.34 71.27 72.19 73.08 73.97 74.78 75.59 76.29 76.98 77.52 78.06 78.40 78.74 78.85 78.96 78.83 78.69 78.33
69.53 68.53 67.30 66.06 64.63 63.19 61.63 60.06 58.44 56.82 55.23 53.65 52.18 50.71 49.42 48.14 47.10 46.06 45.32 44.57 44.14 43.71 43.61 43.51 43.73 43.95 44.46 44.98 45.72 46.47 47.38 48.29 49.27 50.25 51.23 52.21 53.13 54.04 54.87 55.70 56.44 57.18 57.84 58.51 59.13 59.75 60.35 60.96 61.57 62.18 62.81 63.44 64.11 64.78 65.48 66.18 66.91 67.65 68.40 69.15 69.90 70.65 71.37 72.08 72.72 73.36 73.88 74.40 74.75 75.10 75.25 75.40 75.33 75.26 74.97
69.77 68.75 67.49 66.22 64.76 63.30 61.71 60.11 58.47 56.83 55.23 53.63 52.16 50.70 49.43 48.17 47.17 46.18 45.50 44.82 44.47 44.13 44.13 44.14 44.47 44.80 45.41 46.03 46.86 47.69 48.66 49.63 50.63 51.64 52.60 53.56 54.42 55.28 56.00 56.73 57.33 57.93 58.43 58.92 59.35 59.77 60.16 60.55 60.94 61.32 61.72 62.13 62.56 63.00 63.48 63.97 64.50 65.03 65.60 66.18 66.78 67.38 67.98 68.58 69.14 69.70 70.18 70.65 70.99 71.34 71.51 71.68 71.66 71.64 71.42
70.01 68.96 67.67 66.39 64.90 63.41 61.79 60.17 58.50 56.84 55.23 53.62 52.15 50.68 49.44 48.20 47.25 46.29 45.68 45.06 44.81 44.55 44.66 44.76 45.20 45.64 46.36 47.08 48.00 48.92 49.94 50.96 51.99 53.02 53.97 54.91 55.71 56.51 57.14 57.76 58.23 58.69 59.01 59.34 59.57 59.80 59.97 60.15 60.31 60.46 60.63 60.81 61.01 61.22 61.49 61.75 62.08 62.41 62.81 63.21 63.66 64.11 64.60 65.08 65.56 66.04 66.48 66.91 67.24 67.58 67.77 67.97 67.99 68.02 67.86
69.12 68.13 66.89 65.65 64.20 62.76 61.18 59.59 57.97 56.34 54.77 53.20 51.79 50.37 49.19 48.01 47.14 46.26 45.75 45.23 45.08 44.94 45.16 45.39 45.94 46.50 47.32 48.14 49.15 50.15 51.22 52.30 53.34 54.39 55.31 56.23 56.96 57.70 58.22 58.75 59.08 59.41 59.58 59.74 59.79 59.84 59.82 59.80 59.75 59.70 59.66 59.62 59.62 59.61 59.67 59.73 59.87 60.01 60.23 60.45 60.74 61.04 61.40 61.75 62.14 62.52 62.88 63.25 63.55 63.85 64.05 64.24 64.30 64.35 64.26
68.23 67.30 66.11 64.92 63.51 62.11 60.57 59.02 57.43 55.85 54.32 52.79 51.42 50.06 48.94 47.82 47.03 46.23 45.81 45.39 45.35 45.32 45.66 46.01 46.68 47.35 48.28 49.21 50.29 51.38 52.51 53.64 54.69 55.75 56.65 57.54 58.21 58.89 59.31 59.74 59.94 60.13 60.14 60.14 60.01 59.88 59.66 59.44 59.19 58.93 58.68 58.43 58.22 58.00 57.86 57.71 57.66 57.60 57.64 57.69 57.83 57.97 58.20 58.43 58.71 58.99 59.29 59.59 59.86 60.13 60.33 60.52 60.61 60.69 60.65
66.55 65.75 64.68 63.61 62.31 61.00 59.56 58.11 56.61 55.11 53.67 52.22 50.94 49.66 48.64 47.62 46.93 46.24 45.93 45.62 45.71 45.80 46.27 46.74 47.53 48.32 49.35 50.38 51.54 52.69 53.86 55.03 56.09 57.15 58.01 58.87 59.48 60.08 60.40 60.72 60.79 60.86 60.71 60.57 60.27 59.97 59.58 59.18 58.74 58.30 57.87 57.43 57.03 56.63 56.30 55.97 55.73 55.50 55.37 55.24 55.23 55.22 55.31 55.40 55.57 55.74 55.95 56.17 56.38 56.60 56.78 56.95 57.04 57.14 57.13
64.88 64.21 63.25 62.29 61.10 59.90 58.55 57.19 55.78 54.37 53.01 51.66 50.47 49.27 48.34 47.42 46.83 46.24 46.05 45.85 46.07 46.28 46.87 47.47 48.37 49.28 50.41 51.54 52.78 54.01 55.22 56.43 57.49 58.55 59.38 60.21 60.74 61.27 61.49 61.71 61.65 61.59 61.29 61.00 60.53 60.07 59.49 58.92 58.30 57.68 57.05 56.43 55.84 55.25 54.74 54.22 53.81 53.39 53.10 52.80 52.63 52.46 52.41 52.37 52.42 52.48 52.61 52.74 52.91 53.07 53.22 53.38 53.48 53.58 53.61
62.79 62.30 61.51 60.72 59.68 58.63 57.42 56.20 54.92 53.63 52.39 51.15 50.07 49.00 48.18 47.36 46.89 46.42 46.35 46.28 46.61 46.95 47.66 48.38 49.40 50.41 51.63 52.85 54.14 55.44 56.67 57.90 58.96 60.01 60.79 61.57 62.02 62.47 62.59 62.71 62.52 62.33 61.90 61.46 60.84 60.23 59.50 58.77 57.99 57.20 56.42 55.63 54.88 54.13 53.46 52.78 52.21 51.63 51.18 50.73 50.41 50.09 49.91 49.72 49.66 49.60 49.64 49.67 49.77 49.86 49.98 50.09 50.19 50.28 50.32
