test/esri_led_20/synt_tma_2400m_led_20.esri
nrows             510
ncols             462
xllcorner      398000.00
yllcorner     7846000.00
cellsize          500.00
NODATA_value    -9999
[rows 256 to 287 of 510, columns 148 to 221 of 462]
5.97 21.02 36.06 50.40 64.74 77.49 90.23 100.50 110.76 117.81 124.86 128.25 131.64 131.24 130.83 126.75 122.68 115.37 108.07 98.35 88.62 77.60 66.58 55.43 44.29 33.99 23.70 14.88 6.06 -0.92 -7.90 -12.83 -17.77 -20.62 -23.47 -24.37 -25.27 -24.47 -23.68 -21.43 -19.18 -15.68 -12.17 -7.57 -2.97 2.55 8.07 14.27 20.48 27.09 33.71 40.38 47.06 53.38 59.70 65.20 70.71 74.99 79.28 82.03 84.79 85.82 86.85 86.11 85.36 82.98 80.61 77.03 73.45 69.24 65.03 60.78 56.52 52.67
8.48 23.04 37.59 50.93 64.27 75.56 86.85 95.32 103.79 108.89 113.98 115.49 117.00 115.06 113.11 108.07 103.04 95.47 87.89 78.55 69.22 59.08 48.95 39.02 29.10 20.17 11.25 3.81 -3.64 -9.36 -15.09 -18.97 -22.85 -24.87 -26.88 -27.15 -27.42 -26.15 -24.89 -22.28 -19.67 -15.89 -12.10 -7.27 -2.45 3.23 8.92 15.22 21.52 28.16 34.79 41.41 48.03 54.20 60.38 65.68 70.97 74.98 78.99 81.42 83.86 84.55 85.24 84.16 83.08 80.40 77.72 73.88 70.04 65.64 61.24 56.89 52.53 48.66
8.90 22.77 36.63 48.96 61.30 71.31 81.32 88.35 95.38 99.02 102.67 102.90 103.14 100.30 97.46 92.07 86.69 79.38 72.07 63.54 55.02 46.10 37.17 28.65 20.13 12.63 5.13 -1.01 -7.16 -11.81 -16.47 -19.58 -22.69 -24.24 -25.78 -25.84 -25.89 -24.58 -23.27 -20.71 -18.16 -14.45 -10.74 -5.99 -1.25 4.35 9.96 16.17 22.38 28.91 35.43 41.90 48.37 54.37 60.36 65.43 70.50 74.25 78.00 80.16 82.32 82.74 83.16 81.82 80.48 77.58 74.68 70.66 66.64 62.12 57.60 53.17 48.74 44.83
9.32 22.50 35.67 47.00 58.33 67.06 75.79 81.38 86.97 89.16 91.35 90.32 89.28 85.54 81.81 76.07 70.34 63.29 56.24 48.53 40.83 33.11 25.40 18.28 11.17 5.09 -0.98 -5.83 -10.68 -14.27 -17.86 -20.19 -22.53 -23.61 -24.68 -24.52 -24.37 -23.01 -21.66 -19.15 -16.64 -13.01 -9.37 -4.71 -0.05 5.48 11.00 17.12 23.24 29.65 36.06 42.39 48.72 54.53 60.34 65.18 70.03 73.52 77.01 78.90 80.79 80.93 81.07 79.48 77.88 74.76 71.64 67.44 63.25 58.60 53.95 49.44 44.94 41.01
8.20 20.59 32.99 43.39 53.80 61.52 69.25 73.84 78.42 79.73 81.05 79.39 77.73 73.76 69.78 64.29 58.79 52.48 46.17 39.62 33.06 26.76 20.45 14.79 9.14 4.40 -0.34 -4.09 -7.84 -10.65 -13.46 -15.37 -17.28 -18.29 -19.29 -19.33 -19.37 -18.38 -17.40 -15.31 -13.22 -9.99 -6.77 -2.46 1.84 7.05 12.27 18.12 23.97 30.14 36.30 42.39 48.48 54.05 59.62 64.22 68.81 72.07 75.32 76.97 78.62 78.56 78.50 76.73 74.96 71.71 68.46 64.18 59.90 55.19 50.48 45.94 41.40 37.43
7.07 18.68 30.30 39.78 49.27 55.99 62.71 66.29 69.87 70.30 70.74 68.46 66.18 61.97 57.76 52.50 47.24 41.67 36.09 30.70 25.30 20.40 15.50 11.30 7.11 3.70 0.30 -2.35 -5.00 -7.03 -9.06 -10.55 -12.04 -12.96 -13.89 -14.13 -14.38 -13.75 -13.13 -11.46 -9.80 -6.98 -4.16 -0.21 3.73 8.63 13.53 19.12 24.70 30.62 36.54 42.39 48.24 53.57 58.90 63.25 67.60 70.61 73.62 75.04 76.46 76.19 75.92 73.98 72.04 68.66 65.28 60.91 56.54 51.78 47.02 42.44 37.85 33.86
5.44 16.28 27.11 35.82 44.54 50.55 56.55 59.56 62.56 62.63 62.71 60.36 58.01 54.08 50.16 45.57 40.98 36.44 31.90 27.81 23.72 20.23 16.75 13.89 11.04 8.77 6.49 4.66 2.82 1.26 -0.31 -1.70 -3.09 -4.26 -5.43 -6.18 -6.92 -6.94 -6.96 -5.96 -4.96 -2.77 -0.57 2.83 6.22 10.65 15.08 20.26 25.44 30.99 36.55 42.08 47.61 52.63 57.66 61.74 65.82 68.59 71.35 72.57 73.79 73.37 72.94 70.91 68.87 65.45 62.02 57.65 53.27 48.52 43.77 39.19 34.61 30.59
3.81 13.87 23.92 31.87 39.81 45.11 50.40 52.83 55.25 54.96 54.67 52.26 49.84 46.20 42.55 38.63 34.71 31.21 27.70 24.92 22.13 20.06 17.99 16.48 14.98 13.83 12.68 11.66 10.64 9.55 8.45 7.15 5.86 4.44 3.03 1.78 0.53 -0.13 -0.79 -0.46 -0.13 1.45 3.02 5.87 8.71 12.67 16.63 21.40 26.17 31.37 36.57 41.77 46.97 51.70 56.43 60.24 64.04 66.57 69.09 70.11 71.13 70.55 69.97 67.84 65.71 62.24 58.77 54.38 50.00 45.26 40.52 35.94 31.36 27.32
2.75 12.10 21.45 28.79 36.13 40.99 45.84 48.03 50.23 49.97 49.71 47.61 45.51 42.48 39.45 36.41 33.38 30.98 28.58 27.04 25.49 24.65 23.81 23.38 22.96 22.63 22.31 21.80 21.29 20.36 19.44 18.00 16.55 14.70 12.86 10.97 9.09 7.69 6.29 5.88 5.46 6.34 7.22 9.45 11.68 15.09 18.50 22.79 27.08 31.84 36.61 41.42 46.22 50.60 54.98 58.47 61.97 64.24 66.51 67.34 68.17 67.48 66.79 64.62 62.44 58.99 55.55 51.22 46.90 42.23 37.56 33.02 28.49 24.44
1.69 10.33 18.97 25.71 32.46 36.87 41.28 43.24 45.20 44.97 44.74 42.96 41.18 38.76 36.34 34.19 32.05 30.76 29.47 29.15 28.84 29.23 29.62 30.28 30.94 31.44 31.93 31.93 31.93 31.18 30.43 28.84 27.24 24.97 22.69 20.17 17.65 15.51 13.37 12.21 11.05 11.23 11.41 13.02 14.64 17.50 20.37 24.18 27.98 32.32 36.65 41.06 45.48 49.50 53.52 56.71 59.90 61.91 63.93 64.58 65.22 64.42 63.61 61.40 59.18 55.75 52.33 48.07 43.81 39.20 34.60 30.11 25.62 21.56
1.87 9.91 17.95 24.25 30.56 34.74 38.92 40.89 42.86 42.90 42.93 41.68 40.42 38.74 37.06 35.82 34.57 34.27 33.97 34.65 35.34 36.65 37.96 39.35 40.75 41.74 42.73 42.94 43.15 42.35 41.55 39.68 37.80 35.05 32.29 29.17 26.04 23.23 20.42 18.59 16.76 16.31 15.86 16.89 17.92 20.26 22.60 25.91 29.22 33.09 36.96 40.94 44.92 48.54 52.17 55.02 57.87 59.63 61.38 61.85 62.31 61.41 60.51 58.29 56.07 52.72 49.36 45.21 41.06 36.58 32.09 27.67 23.26 19.23
2.05 9.49 16.92 22.79 28.66 32.61 36.55 38.53 40.51 40.82 41.13 40.39 39.66 38.72 37.78 37.44 37.09 37.78 38.47 40.15 41.84 44.07 46.29 48.43 50.56 52.04 53.52 53.94 54.37 53.53 52.68 50.52 48.36 45.13 41.90 38.16 34.43 30.95 27.47 24.97 22.47 21.39 20.31 20.76 21.21 23.02 24.83 27.65 30.46 33.87 37.27 40.81 44.36 47.59 50.82 53.33 55.85 57.34 58.83 59.11 59.40 58.41 57.42 55.19 52.97 49.68 46.39 42.36 38.32 33.95 29.58 25.24 20.91 16.89
3.58 10.53 17.48 23.04 28.59 32.44 36.29 38.40 40.51 41.17 41.84 41.66 41.49 41.25 41.01 41.42 41.83 43.27 44.70 47.07 49.44 52.22 55.01 57.54 60.06 61.74 63.41 63.84 64.27 63.26 62.24 59.79 57.33 53.71 50.09 45.90 41.72 37.76 33.80 30.82 27.83 26.29 24.74 24.73 24.73 26.09 27.44 29.81 32.18 35.13 38.08 41.19 44.29 47.12 49.94 52.11 54.28 55.50 56.72 56.83 56.94 55.87 54.81 52.60 50.39 47.20 44.01 40.11 36.22 31.99 27.76 23.53 19.30 15.31
5.10 11.57 18.04 23.28 28.53 32.27 36.02 38.26 40.50 41.53 42.55 42.93 43.32 43.78 44.24 45.40 46.57 48.76 50.94 53.99 57.03 60.38 63.72 66.65 69.57 71.44 73.31 73.74 74.16 72.99 71.81 69.06 66.31 62.30 58.28 53.65 49.01 44.57 40.13 36.67 33.20 31.18 29.16 28.70 28.24 29.15 30.06 31.97 33.89 36.39 38.90 41.56 44.22 46.64 49.06 50.88 52.70 53.66 54.61 54.55 54.48 53.34 52.20 50.00 47.81 44.72 41.62 37.87 34.12 30.03 25.94 21.81 17.69 13.74
7.62 13.71 19.80 24.81 29.83 33.53 37.23 39.61 41.99 43.33 44.68 45.52 46.36 47.34 48.32 50.01 51.69 54.32 56.95 60.34 63.73 67.31 70.88 73.91 76.94 78.80 80.67 80.99 81.32 79.98 78.63 75.69 72.75 68.54 64.33 59.48 54.64 50.00 45.35 41.65 37.96 35.69 33.42 32.67 31.92 32.50 33.08 34.63 36.18 38.28 40.39 42.65 44.91 46.94 48.98 50.47 51.96 52.66 53.37 53.14 52.92 51.71 50.50 48.34 46.17 43.18 40.18 36.57 32.97 29.03 25.08 21.07 17.05 13.15
10.14 15.85 21.56 26.34 31.13 34.78 38.43 40.95 43.48 45.14 46.81 48.10 49.39 50.90 52.41 54.61 56.81 59.89 62.96 66.70 70.43 74.24 78.04 81.18 84.32 86.17 88.03 88.25 88.47 86.97 85.46 82.32 79.19 74.78 70.37 65.32 60.28 55.42 50.56 46.64 42.72 40.19 37.67 36.63 35.59 35.84 36.10 37.28 38.46 40.17 41.88 43.74 45.59 47.24 48.89 50.05 51.22 51.67 52.12 51.74 51.35 50.08 48.81 46.67 44.53 41.64 38.74 35.28 31.82 28.02 24.23 20.32 16.41 12.56
13.07 18.48 23.90 28.50 33.10 36.69 40.28 42.88 45.48 47.34 49.20 50.76 52.32 54.11 55.90 58.34 60.77 63.99 67.21 70.99 74.77 78.53 82.30 85.35 88.40 90.14 91.88 92.00 92.12 90.55 88.98 85.84 82.70 78.35 73.99 69.03 64.08 59.31 54.54 50.67 46.79 44.24 41.69 40.54 39.39 39.45 39.51 40.43 41.35 42.74 44.13 45.64 47.15 48.48 49.80 50.68 51.55 51.79 52.03 51.51 50.99 49.66 48.34 46.23 44.12 41.31 38.51 35.17 31.84 28.17 24.50 20.70 16.90 13.10
16.00 21.12 26.24 30.65 35.06 38.60 42.13 44.81 47.49 49.54 51.59 53.42 55.25 57.33 59.40 62.07 64.74 68.10 71.46 75.28 79.10 82.83 86.56 89.52 92.48 94.11 95.74 95.75 95.77 94.14 92.50 89.36 86.22 81.91 77.61 72.75 67.88 63.20 58.52 54.69 50.86 48.28 45.70 44.45 43.19 43.06 42.93 43.58 44.23 45.31 46.38 47.55 48.72 49.71 50.71 51.30 51.89 51.91 51.93 51.27 50.62 49.24 47.87 45.78 43.70 40.99 38.27 35.06 31.85 28.32 24.78 21.08 17.38 13.64
18.74 23.64 28.54 32.79 37.03 40.47 43.92 46.58 49.25 51.35 53.46 55.36 57.26 59.39 61.51 64.16 66.81 70.07 73.33 76.96 80.59 84.09 87.59 90.34 93.09 94.58 96.07 96.05 96.03 94.48 92.92 89.97 87.03 83.03 79.03 74.53 70.03 65.71 61.38 57.84 54.29 51.88 49.48 48.26 47.05 46.85 46.64 47.13 47.61 48.46 49.30 50.20 51.11 51.84 52.58 52.94 53.31 53.16 53.01 52.25 51.50 50.09 48.68 46.62 44.56 41.91 39.27 36.16 33.05 29.61 26.18 22.56 18.95 15.27
21.49 26.17 30.84 34.92 38.99 42.35 45.70 48.36 51.01 53.17 55.32 57.30 59.27 61.45 63.62 66.26 68.89 72.04 75.19 78.63 82.07 85.35 88.62 91.16 93.71 95.06 96.41 96.35 96.29 94.81 93.34 90.59 87.84 84.15 80.45 76.32 72.18 68.21 64.25 60.99 57.72 55.49 53.25 52.08 50.91 50.63 50.36 50.68 51.00 51.61 52.22 52.86 53.50 53.98 54.45 54.59 54.73 54.41 54.10 53.24 52.38 50.93 49.48 47.45 45.41 42.84 40.27 37.25 34.24 30.91 27.57 24.05 20.52 16.90
23.60 28.12 32.63 36.56 40.49 43.74 46.98 49.57 52.16 54.27 56.37 58.30 60.22 62.29 64.37 66.83 69.29 72.18 75.07 78.20 81.33 84.28 87.23 89.52 91.80 93.03 94.25 94.22 94.19 92.90 91.62 89.21 86.81 83.59 80.37 76.77 73.18 69.74 66.30 63.47 60.64 58.70 56.75 55.72 54.70 54.43 54.17 54.40 54.63 55.09 55.54 56.00 56.45 56.74 57.03 57.01 56.99 56.55 56.12 55.19 54.26 52.79 51.32 49.31 47.29 44.77 42.24 39.30 36.35 33.10 29.84 26.39 22.94 19.37
25.72 30.07 34.42 38.20 41.99 45.13 48.26 50.78 53.30 55.37 57.43 59.30 61.17 63.14 65.11 67.40 69.69 72.33 74.96 77.77 80.58 83.21 85.84 87.87 89.90 91.00 92.09 92.09 92.09 90.99 89.90 87.84 85.78 83.03 80.29 77.23 74.18 71.26 68.35 65.95 63.56 61.90 60.25 59.37 58.49 58.24 57.98 58.13 58.27 58.57 58.87 59.14 59.41 59.51 59.61 59.43 59.25 58.69 58.14 57.14 56.14 54.65 53.16 51.17 49.17 46.70 44.22 41.34 38.46 35.28 32.11 28.73 25.35 21.85
26.90 31.15 35.40 39.08 42.77 45.82 48.87 51.34 53.80 55.81 57.82 59.62 61.41 63.26 65.11 67.20 69.29 71.65 74.01 76.49 78.96 81.27 83.57 85.35 87.13 88.12 89.11 89.16 89.22 88.35 87.48 85.80 84.13 81.88 79.64 77.16 74.68 72.32 69.96 68.02 66.08 64.75 63.42 62.71 62.00 61.80 61.60 61.70 61.80 62.00 62.20 62.35 62.50 62.48 62.46 62.18 61.90 61.27 60.64 59.60 58.56 57.07 55.57 53.59 51.61 49.17 46.73 43.89 41.06 37.94 34.82 31.51 28.19 24.76
28.09 32.23 36.38 39.96 43.54 46.51 49.49 51.89 54.29 56.25 58.21 59.93 61.66 63.38 65.11 67.00 68.89 70.97 73.05 75.20 77.35 79.32 81.30 82.83 84.36 85.24 86.12 86.23 86.35 85.70 85.05 83.76 82.47 80.73 79.00 77.09 75.18 73.37 71.57 70.09 68.61 67.60 66.58 66.05 65.51 65.36 65.21 65.27 65.33 65.44 65.54 65.57 65.59 65.45 65.31 64.93 64.55 63.85 63.15 62.07 60.99 59.49 57.98 56.02 54.05 51.64 49.23 46.45 43.66 40.60 37.53 34.29 31.04 27.68
28.24 32.34 36.43 39.98 43.52 46.48 49.43 51.85 54.27 56.26 58.25 59.99 61.73 63.43 65.12 66.90 68.69 70.58 72.47 74.37 76.27 77.99 79.70 81.03 82.36 83.13 83.91 84.05 84.20 83.73 83.25 82.27 81.28 79.95 78.63 77.19 75.74 74.38 73.03 71.92 70.82 70.06 69.30 68.91 68.52 68.41 68.30 68.34 68.38 68.42 68.47 68.43 68.38 68.18 67.97 67.54 67.11 66.37 65.64 64.55 63.45 61.95 60.45 58.50 56.55 54.16 51.78 49.03 46.27 43.26 40.25 37.07 33.89 30.61
28.39 32.44 36.49 39.99 43.50 46.44 49.38 51.81 54.24 56.26 58.28 60.04 61.80 63.47 65.13 66.81 68.49 70.19 71.90 73.55 75.20 76.65 78.11 79.23 80.35 81.02 81.70 81.87 82.05 81.75 81.45 80.77 80.09 79.18 78.26 77.28 76.30 75.39 74.49 73.75 73.02 72.52 72.02 71.77 71.52 71.45 71.39 71.41 71.42 71.41 71.40 71.29 71.18 70.91 70.64 70.15 69.66 68.90 68.13 67.02 65.92 64.42 62.92 60.98 59.05 56.68 54.32 51.61 48.89 45.92 42.96 39.85 36.73 33.54
27.58 31.62 35.67 39.20 42.73 45.75 48.76 51.31 53.86 56.03 58.21 60.13 62.06 63.84 65.63 67.36 69.08 70.75 72.41 73.94 75.48 76.77 78.07 79.03 80.00 80.56 81.13 81.28 81.43 81.20 80.96 80.45 79.93 79.25 78.58 77.88 77.17 76.54 75.90 75.39 74.88 74.53 74.18 74.00 73.82 73.77 73.72 73.72 73.72 73.67 73.63 73.49 73.35 73.06 72.77 72.27 71.77 71.01 70.24 69.14 68.03 66.54 65.06 63.14 61.22 58.88 56.55 53.86 51.18 48.27 45.36 42.32 39.28 36.19
26.77 30.81 34.86 38.41 41.97 45.05 48.13 50.80 53.47 55.80 58.14 60.22 62.31 64.22 66.13 67.91 69.68 71.31 72.93 74.34 75.75 76.89 78.03 78.83 79.64 80.10 80.56 80.68 80.80 80.64 80.48 80.12 79.77 79.33 78.89 78.47 78.04 77.68 77.31 77.03 76.74 76.54 76.34 76.24 76.13 76.09 76.05 76.03 76.01 75.93 75.86 75.69 75.52 75.21 74.90 74.39 73.88 73.11 72.34 71.25 70.15 68.67 67.20 65.30 63.40 61.08 58.77 56.12 53.47 50.62 47.76 44.80 41.84 38.85
25.25 29.31 33.38 37.00 40.62 43.84 47.05 49.92 52.80 55.40 57.99 60.37 62.74 64.92 67.10 69.07 71.04 72.76 74.47 75.88 77.30 78.36 79.43 80.13 80.83 81.17 81.51 81.54 81.57 81.37 81.16 80.82 80.49 80.11 79.74 79.41 79.07 78.81 78.54 78.34 78.13 77.98 77.83 77.73 77.63 77.58 77.53 77.49 77.45 77.36 77.28 77.11 76.95 76.65 76.36 75.87 75.39 74.64 73.89 72.82 71.74 70.29 68.84 66.96 65.09 62.81 60.53 57.93 55.33 52.53 49.74 46.87 44.00 41.13
23.73 27.81 31.90 35.58 39.27 42.62 45.97 49.05 52.12 54.99 57.85 60.52 63.18 65.63 68.07 70.23 72.39 74.20 76.01 77.43 78.84 79.84 80.83 81.42 82.02 82.24 82.47 82.40 82.34 82.10 81.85 81.53 81.20 80.90 80.59 80.35 80.11 79.94 79.77 79.65 79.52 79.41 79.31 79.22 79.13 79.07 79.01 78.95 78.89 78.79 78.70 78.54 78.38 78.10 77.82 77.35 76.89 76.16 75.43 74.38 73.33 71.91 70.48 68.63 66.78 64.54 62.29 59.73 57.18 54.45 51.72 48.94 46.16 43.41
21.82 25.91 30.00 33.76 37.52 41.02 44.51 47.83 51.14 54.30 57.47 60.49 63.50 66.28 69.05 71.48 73.90 75.88 77.86 79.34 80.82 81.80 82.79 83.30 83.81 83.91 84.02 83.82 83.63 83.27 82.91 82.51 82.11 81.75 81.39 81.12 80.86 80.68 80.49 80.36 80.23 80.11 80.00 79.89 79.79 79.72 79.64 79.57 79.51 79.43 79.36 79.23 79.10 78.86 78.62 78.20 77.78 77.10 76.41 75.40 74.39 73.00 71.61 69.81 68.01 65.82 63.62 61.13 58.64 56.00 53.36 50.68 48.01 45.39
19.91 24.01 28.11 31.94 35.77 39.42 43.06 46.60 50.15 53.62 57.10 60.46 63.81 66.92 70.03 72.72 75.41 77.56 79.70 81.25 82.80 83.77 84.74 85.17 85.60 85.58 85.57 85.24 84.92 84.45 83.98 83.49 83.01 82.60 82.19 81.90 81.60 81.41 81.22 81.08 80.94 80.81 80.69 80.57 80.45 80.36 80.27 80.20 80.14 80.08 80.01 79.92 79.82 79.62 79.43 79.05 78.68 78.03 77.39 76.42 75.45 74.10 72.75 70.99 69.23 67.09 64.95 62.53 60.11 57.55 54.99 52.43 49.86 47.37
