test/esri_led_20/synt_tma+240m_led_20.esri
nrows             510
ncols             462
xllcorner      398000.00
yllcorner     7846000.00
cellsize          500.00
NODATA_value    -9999
[rows 462 to 494 of 510, columns 300 to 374 of 462]
-24.46 -26.68 -28.90 -32.60 -36.31 -41.12 -45.92 -51.29 -56.65 -61.96 -67.27 -71.95 -76.63 -80.29 -83.95 -86.42 -88.88 -90.28 -91.68 -92.38 -93.08 -93.58 -94.07 -94.82 -95.57 -96.82 -98.07 -99.78 -101.48 -103.29 -105.10 -106.44 -107.78 -107.97 -108.16 -106.60 -105.04 -101.33 -97.62 -91.74 -85.87 -78.26 -70.65 -62.13 -53.61 -45.23 -36.86 -29.66 -22.47 -17.22 -11.97 -9.00 -6.04 -5.28 -4.53 -5.56 -6.60 -8.83 -11.06 -13.83 -16.61 -19.36 -22.11 -24.44 -26.76 -28.42 -30.08 -31.02 -31.96 -32.24 -32.53 -32.29 -32.05 -31.43 -30.80
-21.48 -24.03 -26.59 -30.65 -34.71 -39.87 -45.02 -50.68 -56.33 -61.85 -67.37 -72.17 -76.98 -80.65 -84.32 -86.70 -89.07 -90.29 -91.50 -91.93 -92.37 -92.53 -92.70 -93.08 -93.47 -94.34 -95.22 -96.57 -97.93 -99.44 -100.95 -102.07 -103.20 -103.28 -103.37 -101.82 -100.27 -96.71 -93.14 -87.53 -81.92 -74.67 -67.41 -59.32 -51.22 -43.29 -35.37 -28.60 -21.83 -16.95 -12.07 -9.38 -6.70 -6.11 -5.52 -6.61 -7.69 -9.86 -12.04 -14.68 -17.32 -19.91 -22.50 -24.65 -26.80 -28.30 -29.81 -30.62 -31.43 -31.60 -31.78 -31.43 -31.09 -30.35 -29.61
-20.73 -23.52 -26.31 -30.57 -34.83 -40.12 -45.40 -51.12 -56.83 -62.33 -67.82 -72.52 -77.22 -80.72 -84.22 -86.38 -88.54 -89.49 -90.44 -90.58 -90.72 -90.56 -90.41 -90.44 -90.48 -90.99 -91.50 -92.48 -93.47 -94.64 -95.81 -96.65 -97.48 -97.37 -97.26 -95.64 -94.02 -90.53 -87.03 -81.65 -76.27 -69.38 -62.50 -54.88 -47.26 -39.88 -32.49 -26.27 -20.05 -15.65 -11.26 -8.96 -6.67 -6.33 -5.99 -7.19 -8.38 -10.53 -12.68 -15.20 -17.72 -20.13 -22.54 -24.51 -26.47 -27.82 -29.16 -29.85 -30.53 -30.62 -30.71 -30.30 -29.90 -29.10 -28.31
-19.98 -23.00 -26.03 -30.49 -34.94 -40.36 -45.79 -51.56 -57.33 -62.80 -68.27 -72.86 -77.46 -80.79 -84.13 -86.06 -88.00 -88.69 -89.38 -89.23 -89.07 -88.59 -88.11 -87.80 -87.48 -87.63 -87.77 -88.39 -89.01 -89.84 -90.67 -91.22 -91.77 -91.46 -91.16 -89.46 -87.77 -84.34 -80.92 -75.77 -70.61 -64.10 -57.59 -50.45 -43.31 -36.46 -29.62 -23.94 -18.26 -14.35 -10.45 -8.54 -6.63 -6.55 -6.47 -7.77 -9.07 -11.20 -13.32 -15.72 -18.11 -20.35 -22.58 -24.36 -26.14 -27.33 -28.51 -29.07 -29.64 -29.64 -29.64 -29.17 -28.70 -27.86 -27.01
-21.11 -24.25 -27.39 -31.87 -36.34 -41.68 -47.02 -52.60 -58.19 -63.39 -68.59 -72.87 -77.15 -80.15 -83.15 -84.77 -86.39 -86.79 -87.19 -86.77 -86.34 -85.61 -84.87 -84.29 -83.70 -83.56 -83.42 -83.73 -84.04 -84.55 -85.06 -85.32 -85.58 -85.05 -84.53 -82.72 -80.92 -77.53 -74.15 -69.20 -64.25 -58.11 -51.96 -45.32 -38.68 -32.40 -26.12 -21.01 -15.90 -12.50 -9.11 -7.59 -6.08 -6.24 -6.41 -7.80 -9.19 -11.26 -13.34 -15.59 -17.84 -19.89 -21.93 -23.53 -25.12 -26.16 -27.20 -27.68 -28.17 -28.14 -28.12 -27.68 -27.23 -26.42 -25.62
-22.23 -25.49 -28.75 -33.25 -37.74 -42.99 -48.24 -53.64 -59.04 -63.98 -68.91 -72.88 -76.84 -79.51 -82.18 -83.48 -84.78 -84.89 -85.00 -84.31 -83.62 -82.62 -81.63 -80.78 -79.93 -79.49 -79.06 -79.06 -79.06 -79.26 -79.45 -79.42 -79.40 -78.65 -77.90 -75.98 -74.07 -70.72 -67.38 -62.63 -57.89 -52.11 -46.34 -40.19 -34.04 -28.33 -22.61 -18.07 -13.53 -10.65 -7.76 -6.64 -5.52 -5.93 -6.34 -7.83 -9.31 -11.33 -13.36 -15.47 -17.57 -19.42 -21.28 -22.69 -24.10 -24.99 -25.89 -26.29 -26.69 -26.65 -26.61 -26.18 -25.75 -24.99 -24.22
-24.30 -27.58 -30.86 -35.23 -39.60 -44.59 -49.58 -54.60 -59.62 -64.10 -68.59 -72.08 -75.57 -77.81 -80.04 -80.97 -81.91 -81.74 -81.57 -80.68 -79.78 -78.63 -77.48 -76.47 -75.47 -74.86 -74.24 -74.03 -73.81 -73.76 -73.72 -73.45 -73.18 -72.24 -71.30 -69.29 -67.28 -63.98 -60.69 -56.15 -51.62 -46.21 -40.81 -35.14 -29.48 -24.31 -19.15 -15.14 -11.13 -8.70 -6.26 -5.46 -4.67 -5.24 -5.82 -7.32 -8.81 -10.73 -12.64 -14.56 -16.47 -18.12 -19.76 -20.99 -22.22 -23.02 -23.81 -24.19 -24.57 -24.59 -24.61 -24.31 -24.00 -23.39 -22.78
-26.38 -29.67 -32.97 -37.22 -41.46 -46.19 -50.91 -55.55 -60.20 -64.23 -68.26 -71.29 -74.31 -76.10 -77.90 -78.46 -79.03 -78.59 -78.14 -77.04 -75.95 -74.64 -73.32 -72.17 -71.01 -70.22 -69.43 -68.99 -68.56 -68.27 -67.98 -67.48 -66.97 -65.84 -64.70 -62.60 -60.49 -57.24 -53.99 -49.67 -45.35 -40.31 -35.27 -30.10 -24.93 -20.30 -15.68 -12.20 -8.72 -6.74 -4.76 -4.28 -3.81 -4.55 -5.30 -6.81 -8.32 -10.12 -11.92 -13.65 -15.38 -16.81 -18.24 -19.30 -20.35 -21.04 -21.72 -22.09 -22.45 -22.53 -22.61 -22.43 -22.25 -21.79 -21.33
-28.20 -31.46 -34.72 -38.77 -42.81 -47.18 -51.55 -55.72 -59.88 -63.38 -66.88 -69.37 -71.86 -73.19 -74.51 -74.73 -74.94 -74.27 -73.59 -72.37 -71.16 -69.78 -68.41 -67.21 -66.00 -65.14 -64.27 -63.72 -63.16 -62.72 -62.27 -61.60 -60.93 -59.67 -58.41 -56.27 -54.13 -50.97 -47.82 -43.74 -39.66 -35.00 -30.35 -25.65 -20.95 -16.82 -12.70 -9.68 -6.66 -5.03 -3.40 -3.13 -2.85 -3.65 -4.44 -5.86 -7.28 -8.89 -10.50 -11.99 -13.48 -14.69 -15.90 -16.80 -17.69 -18.32 -18.95 -19.36 -19.77 -20.00 -20.23 -20.27 -20.31 -20.10 -19.90
-30.02 -33.25 -36.47 -40.32 -44.16 -48.17 -52.18 -55.88 -59.57 -62.53 -65.49 -67.45 -69.41 -70.27 -71.13 -70.99 -70.85 -69.95 -69.04 -67.70 -66.36 -64.93 -63.50 -62.25 -61.00 -60.06 -59.11 -58.44 -57.77 -57.16 -56.56 -55.72 -54.89 -53.50 -52.12 -49.94 -47.77 -44.71 -41.64 -37.81 -33.98 -29.70 -25.42 -21.19 -16.97 -13.34 -9.72 -7.16 -4.60 -3.31 -2.03 -1.97 -1.90 -2.74 -3.58 -4.91 -6.24 -7.66 -9.08 -10.33 -11.59 -12.57 -13.56 -14.30 -15.04 -15.60 -16.17 -16.63 -17.09 -17.47 -17.85 -18.10 -18.36 -18.41 -18.46
-30.58 -33.77 -36.96 -40.60 -44.24 -47.89 -51.55 -54.78 -58.01 -60.45 -62.90 -64.36 -65.81 -66.26 -66.70 -66.27 -65.83 -64.77 -63.71 -62.32 -60.94 -59.52 -58.10 -56.88 -55.65 -54.70 -53.76 -53.03 -52.30 -51.61 -50.92 -49.99 -49.06 -47.63 -46.20 -44.06 -41.93 -39.03 -36.14 -32.60 -29.06 -25.18 -21.31 -17.54 -13.78 -10.61 -7.43 -5.24 -3.04 -2.00 -0.95 -0.97 -0.98 -1.75 -2.52 -3.65 -4.79 -5.95 -7.11 -8.09 -9.08 -9.84 -10.61 -11.22 -11.83 -12.39 -12.94 -13.52 -14.10 -14.70 -15.30 -15.85 -16.41 -16.79 -17.17
-31.14 -34.29 -37.44 -40.88 -44.31 -47.61 -50.92 -53.68 -56.45 -58.37 -60.30 -61.26 -62.22 -62.24 -62.27 -61.54 -60.81 -59.59 -58.37 -56.94 -55.51 -54.11 -52.71 -51.51 -50.31 -49.35 -48.40 -47.62 -46.84 -46.06 -45.27 -44.26 -43.24 -41.76 -40.28 -38.19 -36.09 -33.36 -30.63 -27.38 -24.14 -20.67 -17.20 -13.89 -10.59 -7.87 -5.14 -3.32 -1.49 -0.69 0.12 0.03 -0.06 -0.75 -1.45 -2.39 -3.33 -4.23 -5.13 -5.85 -6.57 -7.11 -7.66 -8.14 -8.62 -9.17 -9.72 -10.41 -11.10 -11.93 -12.75 -13.60 -14.46 -15.17 -15.89
-30.00 -33.14 -36.28 -39.56 -42.85 -45.87 -48.89 -51.28 -53.66 -55.18 -56.69 -57.25 -57.82 -57.53 -57.24 -56.31 -55.38 -54.07 -52.77 -51.34 -49.92 -48.57 -47.23 -46.08 -44.93 -43.98 -43.04 -42.23 -41.42 -40.58 -39.74 -38.68 -37.62 -36.16 -34.69 -32.71 -30.74 -28.23 -25.73 -22.84 -19.94 -16.89 -13.85 -10.99 -8.14 -5.81 -3.49 -1.95 -0.42 0.26 0.94 0.87 0.81 0.29 -0.24 -0.92 -1.60 -2.21 -2.82 -3.26 -3.71 -4.07 -4.42 -4.83 -5.23 -5.83 -6.43 -7.30 -8.17 -9.27 -10.37 -11.57 -12.77 -13.86 -14.94
-28.86 -31.98 -35.11 -38.25 -41.38 -44.12 -46.86 -48.87 -50.88 -51.98 -53.07 -53.24 -53.41 -52.81 -52.20 -51.07 -49.94 -48.55 -47.16 -45.74 -44.33 -43.04 -41.74 -40.64 -39.54 -38.62 -37.69 -36.85 -36.00 -35.11 -34.21 -33.11 -32.00 -30.55 -29.11 -27.24 -25.38 -23.11 -20.84 -18.29 -15.74 -13.12 -10.50 -8.09 -5.68 -3.76 -1.84 -0.59 0.66 1.20 1.75 1.71 1.68 1.32 0.97 0.55 0.12 -0.19 -0.50 -0.68 -0.86 -1.02 -1.19 -1.52 -1.84 -2.50 -3.15 -4.19 -5.23 -6.61 -7.99 -9.54 -11.08 -12.54 -14.00
-26.28 -29.43 -32.59 -35.64 -38.69 -41.25 -43.80 -45.56 -47.32 -48.13 -48.95 -48.86 -48.77 -47.97 -47.17 -45.93 -44.69 -43.28 -41.87 -40.49 -39.11 -37.87 -36.64 -35.56 -34.49 -33.55 -32.61 -31.71 -30.81 -29.85 -28.89 -27.75 -26.62 -25.22 -23.82 -22.11 -20.40 -18.41 -16.42 -14.24 -12.06 -9.87 -7.68 -5.70 -3.72 -2.14 -0.57 0.46 1.49 1.97 2.46 2.52 2.59 2.44 2.30 2.16 2.01 1.98 1.94 1.98 2.02 1.98 1.94 1.62 1.29 0.52 -0.25 -1.52 -2.80 -4.49 -6.18 -8.09 -10.00 -11.83 -13.66
-23.70 -26.88 -30.06 -33.03 -36.00 -38.37 -40.74 -42.25 -43.75 -44.28 -44.82 -44.47 -44.13 -43.13 -42.14 -40.79 -39.45 -38.02 -36.59 -35.24 -33.90 -32.71 -31.53 -30.48 -29.44 -28.49 -27.53 -26.57 -25.62 -24.60 -23.57 -22.40 -21.24 -19.88 -18.53 -16.98 -15.43 -13.71 -11.99 -10.19 -8.38 -6.63 -4.87 -3.31 -1.75 -0.53 0.70 1.51 2.32 2.74 3.17 3.33 3.49 3.56 3.64 3.77 3.90 4.14 4.38 4.64 4.90 4.99 5.07 4.75 4.43 3.53 2.64 1.14 -0.36 -2.37 -4.37 -6.64 -8.91 -11.12 -13.32
-20.51 -23.72 -26.94 -29.87 -32.80 -35.07 -37.34 -38.70 -40.05 -40.43 -40.81 -40.34 -39.86 -38.78 -37.71 -36.34 -34.97 -33.56 -32.15 -30.84 -29.53 -28.37 -27.20 -26.14 -25.07 -24.04 -23.00 -21.94 -20.88 -19.74 -18.61 -17.39 -16.17 -14.85 -13.54 -12.14 -10.75 -9.31 -7.86 -6.42 -4.98 -3.63 -2.28 -1.10 0.08 1.00 1.93 2.57 3.22 3.62 4.03 4.30 4.58 4.85 5.13 5.49 5.85 6.29 6.74 7.12 7.50 7.60 7.70 7.28 6.87 5.78 4.69 2.90 1.12 -1.21 -3.55 -6.16 -8.77 -11.31 -13.85
-17.32 -20.57 -23.82 -26.71 -29.61 -31.77 -33.94 -35.15 -36.36 -36.58 -36.81 -36.20 -35.59 -34.44 -33.28 -31.88 -30.49 -29.10 -27.70 -26.44 -25.17 -24.02 -22.88 -21.79 -20.70 -19.59 -18.48 -17.31 -16.13 -14.89 -13.65 -12.37 -11.10 -9.82 -8.55 -7.31 -6.07 -4.90 -3.73 -2.66 -1.58 -0.63 0.31 1.11 1.90 2.53 3.16 3.64 4.11 4.50 4.89 5.28 5.67 6.14 6.62 7.21 7.81 8.45 9.09 9.59 10.09 10.21 10.33 9.82 9.30 8.02 6.73 4.67 2.61 -0.06 -2.72 -5.68 -8.64 -11.50 -14.37
-14.50 -17.75 -21.00 -23.85 -26.70 -28.79 -30.88 -32.01 -33.14 -33.29 -33.45 -32.80 -32.15 -30.99 -29.83 -28.47 -27.10 -25.75 -24.40 -23.15 -21.91 -20.74 -19.57 -18.40 -17.22 -15.96 -14.71 -13.35 -12.00 -10.60 -9.19 -7.81 -6.43 -5.16 -3.89 -2.77 -1.65 -0.72 0.22 0.98 1.74 2.35 2.96 3.43 3.91 4.29 4.68 5.03 5.37 5.75 6.13 6.60 7.08 7.69 8.30 9.01 9.73 10.44 11.15 11.63 12.12 12.11 12.11 11.38 10.66 9.09 7.52 5.14 2.76 -0.23 -3.21 -6.47 -9.73 -12.85 -15.97
-11.69 -14.94 -18.19 -20.99 -23.79 -25.81 -27.82 -28.87 -29.91 -30.00 -30.08 -29.40 -28.71 -27.55 -26.39 -25.05 -23.72 -22.40 -21.09 -19.87 -18.65 -17.45 -16.26 -15.00 -13.74 -12.33 -10.93 -9.40 -7.87 -6.30 -4.73 -3.25 -1.77 -0.50 0.77 1.77 2.77 3.47 4.17 4.62 5.07 5.33 5.60 5.75 5.91 6.06 6.20 6.42 6.64 7.00 7.37 7.93 8.49 9.23 9.97 10.81 11.66 12.43 13.21 13.67 14.14 14.01 13.89 12.95 12.02 10.16 8.31 5.61 2.91 -0.40 -3.71 -7.26 -10.82 -14.19 -17.56
-9.99 -13.15 -16.30 -19.00 -21.69 -23.60 -25.51 -26.47 -27.44 -27.49 -27.53 -26.85 -26.17 -25.06 -23.94 -22.67 -21.39 -20.13 -18.86 -17.64 -16.42 -15.17 -13.92 -12.52 -11.12 -9.52 -7.92 -6.16 -4.40 -2.62 -0.84 0.79 2.42 3.74 5.06 5.99 6.93 7.47 8.01 8.23 8.44 8.45 8.45 8.37 8.29 8.25 8.22 8.33 8.44 8.78 9.12 9.69 10.27 11.03 11.79 12.62 13.44 14.12 14.80 15.08 15.35 14.95 14.56 13.29 12.02 9.80 7.59 4.55 1.50 -2.10 -5.71 -9.49 -13.27 -16.79 -20.30
-8.29 -11.35 -14.42 -17.00 -19.59 -21.39 -23.20 -24.08 -24.97 -24.97 -24.98 -24.31 -23.64 -22.57 -21.49 -20.28 -19.06 -17.85 -16.63 -15.42 -14.20 -12.89 -11.57 -10.04 -8.50 -6.70 -4.90 -2.92 -0.93 1.06 3.06 4.83 6.61 7.98 9.35 10.22 11.09 11.47 11.85 11.83 11.82 11.56 11.31 10.99 10.67 10.45 10.23 10.24 10.25 10.56 10.87 11.46 12.05 12.83 13.62 14.42 15.22 15.81 16.39 16.48 16.56 15.89 15.22 13.62 12.02 9.45 6.88 3.49 0.10 -3.81 -7.71 -11.72 -15.73 -19.38 -23.04
-7.94 -10.78 -13.62 -15.98 -18.35 -19.97 -21.58 -22.34 -23.10 -23.06 -23.01 -22.35 -21.69 -20.68 -19.67 -18.53 -17.39 -16.22 -15.06 -13.85 -12.63 -11.25 -9.86 -8.17 -6.49 -4.48 -2.47 -0.24 1.99 4.20 6.42 8.37 10.31 11.77 13.22 14.09 14.95 15.24 15.53 15.38 15.22 14.80 14.39 13.92 13.45 13.11 12.77 12.69 12.61 12.86 13.10 13.62 14.14 14.82 15.49 16.11 16.73 17.04 17.35 17.08 16.81 15.73 14.64 12.60 10.56 7.57 4.59 0.85 -2.89 -7.05 -11.20 -15.34 -19.48 -23.15 -26.82
-7.60 -10.21 -12.82 -14.97 -17.11 -18.54 -19.97 -20.61 -21.24 -21.14 -21.04 -20.39 -19.75 -18.80 -17.84 -16.78 -15.71 -14.60 -13.49 -12.28 -11.07 -9.60 -8.14 -6.31 -4.48 -2.25 -0.03 2.44 4.90 7.35 9.79 11.90 14.02 15.56 17.10 17.95 18.81 19.01 19.22 18.92 18.62 18.05 17.47 16.85 16.23 15.76 15.30 15.14 14.98 15.15 15.33 15.78 16.23 16.80 17.36 17.80 18.23 18.27 18.31 17.69 17.06 15.56 14.06 11.58 9.10 5.69 2.29 -1.80 -5.88 -10.29 -14.69 -18.96 -23.23 -26.91 -30.60
-8.34 -10.57 -12.81 -14.60 -16.38 -17.52 -18.66 -19.09 -19.52 -19.32 -19.12 -18.47 -17.82 -16.93 -16.03 -15.05 -14.06 -13.02 -11.98 -10.78 -9.59 -8.08 -6.57 -4.62 -2.66 -0.27 2.13 4.79 7.46 10.09 12.73 14.99 17.26 18.89 20.52 21.40 22.29 22.47 22.65 22.29 21.94 21.30 20.65 19.96 19.27 18.74 18.21 17.98 17.74 17.81 17.88 18.18 18.47 18.79 19.11 19.22 19.32 18.94 18.55 17.43 16.31 14.28 12.25 9.26 6.27 2.43 -1.41 -5.82 -10.24 -14.82 -19.41 -23.70 -28.00 -31.57 -35.13
-9.08 -10.94 -12.80 -14.23 -15.66 -16.50 -17.35 -17.58 -17.81 -17.51 -17.21 -16.55 -15.89 -15.06 -14.22 -13.31 -12.41 -11.44 -10.46 -9.28 -8.11 -6.55 -4.99 -2.92 -0.85 1.72 4.29 7.15 10.02 12.84 15.67 18.09 20.50 22.22 23.95 24.86 25.77 25.92 26.08 25.67 25.26 24.54 23.83 23.07 22.31 21.72 21.12 20.81 20.50 20.47 20.43 20.57 20.70 20.78 20.87 20.64 20.41 19.60 18.79 17.18 15.56 13.00 10.45 6.95 3.45 -0.83 -5.11 -9.85 -14.59 -19.35 -24.12 -28.44 -32.77 -36.22 -39.67
-10.33 -11.68 -13.02 -13.97 -14.92 -15.37 -15.82 -15.77 -15.72 -15.27 -14.81 -14.12 -13.42 -12.63 -11.84 -11.03 -10.21 -9.32 -8.44 -7.32 -6.20 -4.65 -3.10 -0.98 1.14 3.80 6.46 9.44 12.41 15.35 18.29 20.80 23.31 25.09 26.87 27.81 28.76 28.93 29.10 28.69 28.29 27.59 26.88 26.12 25.37 24.75 24.14 23.76 23.39 23.22 23.05 22.95 22.85 22.60 22.34 21.67 21.00 19.65 18.31 16.11 13.92 10.78 7.64 3.61 -0.41 -5.11 -9.81 -14.82 -19.83 -24.70 -29.57 -33.82 -38.07 -41.30 -44.52
-11.59 -12.42 -13.25 -13.72 -14.19 -14.24 -14.29 -13.96 -13.63 -13.02 -12.42 -11.69 -10.95 -10.21 -9.46 -8.74 -8.01 -7.21 -6.42 -5.35 -4.29 -2.75 -1.20 0.96 3.13 5.88 8.62 11.72 14.81 17.86 20.91 23.51 26.11 27.95 29.80 30.77 31.75 31.93 32.11 31.72 31.33 30.63 29.93 29.17 28.42 27.79 27.16 26.72 26.28 25.97 25.67 25.34 25.01 24.41 23.82 22.70 21.58 19.71 17.83 15.05 12.27 8.55 4.83 0.28 -4.28 -9.39 -14.51 -19.80 -25.08 -30.05 -35.02 -39.20 -43.38 -46.38 -49.38
-12.77 -13.00 -13.22 -13.13 -13.04 -12.62 -12.21 -11.54 -10.87 -10.07 -9.27 -8.47 -7.67 -6.96 -6.25 -5.61 -4.98 -4.30 -3.61 -2.66 -1.70 -0.23 1.24 3.36 5.48 8.21 10.95 14.04 17.14 20.19 23.25 25.85 28.46 30.31 32.16 33.14 34.13 34.34 34.54 34.20 33.85 33.21 32.58 31.88 31.19 30.58 29.97 29.48 28.99 28.53 28.07 27.47 26.86 25.88 24.89 23.27 21.65 19.20 16.76 13.38 10.00 5.71 1.42 -3.62 -8.66 -14.14 -19.61 -25.09 -30.57 -35.56 -40.55 -44.58 -48.60 -51.31 -54.01
-13.95 -13.57 -13.19 -12.53 -11.88 -11.00 -10.12 -9.11 -8.10 -7.11 -6.11 -5.25 -4.38 -3.71 -3.03 -2.49 -1.95 -1.38 -0.81 0.04 0.90 2.29 3.68 5.76 7.83 10.55 13.27 16.37 19.46 22.53 25.59 28.20 30.81 32.66 34.51 35.51 36.51 36.74 36.98 36.68 36.38 35.80 35.23 34.59 33.95 33.36 32.78 32.24 31.69 31.08 30.48 29.60 28.72 27.34 25.96 23.84 21.72 18.70 15.69 11.71 7.73 2.87 -1.99 -7.51 -13.04 -18.88 -24.71 -30.39 -36.07 -41.07 -46.08 -49.96 -53.83 -56.24 -58.65
-14.65 -13.64 -12.64 -11.41 -10.18 -8.82 -7.46 -6.10 -4.74 -3.54 -2.33 -1.38 -0.43 0.22 0.88 1.33 1.77 2.21 2.65 3.36 4.07 5.33 6.58 8.53 10.48 13.08 15.68 18.67 21.66 24.62 27.59 30.12 32.64 34.43 36.22 37.19 38.16 38.42 38.67 38.44 38.20 37.72 37.24 36.70 36.15 35.62 35.08 34.51 33.94 33.18 32.43 31.28 30.13 28.35 26.57 23.97 21.37 17.82 14.27 9.75 5.24 -0.11 -5.45 -11.37 -17.29 -23.38 -29.47 -35.25 -41.04 -45.99 -50.95 -54.63 -58.31 -60.41 -62.51
-15.34 -13.71 -12.09 -10.29 -8.49 -6.65 -4.81 -3.10 -1.38 0.04 1.46 2.49 3.52 4.15 4.79 5.14 5.49 5.80 6.11 6.68 7.25 8.37 9.48 11.30 13.13 15.61 18.10 20.98 23.86 26.72 29.59 32.03 34.47 36.20 37.94 38.88 39.82 40.10 40.37 40.20 40.02 39.64 39.25 38.80 38.35 37.87 37.39 36.78 36.18 35.28 34.38 32.95 31.53 29.36 27.19 24.11 21.02 16.93 12.85 7.80 2.75 -3.08 -8.92 -15.23 -21.53 -27.88 -34.23 -40.12 -46.01 -50.91 -55.82 -59.30 -62.79 -64.58 -66.37
-15.41 -13.23 -11.06 -8.75 -6.45 -4.18 -1.91 0.12 2.15 3.77 5.40 6.51 7.63 8.25 8.87 9.14 9.42 9.60 9.78 10.19 10.60 11.55 12.49 14.13 15.77 18.07 20.37 23.06 25.75 28.44 31.13 33.42 35.70 37.31 38.93 39.81 40.69 40.96 41.24 41.13 41.02 40.74 40.46 40.12 39.79 39.38 38.97 38.36 37.75 36.73 35.71 34.06 32.40 29.89 27.39 23.90 20.42 15.90 11.39 5.93 0.48 -5.70 -11.87 -18.43 -24.98 -31.46 -37.95 -43.84 -49.74 -54.55 -59.35 -62.64 -65.93 -67.47 -69.01
