test/esri_led_20/synt_tma_2400m_led_20.esri
nrows             510
ncols             462
xllcorner      398000.00
yllcorner     7846000.00
cellsize          500.00
NODATA_value    -9999
[rows 448 to 479 of 510, columns 296 to 369 of 462]
-148.33 -140.05 -131.76 -125.46 -119.15 -115.46 -111.77 -110.69 -109.61 -110.53 -111.45 -113.38 -115.31 -117.15 -118.99 -119.82 -120.64 -119.82 -119.01 -116.41 -113.82 -109.99 -106.16 -102.35 -98.54 -96.30 -94.06 -94.50 -94.95 -98.00 -101.04 -105.10 -109.16 -111.55 -113.94 -111.85 -109.76 -101.31 -92.85 -77.72 -62.60 -42.10 -21.59 1.81 25.22 48.33 71.43 90.65 109.86 121.62 133.39 135.04 136.69 127.55 118.42 100.35 82.28 59.08 35.88 11.91 -12.05 -33.09 -54.13 -69.79 -85.45 -94.53 -103.60 -105.98 -108.36 -105.07 -101.79 -94.94 -88.10 -80.40
-155.81 -147.82 -139.84 -133.47 -127.11 -123.03 -118.96 -117.25 -115.55 -115.74 -115.94 -117.17 -118.40 -119.66 -120.93 -121.35 -121.77 -120.80 -119.82 -117.36 -114.89 -111.50 -108.10 -104.99 -101.88 -100.57 -99.25 -100.80 -102.34 -106.63 -110.93 -116.39 -121.86 -125.81 -129.75 -129.31 -128.87 -122.01 -115.16 -101.38 -87.59 -67.89 -48.18 -24.79 -1.39 22.65 46.68 67.71 88.75 103.04 117.34 121.97 126.59 120.58 114.56 99.41 84.26 63.45 42.64 20.29 -2.06 -22.35 -42.64 -58.30 -73.97 -83.57 -93.17 -96.35 -99.52 -97.12 -94.71 -88.73 -82.74 -75.84
-155.06 -147.30 -139.53 -133.18 -126.82 -122.57 -118.31 -116.30 -114.30 -114.17 -114.05 -115.05 -116.05 -117.24 -118.42 -118.95 -119.48 -118.80 -118.13 -116.16 -114.20 -111.51 -108.82 -106.59 -104.37 -104.08 -103.80 -106.50 -109.20 -114.81 -120.42 -127.41 -134.40 -140.12 -145.84 -147.40 -148.95 -144.19 -139.44 -127.58 -115.72 -97.42 -79.13 -56.25 -33.37 -8.76 15.85 38.56 61.27 78.16 95.05 102.94 110.83 108.41 105.99 94.40 82.81 65.09 47.37 27.31 7.25 -11.71 -30.67 -45.92 -61.17 -71.07 -80.98 -84.96 -88.94 -87.63 -86.32 -81.53 -76.74 -70.98
-154.31 -146.77 -139.23 -132.89 -126.54 -122.10 -117.66 -115.35 -113.05 -112.61 -112.17 -112.93 -113.70 -114.81 -115.92 -116.55 -117.19 -116.81 -116.43 -114.97 -113.51 -111.52 -109.54 -108.20 -106.86 -107.60 -108.34 -112.20 -116.06 -122.99 -129.91 -138.43 -146.94 -154.44 -161.93 -165.48 -169.04 -166.37 -163.71 -153.78 -143.86 -126.96 -110.07 -87.71 -65.35 -40.16 -14.97 9.41 33.79 53.28 72.77 83.91 95.06 96.24 97.42 89.38 81.35 66.73 52.10 34.33 16.56 -1.07 -18.70 -33.53 -48.37 -58.58 -68.79 -73.58 -78.37 -78.15 -77.93 -74.33 -70.74 -66.12
-144.75 -137.33 -129.91 -123.68 -117.45 -113.14 -108.84 -106.72 -104.60 -104.44 -104.29 -105.48 -106.67 -108.35 -110.03 -111.35 -112.68 -113.06 -113.44 -112.77 -112.11 -110.94 -109.77 -109.26 -108.76 -110.36 -111.97 -116.76 -121.56 -129.57 -137.58 -147.44 -157.30 -166.49 -175.67 -181.27 -186.87 -186.49 -186.11 -178.45 -170.78 -155.70 -140.63 -119.23 -97.83 -72.47 -47.12 -21.42 4.29 26.09 47.89 62.10 76.32 81.03 85.74 81.32 76.89 65.52 54.15 38.90 23.64 7.60 -8.44 -22.61 -36.77 -47.10 -57.43 -62.93 -68.42 -69.30 -70.18 -67.84 -65.50 -62.07
-135.18 -127.88 -120.58 -114.46 -108.35 -104.18 -100.02 -98.08 -96.15 -96.28 -96.41 -98.02 -99.64 -101.89 -104.14 -106.15 -108.17 -109.31 -110.45 -110.58 -110.71 -110.35 -110.00 -110.33 -110.66 -113.13 -115.60 -121.33 -127.06 -136.16 -145.25 -156.46 -167.66 -178.54 -189.41 -197.05 -204.69 -206.61 -208.52 -203.11 -197.70 -184.44 -171.19 -150.75 -130.31 -104.78 -79.26 -52.24 -25.22 -1.11 23.01 40.29 57.58 65.82 74.07 73.25 72.44 64.32 56.20 43.47 30.73 16.28 1.82 -11.68 -25.18 -35.62 -46.07 -52.28 -58.48 -60.46 -62.43 -61.35 -60.26 -58.02
-118.08 -110.84 -103.60 -97.78 -91.96 -88.34 -84.72 -83.57 -82.42 -83.53 -84.65 -87.40 -90.16 -93.64 -97.12 -100.35 -103.59 -105.84 -108.09 -109.13 -110.18 -110.54 -110.89 -111.75 -112.60 -115.48 -118.37 -124.50 -130.64 -140.28 -149.93 -161.96 -174.00 -186.11 -198.22 -207.55 -216.89 -220.86 -224.84 -221.61 -218.38 -207.03 -195.68 -176.45 -157.23 -131.95 -106.68 -78.90 -51.13 -25.36 0.41 20.06 39.71 50.79 61.86 64.03 66.20 60.85 55.49 44.97 34.46 21.49 8.52 -4.25 -17.03 -27.43 -37.82 -44.53 -51.23 -54.07 -56.91 -56.85 -56.79 -55.48
-100.98 -93.80 -86.61 -81.09 -75.57 -72.49 -69.42 -69.06 -68.69 -70.79 -72.89 -76.78 -80.68 -85.39 -90.10 -94.56 -99.01 -102.37 -105.72 -107.69 -109.66 -110.72 -111.79 -113.17 -114.55 -117.84 -121.13 -127.68 -134.23 -144.41 -154.60 -167.47 -180.33 -193.68 -207.03 -218.06 -229.09 -235.12 -241.15 -240.11 -239.06 -229.61 -220.17 -202.16 -184.14 -159.12 -134.11 -105.57 -77.03 -49.61 -22.18 -0.17 21.84 35.75 49.66 54.81 59.96 57.37 54.78 46.48 38.19 26.70 15.22 3.17 -8.88 -19.23 -29.58 -36.78 -43.97 -47.68 -51.39 -52.36 -53.32 -52.94
-79.07 -71.97 -64.87 -59.87 -54.87 -52.79 -50.70 -51.72 -52.74 -56.49 -60.24 -65.91 -71.58 -78.04 -84.51 -90.55 -96.58 -101.21 -105.83 -108.64 -111.45 -112.91 -114.36 -115.75 -117.13 -120.18 -123.22 -129.44 -135.66 -145.62 -155.59 -168.50 -181.42 -195.24 -209.07 -221.08 -233.08 -240.55 -248.02 -248.67 -249.32 -241.52 -233.72 -216.97 -200.21 -175.83 -151.45 -122.86 -94.27 -66.15 -38.03 -14.79 8.45 23.97 39.48 46.42 53.36 52.51 51.65 44.84 38.02 27.63 17.23 5.82 -5.59 -15.75 -25.90 -33.28 -40.67 -44.84 -49.01 -50.54 -52.07 -52.17
-57.17 -50.14 -43.12 -38.64 -34.17 -33.08 -31.98 -34.38 -36.79 -42.19 -47.59 -55.04 -62.48 -70.70 -78.91 -86.54 -94.16 -100.05 -105.93 -109.59 -113.24 -115.09 -116.94 -118.33 -119.72 -122.52 -125.32 -131.21 -137.10 -146.83 -156.57 -169.54 -182.51 -196.81 -211.11 -224.09 -237.08 -245.99 -254.89 -257.24 -259.59 -253.43 -247.27 -231.78 -216.28 -192.54 -168.80 -140.15 -111.51 -82.69 -53.88 -29.41 -4.94 12.18 29.31 38.03 46.76 47.64 48.53 43.19 37.86 28.55 19.24 8.47 -2.31 -12.26 -22.22 -29.79 -37.36 -41.99 -46.62 -48.72 -50.82 -51.39
-34.31 -27.45 -20.59 -16.87 -13.14 -13.38 -13.62 -17.85 -22.07 -29.56 -37.06 -46.64 -56.22 -66.43 -76.64 -85.93 -95.22 -102.29 -109.37 -113.61 -117.85 -119.66 -121.46 -122.27 -123.08 -124.95 -126.82 -131.63 -136.45 -145.17 -153.89 -166.07 -178.25 -192.15 -206.05 -219.13 -232.20 -241.70 -251.20 -254.52 -257.83 -252.82 -247.82 -233.44 -219.06 -196.26 -173.46 -145.48 -117.49 -89.03 -60.57 -36.17 -11.77 5.53 22.82 31.90 40.98 42.34 43.70 38.92 34.14 25.39 16.64 6.35 -3.95 -13.58 -23.20 -30.62 -38.05 -42.67 -47.30 -49.44 -51.58 -52.12
-11.45 -4.76 1.93 4.91 7.90 6.32 4.74 -1.31 -7.35 -16.93 -26.52 -38.24 -49.96 -62.16 -74.36 -85.32 -96.28 -104.54 -112.81 -117.63 -122.46 -124.22 -125.99 -126.22 -126.45 -127.38 -128.32 -132.06 -135.80 -143.50 -151.20 -162.60 -173.99 -187.49 -200.99 -214.16 -227.33 -237.42 -247.51 -251.79 -256.08 -252.22 -248.36 -235.10 -221.85 -199.98 -178.12 -150.80 -123.48 -95.37 -67.27 -42.93 -18.60 -1.13 16.34 25.77 35.19 37.04 38.88 34.65 30.42 22.23 14.04 4.22 -5.59 -14.89 -24.19 -31.46 -38.73 -43.35 -47.97 -50.16 -52.35 -52.85
7.73 14.13 20.53 22.64 24.76 21.72 18.69 10.75 2.81 -8.87 -20.56 -34.32 -48.08 -62.06 -76.05 -88.39 -100.73 -109.84 -118.94 -123.97 -129.00 -130.29 -131.59 -130.79 -129.99 -129.52 -129.06 -131.23 -133.40 -139.53 -145.67 -155.64 -165.62 -177.99 -190.36 -202.83 -215.29 -225.14 -235.00 -239.49 -243.98 -240.70 -237.41 -225.03 -212.65 -191.87 -171.10 -144.99 -118.88 -92.00 -65.13 -41.98 -18.83 -2.45 13.93 22.46 30.98 32.19 33.41 28.91 24.42 16.31 8.21 -1.27 -10.75 -19.61 -28.47 -35.31 -42.14 -46.38 -50.61 -52.43 -54.25 -54.34
26.91 33.02 39.12 40.37 41.62 37.13 32.65 22.81 12.97 -0.81 -14.59 -30.39 -46.20 -61.97 -77.74 -91.46 -105.18 -115.13 -125.08 -130.31 -135.53 -136.36 -137.19 -135.36 -133.53 -131.66 -129.79 -130.40 -131.00 -135.56 -140.13 -148.69 -157.24 -168.49 -179.74 -191.50 -203.25 -212.87 -222.49 -227.19 -231.88 -229.18 -226.47 -214.96 -203.44 -183.76 -164.08 -139.18 -114.28 -88.64 -62.99 -41.03 -19.07 -3.77 11.53 19.14 26.76 27.35 27.94 23.18 18.41 10.39 2.38 -6.77 -15.92 -24.33 -32.75 -39.16 -45.56 -49.40 -53.24 -54.69 -56.14 -55.83
37.93 43.59 49.25 49.65 50.05 44.32 38.60 27.26 15.92 0.59 -14.74 -31.92 -49.11 -65.95 -82.79 -97.20 -111.60 -121.79 -131.98 -136.94 -141.90 -141.97 -142.04 -139.03 -136.02 -132.68 -129.35 -128.33 -127.30 -130.19 -133.08 -139.99 -146.91 -156.66 -166.42 -176.95 -187.48 -196.24 -205.00 -209.27 -213.54 -210.88 -208.22 -197.27 -186.33 -167.72 -149.11 -125.70 -102.30 -78.42 -54.54 -34.46 -14.39 -0.96 12.46 18.40 24.33 23.63 22.94 17.43 11.92 3.73 -4.46 -13.33 -22.20 -30.09 -37.97 -43.76 -49.54 -52.78 -56.02 -56.92 -57.82 -56.98
48.94 54.16 59.38 58.93 58.48 51.51 44.55 31.70 18.86 1.99 -14.89 -33.45 -52.02 -69.93 -87.85 -102.94 -118.03 -128.45 -138.87 -143.57 -148.27 -147.58 -146.89 -142.70 -138.51 -133.70 -128.90 -126.26 -123.61 -124.82 -126.03 -131.30 -136.58 -144.84 -153.10 -162.41 -171.71 -179.62 -187.52 -191.36 -195.20 -192.58 -189.97 -179.59 -169.21 -151.68 -134.15 -112.23 -90.31 -68.20 -46.08 -27.89 -9.71 1.84 13.39 17.65 21.90 19.92 17.93 11.68 5.44 -2.93 -11.30 -19.89 -28.49 -35.84 -43.19 -48.36 -53.53 -56.17 -58.81 -59.15 -59.50 -58.13
49.06 53.68 58.29 57.14 55.99 48.27 40.55 27.01 13.46 -3.94 -21.35 -40.18 -59.00 -76.87 -94.74 -109.51 -124.27 -134.15 -144.02 -148.00 -151.98 -150.43 -148.87 -143.70 -138.53 -132.63 -126.73 -122.88 -119.02 -118.90 -118.78 -122.62 -126.47 -133.27 -140.07 -147.98 -155.89 -162.59 -169.29 -172.26 -175.24 -172.26 -169.28 -159.17 -149.06 -132.46 -115.87 -95.48 -75.09 -54.91 -34.72 -18.67 -2.62 6.82 16.25 18.63 21.00 17.60 14.20 7.15 0.11 -8.42 -16.94 -25.19 -33.44 -40.17 -46.89 -51.36 -55.83 -57.84 -59.86 -59.70 -59.55 -57.80
49.18 53.19 57.21 55.35 53.49 45.02 36.55 22.31 8.06 -9.87 -27.81 -46.90 -65.99 -83.82 -101.64 -116.08 -130.52 -139.85 -149.17 -152.43 -155.69 -153.28 -150.86 -144.71 -138.55 -131.56 -124.57 -119.50 -114.43 -112.98 -111.53 -113.94 -116.36 -121.70 -127.03 -133.55 -140.06 -145.56 -151.06 -153.17 -155.27 -151.93 -148.58 -138.74 -128.90 -113.25 -97.60 -78.74 -59.88 -41.62 -23.37 -9.45 4.48 11.79 19.11 19.61 20.10 15.28 10.46 2.62 -5.22 -13.90 -22.59 -30.49 -38.39 -44.49 -50.59 -54.36 -58.13 -59.52 -60.91 -60.26 -59.61 -57.47
39.14 42.40 45.66 43.29 40.92 32.29 23.66 9.65 -4.36 -21.67 -38.98 -57.09 -75.20 -91.77 -108.34 -121.40 -134.46 -142.48 -150.49 -152.67 -154.85 -151.65 -148.46 -141.77 -135.08 -127.64 -120.21 -114.63 -109.06 -106.92 -104.77 -106.27 -107.76 -111.96 -116.16 -121.39 -126.63 -130.84 -135.06 -136.10 -137.15 -133.19 -129.24 -119.45 -109.67 -94.80 -79.94 -62.51 -45.07 -28.66 -12.25 -0.34 11.58 16.96 22.35 21.23 20.11 14.17 8.24 -0.10 -8.44 -17.03 -25.62 -32.99 -40.36 -45.71 -51.07 -54.13 -57.19 -58.05 -58.92 -57.99 -57.07 -54.87
29.09 31.60 34.11 31.23 28.35 19.56 10.77 -3.01 -16.78 -33.46 -50.15 -67.27 -84.40 -99.72 -115.04 -126.72 -138.40 -145.11 -151.81 -152.91 -154.01 -150.03 -146.06 -138.83 -131.60 -123.72 -115.85 -109.77 -103.69 -100.86 -98.02 -98.59 -99.16 -102.22 -105.28 -109.23 -113.19 -116.13 -119.07 -119.04 -119.02 -114.46 -109.90 -100.17 -90.43 -76.36 -62.29 -46.27 -30.26 -15.69 -1.13 8.77 18.67 22.13 25.59 22.85 20.11 13.07 6.02 -2.82 -11.67 -20.16 -28.66 -35.49 -42.32 -46.93 -51.55 -53.89 -56.24 -56.58 -56.93 -55.73 -54.52 -52.27
13.57 15.22 16.88 13.63 10.38 1.88 -6.63 -19.45 -32.27 -47.44 -62.60 -77.81 -93.01 -106.17 -119.33 -128.88 -138.43 -143.31 -148.20 -148.06 -147.92 -143.38 -138.83 -131.57 -124.31 -116.67 -109.04 -103.17 -97.31 -94.46 -91.61 -91.83 -92.04 -94.40 -96.76 -99.72 -102.69 -104.51 -106.33 -105.29 -104.25 -99.08 -93.91 -84.20 -74.49 -61.13 -47.77 -33.06 -18.34 -5.41 7.52 15.73 23.95 25.92 27.90 24.07 20.25 12.63 5.02 -3.83 -12.68 -20.69 -28.70 -34.73 -40.76 -44.51 -48.26 -49.91 -51.56 -51.53 -51.50 -50.30 -49.09 -47.14
-1.96 -1.16 -0.36 -3.97 -7.59 -15.81 -24.03 -35.89 -47.76 -61.41 -75.06 -88.34 -101.61 -112.62 -123.62 -131.04 -138.45 -141.52 -144.59 -143.22 -141.84 -136.72 -131.60 -124.31 -117.02 -109.62 -102.23 -96.58 -90.93 -88.06 -85.19 -85.06 -84.92 -86.58 -88.23 -90.21 -92.20 -92.89 -93.59 -91.54 -89.49 -83.71 -77.93 -68.23 -58.54 -45.90 -33.26 -19.84 -6.42 4.88 16.17 22.70 29.23 29.71 30.20 25.29 20.38 12.20 4.02 -4.83 -13.68 -21.21 -28.74 -33.97 -39.21 -42.09 -44.97 -45.93 -46.88 -46.48 -46.08 -44.87 -43.65 -42.02
-15.84 -15.96 -16.07 -20.03 -23.98 -31.77 -39.57 -50.23 -60.89 -72.70 -84.51 -95.51 -106.50 -115.03 -123.57 -128.62 -133.67 -134.85 -136.03 -133.52 -131.00 -125.58 -120.17 -113.27 -106.37 -99.71 -93.05 -88.13 -83.21 -80.80 -78.39 -78.33 -78.27 -79.61 -80.95 -82.30 -83.65 -83.55 -83.45 -80.69 -77.94 -71.81 -65.68 -56.19 -46.70 -34.86 -23.01 -10.84 1.34 11.21 21.09 26.32 31.54 31.08 30.62 25.26 19.89 11.79 3.69 -4.61 -12.91 -19.54 -26.16 -30.34 -34.53 -36.44 -38.35 -38.64 -38.92 -38.29 -37.66 -36.67 -35.68 -34.65
-29.73 -30.76 -31.79 -36.08 -40.37 -47.74 -55.11 -64.57 -74.02 -83.99 -93.96 -102.67 -111.39 -117.45 -123.51 -126.21 -128.90 -128.18 -127.47 -123.81 -120.16 -114.45 -108.74 -102.23 -95.72 -89.79 -83.87 -79.68 -75.48 -73.54 -71.59 -71.61 -71.63 -72.65 -73.67 -74.39 -75.10 -74.20 -73.31 -69.85 -66.38 -59.90 -53.43 -44.15 -34.87 -23.82 -12.77 -1.84 9.10 17.55 26.01 29.93 33.86 32.45 31.05 25.22 19.40 11.37 3.35 -4.40 -12.14 -17.86 -23.58 -26.71 -29.84 -30.79 -31.73 -31.35 -30.97 -30.11 -29.24 -28.48 -27.72 -27.29
-35.54 -37.50 -39.46 -44.20 -48.94 -56.06 -63.18 -71.67 -80.16 -88.54 -96.92 -103.63 -110.33 -114.22 -118.10 -118.76 -119.41 -117.14 -114.86 -110.40 -105.93 -100.23 -94.52 -88.67 -82.81 -77.86 -72.91 -69.64 -66.38 -65.07 -63.77 -64.05 -64.33 -65.26 -66.19 -66.57 -66.95 -65.67 -64.38 -60.68 -56.98 -50.62 -44.25 -35.56 -26.86 -16.85 -6.83 2.81 12.45 19.64 26.83 29.81 32.79 30.96 29.14 23.49 17.84 10.51 3.18 -3.49 -10.17 -14.63 -19.09 -20.98 -22.87 -22.80 -22.73 -21.74 -20.75 -19.78 -18.81 -18.43 -18.05 -18.41
-41.34 -44.24 -47.13 -52.31 -57.50 -64.38 -71.26 -78.78 -86.30 -93.09 -99.88 -104.58 -109.28 -110.98 -112.69 -111.31 -109.92 -106.09 -102.26 -96.98 -91.70 -86.00 -80.31 -75.11 -69.91 -65.93 -61.95 -59.61 -57.28 -56.61 -55.95 -56.49 -57.03 -57.87 -58.71 -58.76 -58.81 -57.13 -55.46 -51.52 -47.58 -41.33 -35.08 -26.97 -18.86 -9.88 -0.89 7.45 15.80 21.73 27.65 29.68 31.72 29.48 27.23 21.76 16.28 9.64 3.01 -2.59 -8.19 -11.40 -14.60 -15.25 -15.90 -14.82 -13.74 -12.14 -10.54 -9.46 -8.38 -8.38 -8.38 -9.54
-36.30 -40.13 -43.95 -49.77 -55.58 -62.60 -69.61 -76.69 -83.76 -89.59 -95.42 -98.78 -102.14 -102.35 -102.57 -99.82 -97.06 -92.25 -87.44 -81.79 -76.14 -70.72 -65.31 -60.88 -56.46 -53.44 -50.42 -48.93 -47.44 -47.32 -47.19 -47.92 -48.65 -49.42 -50.19 -50.10 -50.01 -48.30 -46.59 -42.89 -39.19 -33.56 -27.93 -20.85 -13.76 -6.09 1.57 8.52 15.47 20.22 24.97 26.34 27.72 25.51 23.29 18.51 13.73 8.29 2.86 -1.29 -5.44 -7.16 -8.89 -8.24 -7.59 -5.55 -3.52 -1.42 0.67 1.74 2.81 2.31 1.82 -0.23
-31.26 -36.02 -40.78 -47.22 -53.67 -60.81 -67.96 -74.59 -81.23 -86.09 -90.95 -92.97 -94.99 -93.72 -92.45 -88.32 -84.20 -78.41 -72.63 -66.60 -60.58 -55.44 -50.31 -46.66 -43.00 -40.95 -38.89 -38.25 -37.61 -38.02 -38.44 -39.35 -40.27 -40.98 -41.68 -41.44 -41.20 -39.46 -37.71 -34.26 -30.80 -25.79 -20.79 -14.72 -8.65 -2.31 4.04 9.59 15.14 18.71 22.28 23.00 23.72 21.54 19.35 15.27 11.19 6.94 2.70 0.01 -2.69 -2.93 -3.18 -1.23 0.72 3.71 6.71 9.29 11.88 12.93 13.99 13.00 12.01 9.08
-17.53 -23.20 -28.87 -36.10 -43.34 -50.97 -58.60 -65.34 -72.07 -76.64 -81.21 -82.65 -84.09 -82.10 -80.12 -75.36 -70.60 -64.44 -58.29 -52.31 -46.33 -41.66 -36.99 -34.08 -31.17 -29.89 -28.60 -28.52 -28.44 -29.08 -29.72 -30.56 -31.40 -31.89 -32.38 -32.01 -31.64 -30.06 -28.47 -25.58 -22.69 -18.67 -14.65 -9.91 -5.17 -0.34 4.48 8.58 12.67 15.16 17.64 17.92 18.20 16.35 14.50 11.45 8.39 5.62 2.85 1.76 0.68 1.92 3.16 6.30 9.43 13.19 16.95 19.82 22.70 23.57 24.44 22.86 21.27 17.42
-3.80 -10.38 -16.97 -24.99 -33.01 -41.13 -49.25 -56.08 -62.91 -67.20 -71.48 -72.33 -73.18 -70.48 -67.79 -62.39 -56.99 -50.48 -43.96 -38.02 -32.08 -27.88 -23.68 -21.51 -19.34 -18.83 -18.31 -18.79 -19.28 -20.14 -21.01 -21.77 -22.53 -22.80 -23.08 -22.58 -22.08 -20.65 -19.23 -16.90 -14.58 -11.55 -8.51 -5.10 -1.70 1.62 4.93 7.57 10.21 11.60 13.00 12.84 12.68 11.17 9.66 7.63 5.60 4.30 3.00 3.52 4.04 6.77 9.50 13.82 18.14 22.66 27.19 30.36 33.53 34.21 34.90 32.71 30.53 25.76
12.75 5.35 -2.06 -10.88 -19.71 -28.48 -37.25 -44.51 -51.76 -56.22 -60.67 -61.51 -62.35 -59.57 -56.78 -51.35 -45.91 -39.51 -33.10 -27.50 -21.90 -18.22 -14.54 -12.96 -11.38 -11.31 -11.24 -11.87 -12.51 -13.17 -13.83 -14.14 -14.44 -14.22 -14.00 -13.22 -12.44 -11.16 -9.88 -8.19 -6.50 -4.54 -2.59 -0.58 1.44 3.24 5.04 6.31 7.58 8.04 8.50 8.07 7.64 6.61 5.58 4.67 3.75 3.91 4.06 6.05 8.05 12.02 15.98 21.16 26.34 31.28 36.22 39.36 42.50 42.76 43.03 40.12 37.20 31.51
29.31 21.08 12.85 3.22 -6.41 -15.83 -25.25 -32.93 -40.61 -45.24 -49.87 -50.70 -51.53 -48.65 -45.78 -40.30 -34.82 -28.54 -22.25 -16.98 -11.71 -8.56 -5.41 -4.41 -3.41 -3.79 -4.17 -4.95 -5.74 -6.20 -6.66 -6.51 -6.35 -5.63 -4.91 -3.86 -2.80 -1.66 -0.52 0.53 1.59 2.46 3.33 3.95 4.57 4.86 5.16 5.06 4.96 4.48 4.00 3.30 2.59 2.05 1.51 1.71 1.90 3.51 5.12 8.58 12.05 17.26 22.47 28.51 34.54 39.90 45.25 48.36 51.47 51.32 51.16 47.52 43.88 37.27
