test/esri_led_20/synt_tma+240m_led_20.esri
nrows             510
ncols             462
xllcorner      398000.00
yllcorner     7846000.00
cellsize          500.00
NODATA_value    -9999
[rows 165 to 197 of 510, columns 225 to 299 of 462]
59.16 58.91 58.37 57.83 57.04 56.25 55.28 54.32 53.28 52.24 51.23 50.23 49.36 48.49 47.87 47.24 46.94 46.63 46.69 46.76 47.19 47.63 48.41 49.19 50.24 51.29 52.51 53.72 54.97 56.23 57.40 58.57 59.54 60.52 61.21 61.90 62.27 62.64 62.67 62.70 62.44 62.17 61.66 61.15 60.46 59.77 58.96 58.16 57.30 56.43 55.56 54.69 53.86 53.02 52.25 51.48 50.80 50.12 49.56 49.00 48.57 48.13 47.83 47.53 47.35 47.17 47.10 47.03 47.04 47.05 47.10 47.16 47.21 47.27 47.31
57.13 57.09 56.74 56.38 55.76 55.14 54.33 53.53 52.63 51.73 50.85 49.98 49.23 48.49 47.97 47.46 47.27 47.07 47.24 47.41 47.96 48.50 49.38 50.26 51.40 52.53 53.81 55.09 56.38 57.67 58.85 60.02 60.97 61.92 62.56 63.20 63.49 63.78 63.71 63.65 63.27 62.89 62.25 61.62 60.80 59.98 59.04 58.10 57.11 56.12 55.12 54.11 53.15 52.18 51.28 50.38 49.57 48.77 48.08 47.38 46.83 46.27 45.85 45.43 45.14 44.86 44.70 44.54 44.48 44.42 44.43 44.43 44.47 44.50 44.54
55.11 55.27 55.10 54.93 54.49 54.04 53.39 52.74 51.98 51.22 50.48 49.73 49.10 48.48 48.08 47.68 47.60 47.51 47.79 48.07 48.72 49.38 50.35 51.33 52.55 53.77 55.11 56.46 57.78 59.11 60.30 61.48 62.41 63.33 63.92 64.50 64.71 64.92 64.76 64.59 64.10 63.61 62.85 62.09 61.14 60.19 59.12 58.05 56.92 55.80 54.67 53.53 52.44 51.34 50.31 49.28 48.34 47.41 46.59 45.77 45.09 44.40 43.87 43.33 42.94 42.55 42.30 42.05 41.92 41.79 41.75 41.71 41.72 41.73 41.77
53.17 53.54 53.57 53.60 53.34 53.08 52.60 52.12 51.51 50.91 50.30 49.69 49.19 48.69 48.41 48.12 48.14 48.17 48.54 48.92 49.67 50.41 51.47 52.53 53.81 55.10 56.49 57.87 59.22 60.57 61.74 62.92 63.81 64.70 65.22 65.75 65.88 66.01 65.75 65.49 64.89 64.29 63.42 62.55 61.49 60.43 59.24 58.06 56.83 55.59 54.35 53.11 51.91 50.71 49.57 48.44 47.40 46.36 45.44 44.52 43.73 42.94 42.31 41.67 41.18 40.70 40.37 40.04 39.84 39.64 39.55 39.46 39.44 39.42 39.44
51.23 51.81 52.04 52.27 52.20 52.12 51.81 51.50 51.05 50.60 50.13 49.66 49.28 48.91 48.74 48.56 48.69 48.82 49.30 49.77 50.61 51.44 52.58 53.72 55.08 56.43 57.86 59.29 60.66 62.02 63.19 64.36 65.21 66.07 66.53 67.00 67.05 67.10 66.74 66.39 65.68 64.98 64.00 63.01 61.84 60.66 59.37 58.07 56.73 55.38 54.04 52.69 51.38 50.08 48.84 47.60 46.46 45.32 44.29 43.26 42.37 41.48 40.75 40.01 39.43 38.85 38.44 38.03 37.76 37.50 37.36 37.22 37.17 37.12 37.12
49.47 50.25 50.68 51.11 51.22 51.32 51.19 51.05 50.76 50.46 50.13 49.80 49.55 49.29 49.23 49.17 49.39 49.61 50.18 50.74 51.65 52.56 53.76 54.96 56.36 57.75 59.21 60.66 62.03 63.40 64.55 65.70 66.51 67.32 67.73 68.13 68.10 68.08 67.64 67.19 66.40 65.60 64.52 63.44 62.17 60.90 59.52 58.13 56.70 55.26 53.84 52.41 51.02 49.63 48.32 47.01 45.79 44.57 43.47 42.36 41.40 40.43 39.61 38.80 38.15 37.50 37.02 36.53 36.21 35.89 35.70 35.52 35.43 35.35 35.33
47.70 48.69 49.32 49.94 50.24 50.53 50.56 50.60 50.46 50.33 50.13 49.94 49.81 49.68 49.73 49.77 50.09 50.41 51.06 51.71 52.69 53.67 54.93 56.20 57.64 59.08 60.56 62.04 63.41 64.78 65.91 67.03 67.81 68.58 68.92 69.26 69.16 69.06 68.53 68.00 67.11 66.22 65.05 63.87 62.51 61.14 59.66 58.19 56.67 55.15 53.63 52.12 50.66 49.19 47.80 46.41 45.12 43.82 42.64 41.46 40.42 39.37 38.48 37.59 36.86 36.14 35.59 35.04 34.66 34.28 34.05 33.81 33.70 33.58 33.54
46.11 47.29 48.09 48.90 49.37 49.84 50.04 50.23 50.25 50.27 50.21 50.15 50.14 50.12 50.27 50.42 50.83 51.23 51.95 52.67 53.71 54.75 56.06 57.36 58.83 60.29 61.78 63.27 64.63 65.99 67.09 68.19 68.91 69.64 69.93 70.21 70.04 69.87 69.27 68.67 67.71 66.74 65.49 64.24 62.81 61.37 59.82 58.27 56.69 55.11 53.53 51.96 50.44 48.93 47.48 46.04 44.70 43.36 42.13 40.90 39.80 38.71 37.77 36.82 36.05 35.28 34.68 34.08 33.66 33.24 32.96 32.69 32.54 32.39 32.33
44.52 45.88 46.87 47.86 48.50 49.15 49.51 49.87 50.04 50.20 50.28 50.36 50.46 50.57 50.82 51.07 51.56 52.05 52.84 53.63 54.73 55.83 57.18 58.53 60.02 61.51 63.00 64.50 65.85 67.20 68.27 69.34 70.02 70.70 70.93 71.16 70.92 70.69 70.02 69.34 68.30 67.26 65.94 64.61 63.10 61.59 59.98 58.36 56.71 55.06 53.44 51.81 50.23 48.66 47.17 45.68 44.28 42.89 41.61 40.34 39.19 38.05 37.05 36.06 35.24 34.41 33.77 33.13 32.66 32.19 31.88 31.57 31.39 31.21 31.13
43.04 44.56 45.71 46.85 47.66 48.46 48.97 49.48 49.79 50.09 50.30 50.50 50.72 50.94 51.28 51.63 52.20 52.77 53.62 54.47 55.61 56.76 58.13 59.51 61.01 62.51 64.00 65.49 66.82 68.15 69.19 70.23 70.87 71.51 71.69 71.87 71.59 71.30 70.57 69.85 68.75 67.66 66.29 64.92 63.36 61.80 60.14 58.48 56.79 55.10 53.44 51.78 50.17 48.57 47.05 45.53 44.12 42.70 41.40 40.10 38.94 37.77 36.75 35.74 34.89 34.04 33.37 32.70 32.21 31.71 31.38 31.05 30.84 30.64 30.53
41.55 43.23 44.54 45.85 46.81 47.77 48.43 49.09 49.54 49.99 50.32 50.65 50.98 51.31 51.75 52.19 52.83 53.48 54.40 55.31 56.50 57.68 59.09 60.49 62.00 63.52 65.00 66.48 67.79 69.11 70.11 71.11 71.71 72.31 72.45 72.58 72.25 71.91 71.13 70.35 69.21 68.06 66.64 65.22 63.61 62.00 60.30 58.60 56.87 55.14 53.44 51.74 50.11 48.48 46.94 45.39 43.95 42.51 41.19 39.87 38.68 37.49 36.45 35.41 34.54 33.67 32.97 32.28 31.76 31.24 30.88 30.52 30.29 30.06 29.93
40.12 41.92 43.36 44.80 45.90 46.99 47.78 48.58 49.15 49.73 50.17 50.62 51.06 51.49 52.02 52.55 53.27 53.99 54.96 55.93 57.15 58.38 59.80 61.22 62.73 64.24 65.71 67.19 68.47 69.76 70.73 71.70 72.27 72.83 72.93 73.03 72.66 72.29 71.49 70.68 69.51 68.34 66.89 65.45 63.82 62.19 60.47 58.75 57.01 55.27 53.56 51.85 50.21 48.57 47.02 45.47 44.03 42.60 41.28 39.96 38.77 37.58 36.54 35.51 34.63 33.76 33.06 32.36 31.83 31.31 30.94 30.57 30.32 30.08 29.94
38.68 40.61 42.19 43.76 44.99 46.21 47.14 48.07 48.77 49.47 50.03 50.60 51.14 51.67 52.29 52.92 53.71 54.50 55.53 56.55 57.81 59.07 60.51 61.95 63.46 64.97 66.43 67.89 69.15 70.41 71.35 72.29 72.82 73.35 73.41 73.48 73.08 72.67 71.84 71.01 69.81 68.61 67.15 65.68 64.03 62.39 60.65 58.91 57.15 55.40 53.67 51.95 50.31 48.66 47.11 45.56 44.12 42.68 41.36 40.04 38.86 37.67 36.64 35.60 34.73 33.85 33.15 32.45 31.91 31.38 30.99 30.61 30.36 30.10 29.94
37.28 39.31 40.99 42.67 44.00 45.34 46.38 47.41 48.22 49.03 49.70 50.37 51.01 51.64 52.35 53.06 53.92 54.79 55.86 56.94 58.23 59.52 60.97 62.41 63.92 65.43 66.86 68.30 69.53 70.76 71.67 72.58 73.08 73.59 73.63 73.68 73.26 72.84 72.00 71.16 69.97 68.77 67.31 65.85 64.21 62.57 60.84 59.11 57.36 55.62 53.91 52.20 50.57 48.93 47.40 45.86 44.44 43.02 41.73 40.43 39.27 38.11 37.10 36.08 35.23 34.38 33.69 33.00 32.48 31.95 31.57 31.20 30.94 30.68 30.52
35.88 38.01 39.79 41.58 43.02 44.46 45.61 46.76 47.68 48.59 49.37 50.14 50.88 51.61 52.40 53.20 54.13 55.07 56.19 57.32 58.64 59.96 61.42 62.88 64.38 65.88 67.30 68.71 69.92 71.12 72.00 72.88 73.35 73.82 73.85 73.87 73.44 73.01 72.16 71.32 70.12 68.93 67.47 66.02 64.39 62.75 61.03 59.31 57.58 55.84 54.14 52.44 50.82 49.21 47.69 46.17 44.77 43.37 42.10 40.83 39.69 38.55 37.56 36.57 35.74 34.90 34.23 33.56 33.04 32.53 32.15 31.78 31.52 31.26 31.09
34.58 36.79 38.65 40.51 42.04 43.57 44.80 46.03 47.04 48.05 48.91 49.78 50.60 51.42 52.29 53.17 54.17 55.17 56.35 57.52 58.87 60.22 61.68 63.15 64.63 66.12 67.51 68.90 70.07 71.24 72.09 72.94 73.38 73.83 73.84 73.85 73.42 73.00 72.16 71.33 70.16 68.99 67.57 66.14 64.54 62.94 61.26 59.57 57.86 56.16 54.50 52.83 51.24 49.66 48.18 46.69 45.33 43.97 42.74 41.50 40.41 39.31 38.36 37.41 36.61 35.82 35.18 34.54 34.05 33.56 33.20 32.84 32.59 32.34 32.17
33.29 35.57 37.51 39.45 41.06 42.67 43.99 45.31 46.41 47.50 48.46 49.42 50.32 51.23 52.19 53.14 54.21 55.28 56.50 57.72 59.10 60.47 61.94 63.41 64.88 66.36 67.72 69.08 70.22 71.36 72.18 72.99 73.42 73.84 73.84 73.84 73.41 72.98 72.16 71.35 70.20 69.05 67.66 66.26 64.70 63.13 61.48 59.82 58.15 56.48 54.85 53.22 51.66 50.11 48.66 47.22 45.89 44.57 43.37 42.18 41.12 40.07 39.16 38.25 37.49 36.73 36.12 35.51 35.05 34.58 34.24 33.90 33.66 33.42 33.25
32.25 34.58 36.57 38.56 40.23 41.89 43.28 44.66 45.83 46.99 48.02 49.05 50.03 51.02 52.04 53.06 54.19 55.32 56.59 57.85 59.25 60.64 62.11 63.58 65.03 66.48 67.81 69.14 70.24 71.34 72.12 72.90 73.30 73.69 73.68 73.67 73.25 72.83 72.04 71.25 70.15 69.04 67.69 66.35 64.84 63.32 61.73 60.13 58.51 56.89 55.31 53.73 52.22 50.72 49.33 47.93 46.66 45.39 44.25 43.11 42.11 41.11 40.25 39.40 38.69 37.98 37.41 36.85 36.42 35.99 35.67 35.36 35.13 34.91 34.76
31.21 33.59 35.63 37.67 39.40 41.12 42.57 44.01 45.25 46.48 47.58 48.68 49.74 50.80 51.89 52.99 54.17 55.36 56.67 57.98 59.40 60.81 62.28 63.75 65.18 66.61 67.90 69.20 70.26 71.31 72.06 72.80 73.17 73.55 73.53 73.50 73.09 72.69 71.92 71.16 70.09 69.03 67.73 66.43 64.98 63.52 61.97 60.43 58.86 57.30 55.77 54.24 52.79 51.34 49.99 48.65 47.43 46.21 45.12 44.04 43.09 42.15 41.35 40.54 39.89 39.23 38.70 38.18 37.79 37.39 37.10 36.81 36.61 36.41 36.28
30.59 32.99 35.07 37.14 38.90 40.65 42.13 43.62 44.89 46.17 47.32 48.48 49.59 50.71 51.86 53.01 54.25 55.48 56.82 58.17 59.59 61.02 62.48 63.93 65.33 66.73 67.98 69.22 70.23 71.24 71.94 72.63 72.97 73.31 73.28 73.25 72.85 72.45 71.72 70.99 69.97 68.96 67.72 66.49 65.10 63.71 62.24 60.76 59.27 57.77 56.31 54.85 53.46 52.08 50.80 49.52 48.37 47.21 46.20 45.18 44.30 43.42 42.68 41.94 41.34 40.74 40.27 39.80 39.45 39.10 38.84 38.59 38.41 38.24 38.13
29.97 32.40 34.50 36.61 38.39 40.18 41.70 43.22 44.54 45.86 47.07 48.27 49.44 50.62 51.82 53.03 54.32 55.60 56.98 58.35 59.79 61.23 62.67 64.11 65.48 66.85 68.05 69.25 70.21 71.17 71.82 72.47 72.77 73.08 73.03 72.99 72.60 72.21 71.51 70.81 69.85 68.89 67.71 66.54 65.22 63.90 62.50 61.10 59.67 58.25 56.85 55.46 54.14 52.82 51.61 50.40 49.31 48.22 47.27 46.32 45.50 44.69 44.02 43.34 42.80 42.26 41.84 41.42 41.11 40.80 40.58 40.36 40.22 40.07 39.98
29.90 32.34 34.45 36.57 38.36 40.16 41.69 43.22 44.56 45.90 47.13 48.37 49.57 50.78 52.02 53.27 54.59 55.90 57.29 58.69 60.12 61.56 62.97 64.39 65.71 67.03 68.17 69.32 70.21 71.10 71.69 72.28 72.55 72.81 72.74 72.68 72.29 71.91 71.24 70.58 69.67 68.76 67.66 66.56 65.32 64.08 62.76 61.44 60.09 58.75 57.44 56.13 54.89 53.65 52.52 51.38 50.37 49.36 48.49 47.61 46.88 46.14 45.54 44.93 44.46 43.98 43.62 43.25 42.99 42.73 42.55 42.37 42.25 42.14 42.08
29.83 32.28 34.40 36.53 38.33 40.14 41.68 43.22 44.58 45.94 47.20 48.46 49.70 50.94 52.23 53.51 54.85 56.20 57.61 59.02 60.45 61.88 63.28 64.67 65.94 67.22 68.30 69.38 70.21 71.03 71.57 72.10 72.32 72.54 72.45 72.36 71.99 71.61 70.98 70.34 69.49 68.63 67.60 66.57 65.41 64.25 63.01 61.77 60.52 59.26 58.03 56.80 55.64 54.48 53.43 52.37 51.44 50.51 49.71 48.91 48.25 47.59 47.05 46.52 46.11 45.70 45.39 45.09 44.87 44.65 44.51 44.37 44.29 44.21 44.18
30.38 32.83 34.94 37.05 38.84 40.63 42.16 43.70 45.05 46.40 47.66 48.93 50.18 51.43 52.73 54.02 55.38 56.73 58.14 59.54 60.95 62.36 63.71 65.06 66.27 67.48 68.49 69.50 70.24 70.99 71.45 71.91 72.07 72.24 72.12 72.01 71.63 71.26 70.65 70.05 69.25 68.45 67.49 66.53 65.45 64.38 63.23 62.08 60.92 59.75 58.62 57.48 56.41 55.35 54.38 53.42 52.57 51.73 51.02 50.31 49.73 49.15 48.69 48.23 47.89 47.55 47.30 47.05 46.88 46.72 46.62 46.51 46.47 46.42 46.43
30.93 33.37 35.47 37.57 39.35 41.13 42.65 44.17 45.52 46.86 48.13 49.39 50.65 51.92 53.23 54.53 55.90 57.26 58.67 60.07 61.46 62.84 64.15 65.45 66.60 67.75 68.68 69.61 70.28 70.94 71.33 71.72 71.83 71.94 71.79 71.65 71.27 70.90 70.32 69.75 69.00 68.26 67.37 66.48 65.49 64.50 63.45 62.39 61.32 60.25 59.21 58.16 57.19 56.21 55.34 54.46 53.71 52.95 52.33 51.70 51.20 50.71 50.33 49.95 49.67 49.40 49.21 49.02 48.90 48.78 48.72 48.66 48.65 48.64 48.67
32.07 34.49 36.57 38.64 40.39 42.13 43.62 45.10 46.42 47.74 48.98 50.22 51.47 52.72 54.01 55.31 56.65 58.00 59.38 60.75 62.09 63.44 64.68 65.92 66.99 68.06 68.90 69.74 70.31 70.89 71.19 71.50 71.54 71.59 71.41 71.23 70.85 70.47 69.92 69.37 68.68 67.99 67.18 66.37 65.46 64.56 63.60 62.64 61.67 60.70 59.76 58.82 57.94 57.07 56.29 55.52 54.86 54.20 53.67 53.13 52.72 52.31 52.01 51.71 51.51 51.30 51.17 51.04 50.97 50.90 50.88 50.86 50.88 50.91 50.98
33.21 35.61 37.66 39.71 41.42 43.14 44.59 46.04 47.33 48.61 49.83 51.05 52.28 53.51 54.80 56.08 57.41 58.74 60.09 61.44 62.73 64.03 65.21 66.39 67.37 68.36 69.11 69.86 70.35 70.83 71.05 71.27 71.26 71.24 71.03 70.81 70.43 70.04 69.52 69.00 68.36 67.72 66.98 66.25 65.43 64.62 63.75 62.89 62.02 61.15 60.31 59.47 58.69 57.92 57.24 56.57 56.01 55.44 55.01 54.57 54.24 53.92 53.70 53.48 53.34 53.20 53.13 53.06 53.04 53.02 53.04 53.05 53.11 53.17 53.28
34.83 37.21 39.21 41.22 42.88 44.55 45.95 47.35 48.58 49.82 50.99 52.17 53.36 54.55 55.79 57.03 58.32 59.61 60.91 62.20 63.43 64.66 65.75 66.85 67.74 68.64 69.28 69.93 70.32 70.70 70.84 70.97 70.89 70.81 70.56 70.31 69.92 69.53 69.03 68.54 67.95 67.37 66.70 66.04 65.31 64.58 63.82 63.06 62.29 61.52 60.79 60.05 59.38 58.72 58.14 57.57 57.11 56.65 56.31 55.97 55.74 55.51 55.37 55.23 55.16 55.09 55.08 55.06 55.08 55.11 55.16 55.22 55.31 55.41 55.55
36.46 38.80 40.76 42.72 44.34 45.95 47.30 48.65 49.84 51.02 52.15 53.28 54.43 55.58 56.79 57.99 59.24 60.48 61.72 62.96 64.13 65.29 66.30 67.31 68.11 68.91 69.45 70.00 70.29 70.57 70.62 70.67 70.53 70.38 70.09 69.80 69.41 69.02 68.55 68.08 67.54 67.01 66.42 65.83 65.19 64.55 63.89 63.22 62.56 61.89 61.26 60.63 60.07 59.51 59.04 58.58 58.22 57.86 57.62 57.38 57.23 57.09 57.03 56.97 56.98 56.98 57.02 57.06 57.13 57.20 57.29 57.38 57.51 57.64 57.81
38.41 40.70 42.61 44.51 46.06 47.61 48.90 50.18 51.30 52.42 53.49 54.55 55.64 56.73 57.87 59.02 60.20 61.38 62.54 63.70 64.78 65.85 66.77 67.68 68.37 69.07 69.50 69.94 70.13 70.32 70.28 70.25 70.04 69.84 69.52 69.20 68.80 68.41 67.97 67.53 67.05 66.57 66.05 65.53 64.98 64.43 63.87 63.30 62.73 62.17 61.65 61.12 60.67 60.22 59.86 59.50 59.24 58.99 58.84 58.70 58.65 58.59 58.61 58.63 58.70 58.77 58.86 58.96 59.07 59.18 59.30 59.43 59.58 59.74 59.94
40.36 42.60 44.45 46.30 47.79 49.27 50.49 51.71 52.76 53.82 54.82 55.82 56.85 57.88 58.96 60.04 61.15 62.27 63.36 64.44 65.43 66.42 67.24 68.05 68.64 69.22 69.55 69.89 69.97 70.06 69.94 69.82 69.56 69.29 68.94 68.59 68.20 67.80 67.39 66.98 66.55 66.13 65.68 65.24 64.78 64.32 63.84 63.37 62.91 62.45 62.03 61.62 61.27 60.92 60.67 60.41 60.27 60.12 60.07 60.02 60.06 60.09 60.19 60.29 60.43 60.56 60.71 60.85 61.01 61.16 61.31 61.47 61.66 61.84 62.07
42.44 44.62 46.40 48.18 49.59 51.00 52.14 53.28 54.26 55.24 56.17 57.10 58.05 59.00 60.01 61.01 62.04 63.07 64.07 65.06 65.95 66.84 67.54 68.25 68.72 69.20 69.43 69.66 69.65 69.64 69.45 69.26 68.95 68.64 68.26 67.89 67.51 67.12 66.74 66.37 66.00 65.63 65.26 64.89 64.51 64.13 63.75 63.37 63.01 62.65 62.33 62.01 61.77 61.52 61.37 61.22 61.17 61.12 61.16 61.21 61.33 61.45 61.62 61.79 61.99 62.18 62.38 62.57 62.76 62.94 63.13 63.31 63.52 63.72 63.98
44.53 46.65 48.35 50.05 51.39 52.73 53.80 54.86 55.76 56.67 57.52 58.38 59.25 60.13 61.06 61.98 62.93 63.87 64.78 65.68 66.47 67.25 67.85 68.45 68.81 69.18 69.30 69.42 69.33 69.23 68.96 68.70 68.34 67.98 67.59 67.19 66.82 66.44 66.10 65.75 65.44 65.13 64.83 64.53 64.24 63.94 63.66 63.37 63.10 62.84 62.62 62.41 62.26 62.12 62.07 62.02 62.07 62.12 62.26 62.39 62.60 62.81 63.05 63.30 63.55 63.81 64.05 64.29 64.51 64.73 64.94 65.15 65.38 65.61 65.89
