test/esri_led_20/synt_tma_0m_led_20.esri
nrows             510
ncols             462
xllcorner      398000.00
yllcorner     7846000.00
cellsize          500.00
NODATA_value    -9999
[rows 132 to 164 of 510, columns 300 to 374 of 462]
77.17 74.76 72.35 69.74 67.13 64.42 61.72 59.04 56.36 53.85 51.34 49.14 46.94 45.18 43.42 42.19 40.96 40.28 39.61 39.45 39.28 39.54 39.80 40.36 40.92 41.69 42.45 43.36 44.27 45.30 46.32 47.47 48.62 49.90 51.19 52.62 54.06 55.64 57.22 58.90 60.58 62.29 64.00 65.63 67.27 68.72 70.16 71.31 72.45 73.21 73.96 74.27 74.58 74.42 74.26 73.65 73.04 72.01 70.97 69.56 68.15 66.42 64.69 62.70 60.71 58.54 56.36 54.08 51.79 49.47 47.15 44.86 42.58 40.40 38.23
80.27 77.95 75.63 73.10 70.57 67.94 65.31 62.69 60.08 57.61 55.14 52.95 50.77 49.00 47.23 45.96 44.69 43.95 43.21 42.96 42.72 42.87 43.03 43.48 43.93 44.58 45.23 46.02 46.80 47.69 48.59 49.58 50.58 51.69 52.81 54.05 55.29 56.65 58.01 59.46 60.91 62.37 63.84 65.24 66.64 67.87 69.09 70.05 71.00 71.61 72.21 72.41 72.61 72.38 72.16 71.52 70.88 69.85 68.82 67.44 66.06 64.38 62.71 60.80 58.89 56.82 54.74 52.57 50.41 48.22 46.04 43.91 41.78 39.78 37.77
83.14 80.90 78.67 76.23 73.79 71.24 68.69 66.14 63.59 61.17 58.75 56.59 54.43 52.65 50.88 49.57 48.26 47.45 46.63 46.29 45.95 45.99 46.03 46.36 46.69 47.22 47.74 48.40 49.06 49.82 50.58 51.44 52.29 53.25 54.21 55.27 56.33 57.49 58.65 59.88 61.11 62.35 63.59 64.77 65.94 66.96 67.98 68.76 69.53 70.00 70.46 70.57 70.67 70.39 70.12 69.47 68.81 67.81 66.80 65.48 64.15 62.56 60.96 59.16 57.35 55.39 53.43 51.40 49.37 47.34 45.31 43.36 41.40 39.57 37.74
86.00 83.85 81.70 79.35 77.00 74.53 72.06 69.58 67.10 64.73 62.36 60.23 58.09 56.30 54.52 53.17 51.82 50.94 50.06 49.62 49.17 49.10 49.03 49.24 49.45 49.85 50.26 50.79 51.32 51.95 52.58 53.29 54.01 54.80 55.60 56.49 57.37 58.33 59.29 60.30 61.31 62.33 63.34 64.29 65.24 66.05 66.87 67.46 68.06 68.39 68.71 68.72 68.73 68.40 68.08 67.41 66.75 65.77 64.79 63.52 62.25 60.73 59.22 57.51 55.80 53.96 52.13 50.23 48.34 46.47 44.59 42.80 41.01 39.36 37.71
88.49 86.43 84.37 82.11 79.84 77.46 75.07 72.67 70.26 67.95 65.63 63.53 61.43 59.64 57.86 56.48 55.10 54.15 53.20 52.67 52.13 51.95 51.77 51.86 51.95 52.23 52.51 52.92 53.33 53.83 54.34 54.92 55.50 56.16 56.81 57.54 58.26 59.04 59.82 60.64 61.45 62.26 63.06 63.81 64.55 65.17 65.79 66.23 66.66 66.86 67.06 66.99 66.92 66.55 66.19 65.53 64.87 63.93 62.98 61.78 60.58 59.16 57.74 56.15 54.56 52.85 51.15 49.40 47.66 45.95 44.23 42.62 41.00 39.53 38.07
90.98 89.01 87.04 84.86 82.68 80.38 78.08 75.75 73.42 71.16 68.90 66.83 64.76 62.98 61.20 59.79 58.37 57.36 56.35 55.72 55.09 54.80 54.50 54.47 54.44 54.60 54.76 55.04 55.33 55.72 56.10 56.55 57.00 57.51 58.03 58.59 59.15 59.75 60.35 60.97 61.59 62.18 62.78 63.32 63.86 64.29 64.72 64.99 65.27 65.34 65.41 65.26 65.10 64.70 64.30 63.64 62.99 62.08 61.18 60.05 58.92 57.59 56.26 54.79 53.31 51.74 50.17 48.57 46.98 45.43 43.87 42.43 40.99 39.71 38.42
93.00 91.11 89.21 87.12 85.02 82.80 80.58 78.33 76.07 73.88 71.69 69.67 67.64 65.88 64.11 62.68 61.25 60.19 59.12 58.42 57.71 57.32 56.93 56.79 56.65 56.69 56.74 56.92 57.10 57.37 57.64 57.97 58.31 58.69 59.07 59.49 59.91 60.35 60.80 61.24 61.68 62.09 62.50 62.86 63.21 63.47 63.72 63.85 63.98 63.94 63.90 63.68 63.45 63.02 62.59 61.95 61.31 60.45 59.59 58.54 57.49 56.27 55.04 53.69 52.34 50.91 49.48 48.04 46.60 45.22 43.84 42.57 41.31 40.20 39.10
95.02 93.20 91.39 89.37 87.36 85.22 83.09 80.91 78.73 76.61 74.48 72.50 70.52 68.77 67.02 65.58 64.13 63.01 61.90 61.12 60.33 59.84 59.35 59.11 58.86 58.79 58.73 58.79 58.86 59.02 59.17 59.39 59.61 59.87 60.12 60.40 60.68 60.96 61.24 61.50 61.77 61.99 62.22 62.39 62.56 62.64 62.73 62.71 62.69 62.54 62.39 62.10 61.80 61.35 60.89 60.26 59.62 58.82 58.01 57.03 56.06 54.94 53.82 52.59 51.37 50.08 48.79 47.51 46.23 45.01 43.80 42.71 41.62 40.70 39.78
96.46 94.72 92.97 91.04 89.10 87.04 84.98 82.89 80.79 78.73 76.68 74.75 72.83 71.11 69.40 67.96 66.51 65.37 64.23 63.39 62.56 61.99 61.43 61.09 60.75 60.59 60.44 60.41 60.38 60.43 60.49 60.60 60.72 60.86 61.00 61.15 61.30 61.44 61.58 61.69 61.80 61.86 61.92 61.92 61.92 61.86 61.79 61.64 61.49 61.24 61.00 60.64 60.29 59.81 59.33 58.72 58.10 57.35 56.59 55.70 54.81 53.80 52.80 51.70 50.61 49.47 48.33 47.21 46.09 45.05 44.01 43.10 42.18 41.44 40.70
97.91 96.23 94.56 92.70 90.84 88.86 86.88 84.86 82.84 80.86 78.87 77.00 75.14 73.46 71.78 70.34 68.90 67.73 66.57 65.67 64.78 64.14 63.50 63.08 62.65 62.40 62.14 62.02 61.89 61.85 61.81 61.82 61.83 61.86 61.88 61.91 61.93 61.93 61.92 61.87 61.82 61.72 61.62 61.45 61.29 61.07 60.85 60.57 60.29 59.94 59.60 59.19 58.77 58.27 57.77 57.18 56.58 55.88 55.18 54.37 53.57 52.67 51.77 50.81 49.84 48.86 47.87 46.91 45.96 45.09 44.22 43.48 42.75 42.19 41.62
98.71 97.10 95.49 93.70 91.91 90.00 88.10 86.16 84.22 82.31 80.40 78.60 76.81 75.18 73.55 72.14 70.73 69.56 68.39 67.47 66.55 65.86 65.17 64.69 64.20 63.87 63.55 63.34 63.13 63.01 62.88 62.79 62.71 62.64 62.56 62.47 62.38 62.25 62.11 61.92 61.73 61.48 61.23 60.92 60.61 60.26 59.90 59.50 59.11 58.68 58.25 57.78 57.31 56.80 56.28 55.71 55.14 54.49 53.85 53.13 52.41 51.63 50.85 50.03 49.20 48.37 47.54 46.76 45.97 45.28 44.59 44.04 43.48 43.10 42.71
99.50 97.96 96.42 94.70 92.98 91.15 89.32 87.46 85.60 83.77 81.94 80.20 78.47 76.90 75.32 73.94 72.55 71.38 70.22 69.27 68.32 67.59 66.85 66.30 65.75 65.35 64.95 64.66 64.37 64.16 63.95 63.77 63.59 63.42 63.24 63.03 62.83 62.56 62.30 61.97 61.64 61.25 60.85 60.39 59.94 59.44 58.95 58.44 57.93 57.41 56.89 56.37 55.85 55.32 54.79 54.24 53.69 53.10 52.51 51.89 51.26 50.59 49.93 49.24 48.56 47.89 47.22 46.60 45.99 45.47 44.96 44.59 44.22 44.01 43.81
99.61 98.13 96.65 94.99 93.34 91.59 89.83 88.05 86.27 84.52 82.77 81.12 79.46 77.95 76.44 75.11 73.77 72.63 71.49 70.54 69.60 68.84 68.08 67.49 66.90 66.45 66.00 65.65 65.30 65.01 64.73 64.47 64.21 63.93 63.66 63.35 63.03 62.65 62.27 61.82 61.36 60.83 60.30 59.71 59.13 58.52 57.90 57.29 56.68 56.08 55.49 54.93 54.36 53.82 53.28 52.75 52.23 51.70 51.17 50.64 50.10 49.56 49.02 48.48 47.94 47.44 46.94 46.50 46.07 45.74 45.42 45.23 45.05 45.02 45.00
99.71 98.29 96.88 95.29 93.70 92.03 90.35 88.64 86.94 85.27 83.60 82.03 80.45 79.01 77.57 76.28 74.99 73.88 72.76 71.82 70.87 70.10 69.32 68.69 68.06 67.56 67.05 66.64 66.23 65.87 65.51 65.16 64.82 64.45 64.08 63.66 63.24 62.74 62.24 61.66 61.08 60.41 59.75 59.04 58.32 57.59 56.86 56.14 55.43 54.76 54.09 53.48 52.87 52.32 51.77 51.27 50.76 50.29 49.83 49.38 48.94 48.52 48.10 47.72 47.33 46.99 46.66 46.40 46.15 46.01 45.87 45.87 45.88 46.03 46.19
99.11 97.76 96.40 94.88 93.37 91.76 90.16 88.53 86.91 85.33 83.75 82.26 80.77 79.40 78.04 76.82 75.60 74.53 73.46 72.54 71.62 70.85 70.08 69.43 68.79 68.25 67.72 67.25 66.79 66.37 65.95 65.53 65.10 64.65 64.19 63.67 63.14 62.54 61.93 61.23 60.52 59.74 58.96 58.14 57.31 56.47 55.63 54.83 54.03 53.30 52.57 51.92 51.27 50.72 50.16 49.68 49.21 48.81 48.40 48.06 47.71 47.42 47.13 46.90 46.67 46.51 46.35 46.29 46.23 46.29 46.34 46.54 46.74 47.08 47.42
98.51 97.22 95.93 94.48 93.03 91.50 89.96 88.42 86.88 85.38 83.89 82.48 81.08 79.79 78.51 77.35 76.20 75.18 74.15 73.26 72.37 71.60 70.84 70.18 69.52 68.95 68.38 67.87 67.36 66.87 66.39 65.89 65.39 64.84 64.30 63.67 63.05 62.33 61.61 60.79 59.97 59.08 58.18 57.23 56.29 55.35 54.41 53.52 52.64 51.84 51.04 50.36 49.67 49.11 48.55 48.10 47.66 47.32 46.98 46.73 46.49 46.33 46.17 46.09 46.02 46.04 46.05 46.18 46.31 46.56 46.81 47.21 47.60 48.12 48.65
97.22 96.00 94.78 93.40 92.02 90.57 89.11 87.65 86.19 84.78 83.38 82.06 80.75 79.55 78.35 77.28 76.20 75.24 74.28 73.43 72.59 71.84 71.10 70.45 69.79 69.20 68.62 68.07 67.52 66.98 66.44 65.87 65.30 64.67 64.04 63.32 62.60 61.77 60.95 60.03 59.11 58.10 57.10 56.06 55.02 53.99 52.97 52.01 51.05 50.20 49.35 48.64 47.93 47.37 46.81 46.40 45.99 45.72 45.45 45.30 45.16 45.14 45.11 45.20 45.29 45.49 45.70 46.02 46.35 46.81 47.26 47.85 48.44 49.16 49.87
95.93 94.78 93.63 92.32 91.02 89.64 88.26 86.88 85.50 84.18 82.86 81.64 80.42 79.31 78.20 77.20 76.20 75.30 74.41 73.61 72.80 72.09 71.37 70.71 70.06 69.46 68.85 68.27 67.68 67.09 66.49 65.85 65.21 64.49 63.78 62.96 62.15 61.22 60.29 59.27 58.24 57.13 56.03 54.89 53.75 52.64 51.52 50.49 49.46 48.56 47.66 46.93 46.19 45.63 45.07 44.70 44.32 44.12 43.92 43.88 43.84 43.95 44.06 44.31 44.57 44.95 45.34 45.87 46.39 47.05 47.71 48.50 49.28 50.19 51.09
94.00 92.93 91.85 90.63 89.40 88.10 86.81 85.51 84.22 82.99 81.77 80.64 79.51 78.49 77.47 76.55 75.64 74.81 73.99 73.25 72.50 71.82 71.13 70.50 69.86 69.25 68.64 68.03 67.42 66.77 66.13 65.42 64.72 63.92 63.12 62.22 61.31 60.29 59.27 58.15 57.03 55.84 54.64 53.43 52.21 51.03 49.85 48.77 47.69 46.75 45.82 45.07 44.32 43.77 43.23 42.89 42.56 42.43 42.30 42.37 42.44 42.69 42.94 43.36 43.78 44.35 44.93 45.66 46.38 47.24 48.11 49.09 50.08 51.17 52.26
92.08 91.08 90.08 88.93 87.79 86.57 85.35 84.15 82.94 81.81 80.67 79.63 78.60 77.67 76.74 75.91 75.08 74.32 73.57 72.88 72.19 71.55 70.90 70.28 69.66 69.05 68.43 67.79 67.15 66.46 65.77 64.99 64.22 63.35 62.47 61.48 60.48 59.37 58.25 57.04 55.82 54.54 53.26 51.97 50.67 49.42 48.18 47.04 45.91 44.94 43.97 43.20 42.44 41.91 41.38 41.09 40.79 40.74 40.69 40.86 41.04 41.43 41.82 42.40 42.99 43.76 44.52 45.45 46.37 47.44 48.50 49.69 50.87 52.15 53.43
89.60 88.68 87.77 86.71 85.64 84.51 83.39 82.27 81.16 80.11 79.07 78.12 77.18 76.34 75.50 74.75 74.01 73.33 72.65 72.02 71.39 70.79 70.19 69.59 68.99 68.38 67.76 67.10 66.44 65.71 64.98 64.14 63.31 62.37 61.42 60.34 59.27 58.07 56.88 55.58 54.29 52.94 51.59 50.24 48.89 47.59 46.30 45.14 43.97 42.99 42.00 41.24 40.48 39.97 39.47 39.23 38.99 39.01 39.04 39.33 39.61 40.14 40.67 41.42 42.17 43.12 44.07 45.19 46.31 47.58 48.84 50.22 51.60 53.05 54.51
87.11 86.28 85.45 84.48 83.50 82.46 81.42 80.39 79.37 78.41 77.46 76.61 75.76 75.01 74.26 73.60 72.94 72.33 71.73 71.16 70.59 70.03 69.47 68.90 68.32 67.71 67.09 66.41 65.73 64.96 64.18 63.29 62.40 61.38 60.36 59.21 58.05 56.78 55.50 54.13 52.76 51.34 49.92 48.51 47.10 45.76 44.43 43.23 42.03 41.03 40.03 39.28 38.52 38.04 37.56 37.37 37.18 37.29 37.39 37.79 38.19 38.85 39.52 40.44 41.35 42.49 43.62 44.94 46.26 47.72 49.18 50.75 52.32 53.96 55.59
84.17 83.43 82.69 81.81 80.92 79.97 79.02 78.09 77.16 76.30 75.44 74.68 73.91 73.25 72.59 72.01 71.42 70.89 70.36 69.85 69.34 68.82 68.30 67.75 67.20 66.59 65.98 65.29 64.59 63.78 62.98 62.04 61.10 60.01 58.93 57.71 56.49 55.15 53.80 52.38 50.95 49.48 48.01 46.57 45.12 43.76 42.41 41.20 40.00 39.00 38.01 37.27 36.54 36.09 35.65 35.52 35.39 35.59 35.78 36.29 36.79 37.60 38.40 39.47 40.55 41.86 43.16 44.66 46.17 47.81 49.46 51.21 52.96 54.76 56.56
81.24 80.58 79.93 79.13 78.34 77.49 76.63 75.79 74.95 74.18 73.41 72.74 72.07 71.49 70.92 70.41 69.91 69.45 68.99 68.53 68.08 67.61 67.13 66.61 66.08 65.48 64.87 64.16 63.45 62.61 61.77 60.78 59.79 58.65 57.50 56.21 54.92 53.52 52.11 50.62 49.13 47.62 46.10 44.62 43.14 41.76 40.38 39.17 37.96 36.97 35.98 35.27 34.55 34.15 33.75 33.68 33.61 33.89 34.16 34.78 35.40 36.34 37.28 38.51 39.74 41.22 42.71 44.39 46.07 47.91 49.74 51.67 53.59 55.56 57.52
77.96 77.39 76.83 76.13 75.43 74.67 73.91 73.16 72.41 71.73 71.05 70.46 69.88 69.38 68.88 68.45 68.02 67.62 67.22 66.82 66.42 65.99 65.55 65.05 64.55 63.96 63.36 62.64 61.92 61.05 60.19 59.16 58.13 56.94 55.75 54.41 53.07 51.61 50.16 48.63 47.11 45.57 44.03 42.54 41.05 39.67 38.29 37.09 35.89 34.93 33.97 33.29 32.62 32.27 31.92 31.92 31.92 32.28 32.65 33.37 34.10 35.17 36.23 37.61 38.99 40.62 42.26 44.11 45.96 47.96 49.95 52.03 54.12 56.23 58.33
74.68 74.21 73.73 73.12 72.51 71.85 71.18 70.53 69.87 69.28 68.69 68.19 67.68 67.26 66.85 66.49 66.13 65.79 65.46 65.11 64.76 64.37 63.98 63.50 63.02 62.44 61.85 61.12 60.39 59.50 58.60 57.54 56.47 55.23 53.99 52.60 51.21 49.71 48.21 46.65 45.08 43.52 41.95 40.45 38.95 37.57 36.20 35.01 33.83 32.89 31.96 31.32 30.68 30.38 30.09 30.16 30.23 30.68 31.13 31.97 32.80 33.99 35.19 36.71 38.23 40.03 41.82 43.84 45.85 48.01 50.17 52.40 54.64 56.89 59.15
71.20 70.80 70.41 69.89 69.37 68.80 68.22 67.66 67.09 66.59 66.08 65.65 65.23 64.88 64.52 64.23 63.93 63.65 63.37 63.07 62.77 62.41 62.05 61.60 61.15 60.57 59.99 59.26 58.53 57.62 56.71 55.62 54.53 53.26 51.99 50.57 49.15 47.62 46.10 44.52 42.94 41.37 39.80 38.31 36.82 35.47 34.12 32.97 31.82 30.93 30.03 29.45 28.87 28.63 28.40 28.54 28.69 29.23 29.77 30.70 31.64 32.95 34.26 35.91 37.56 39.49 41.42 43.57 45.72 48.02 50.31 52.68 55.04 57.41 59.78
67.71 67.40 67.09 66.66 66.23 65.75 65.27 64.79 64.32 63.89 63.47 63.12 62.77 62.49 62.20 61.97 61.73 61.50 61.28 61.02 60.77 60.44 60.12 59.69 59.27 58.70 58.13 57.40 56.66 55.74 54.82 53.70 52.59 51.29 49.99 48.54 47.09 45.54 43.98 42.39 40.80 39.23 37.66 36.18 34.70 33.37 32.04 30.92 29.81 28.96 28.11 27.58 27.05 26.88 26.71 26.93 27.15 27.78 28.41 29.44 30.48 31.91 33.33 35.11 36.88 38.95 41.02 43.31 45.60 48.02 50.45 52.95 55.44 57.92 60.41
64.16 63.92 63.67 63.33 62.98 62.58 62.18 61.79 61.40 61.05 60.70 60.41 60.13 59.90 59.68 59.49 59.31 59.13 58.94 58.73 58.51 58.22 57.93 57.52 57.12 56.57 56.02 55.29 54.56 53.63 52.71 51.59 50.46 49.15 47.84 46.38 44.93 43.37 41.82 40.23 38.64 37.09 35.54 34.09 32.64 31.35 30.07 29.00 27.94 27.15 26.35 25.89 25.42 25.32 25.22 25.52 25.81 26.53 27.24 28.38 29.51 31.03 32.56 34.44 36.32 38.50 40.68 43.07 45.47 48.00 50.53 53.12 55.71 58.27 60.84
60.60 60.43 60.26 59.99 59.73 59.42 59.10 58.79 58.47 58.20 57.93 57.71 57.49 57.32 57.16 57.02 56.89 56.75 56.61 56.43 56.25 55.99 55.73 55.35 54.97 54.44 53.90 53.18 52.45 51.53 50.60 49.47 48.34 47.02 45.70 44.23 42.76 41.21 39.65 38.07 36.49 34.96 33.42 32.00 30.59 29.34 28.09 27.08 26.06 25.33 24.60 24.19 23.79 23.76 23.73 24.11 24.48 25.28 26.08 27.31 28.53 30.16 31.79 33.78 35.76 38.05 40.33 42.84 45.34 47.98 50.61 53.29 55.97 58.62 61.27
57.12 57.00 56.89 56.69 56.49 56.25 56.00 55.76 55.52 55.30 55.09 54.93 54.77 54.65 54.53 54.43 54.34 54.24 54.13 53.99 53.84 53.61 53.38 53.02 52.66 52.15 51.63 50.92 50.22 49.30 48.39 47.27 46.15 44.84 43.53 42.08 40.62 39.09 37.55 36.00 34.44 32.95 31.45 30.08 28.71 27.52 26.32 25.37 24.41 23.75 23.08 22.74 22.41 22.45 22.50 22.95 23.40 24.28 25.16 26.47 27.78 29.49 31.20 33.27 35.34 37.71 40.07 42.65 45.23 47.94 50.64 53.38 56.11 58.81 61.50
53.63 53.57 53.51 53.38 53.25 53.08 52.91 52.73 52.56 52.41 52.26 52.15 52.04 51.97 51.90 51.84 51.79 51.72 51.66 51.54 51.43 51.22 51.02 50.69 50.35 49.86 49.36 48.67 47.98 47.08 46.18 45.07 43.96 42.66 41.36 39.92 38.48 36.97 35.45 33.92 32.40 30.94 29.48 28.16 26.83 25.69 24.55 23.66 22.76 22.16 21.56 21.30 21.03 21.15 21.27 21.80 22.33 23.29 24.25 25.63 27.02 28.82 30.61 32.77 34.92 37.37 39.82 42.47 45.12 47.89 50.66 53.46 56.25 58.99 61.73
50.36 50.34 50.31 50.23 50.15 50.03 49.92 49.80 49.68 49.58 49.48 49.41 49.34 49.31 49.27 49.25 49.22 49.19 49.15 49.06 48.97 48.80 48.62 48.32 48.01 47.54 47.07 46.41 45.74 44.87 43.99 42.91 41.83 40.57 39.30 37.90 36.49 35.02 33.54 32.06 30.59 29.18 27.77 26.50 25.23 24.16 23.08 22.25 21.42 20.89 20.35 20.16 19.97 20.16 20.35 20.95 21.55 22.58 23.61 25.07 26.53 28.39 30.25 32.46 34.67 37.17 39.67 42.36 45.06 47.86 50.66 53.48 56.29 59.04 61.79
