test/esri_led_20/synt_tma_0m_led_20.esri
nrows             510
ncols             462
xllcorner      398000.00
yllcorner     7846000.00
cellsize          500.00
NODATA_value    -9999
[rows 132 to 164 of 510, columns 375 to 449 of 462]
36.20 34.18 32.36 30.53 28.93 27.32 25.94 24.57 23.41 22.26 21.33 20.39 19.66 18.94 18.42 17.90 17.60 17.30 17.21 17.13 17.28 17.42 17.80 18.17 18.76 19.34 20.12 20.89 21.82 22.75 23.79 24.82 25.92 27.02 28.12 29.23 30.29 31.35 32.31 33.27 34.07 34.87 35.46 36.05 36.39 36.72 36.79 36.85 36.64 36.43 35.97 35.51 34.82 34.14 33.28 32.41 31.40 30.39 29.27 28.15 26.94 25.74 24.48 23.22 21.94 20.66 19.40 18.14 16.95 15.77 14.72 13.67 12.82 11.97 11.37
35.93 34.09 32.45 30.81 29.39 27.97 26.77 25.57 24.58 23.59 22.80 22.01 21.41 20.81 20.40 19.98 19.76 19.54 19.51 19.49 19.67 19.85 20.24 20.62 21.19 21.76 22.50 23.24 24.11 24.97 25.93 26.88 27.88 28.87 29.86 30.85 31.78 32.71 33.53 34.34 35.00 35.65 36.08 36.52 36.70 36.88 36.80 36.71 36.36 36.01 35.42 34.83 34.03 33.23 32.27 31.31 30.22 29.13 27.95 26.77 25.52 24.28 23.00 21.72 20.43 19.15 17.91 16.66 15.51 14.35 13.35 12.35 11.56 10.76 10.22
36.09 34.44 32.99 31.54 30.30 29.06 28.02 26.99 26.16 25.32 24.67 24.01 23.53 23.04 22.72 22.40 22.25 22.10 22.12 22.14 22.35 22.56 22.94 23.33 23.88 24.44 25.13 25.83 26.63 27.43 28.30 29.16 30.05 30.93 31.79 32.65 33.44 34.22 34.88 35.54 36.03 36.52 36.79 37.06 37.08 37.10 36.86 36.62 36.13 35.63 34.91 34.19 33.29 32.38 31.32 30.27 29.11 27.94 26.71 25.47 24.20 22.92 21.63 20.33 19.06 17.78 16.56 15.34 14.23 13.12 12.17 11.22 10.49 9.77 9.29
36.25 34.78 33.52 32.26 31.20 30.14 29.28 28.42 27.74 27.06 26.54 26.02 25.65 25.27 25.05 24.82 24.73 24.65 24.72 24.80 25.03 25.26 25.65 26.04 26.58 27.11 27.76 28.42 29.15 29.89 30.66 31.44 32.22 32.99 33.72 34.45 35.09 35.73 36.23 36.74 37.06 37.38 37.49 37.59 37.45 37.31 36.92 36.53 35.89 35.25 34.41 33.56 32.54 31.52 30.37 29.23 27.99 26.76 25.47 24.18 22.87 21.56 20.26 18.95 17.68 16.42 15.22 14.03 12.95 11.88 10.99 10.10 9.43 8.77 8.36
36.79 35.51 34.43 33.35 32.46 31.58 30.88 30.18 29.64 29.10 28.70 28.30 28.03 27.76 27.61 27.46 27.44 27.41 27.52 27.63 27.89 28.14 28.53 28.92 29.43 29.94 30.55 31.16 31.83 32.50 33.18 33.86 34.52 35.18 35.78 36.37 36.86 37.34 37.68 38.02 38.17 38.32 38.25 38.18 37.87 37.57 37.02 36.47 35.69 34.91 33.94 32.97 31.85 30.72 29.49 28.26 26.96 25.66 24.33 23.00 21.67 20.33 19.03 17.72 16.47 15.21 14.05 12.90 11.87 10.85 10.02 9.19 8.60 8.01 7.68
37.33 36.24 35.34 34.44 33.73 33.02 32.48 31.94 31.54 31.14 30.87 30.59 30.42 30.25 30.18 30.11 30.14 30.18 30.32 30.47 30.74 31.01 31.40 31.79 32.28 32.77 33.34 33.90 34.50 35.10 35.70 36.29 36.83 37.38 37.84 38.29 38.62 38.95 39.13 39.30 39.27 39.25 39.01 38.77 38.29 37.82 37.11 36.41 35.49 34.57 33.48 32.38 31.15 29.93 28.61 27.29 25.93 24.57 23.19 21.82 20.46 19.11 17.80 16.48 15.25 14.01 12.89 11.76 10.79 9.82 9.06 8.29 7.77 7.25 6.99
38.19 37.27 36.55 35.83 35.28 34.73 34.34 33.95 33.68 33.41 33.24 33.07 32.99 32.90 32.90 32.89 32.97 33.05 33.23 33.41 33.69 33.97 34.35 34.74 35.20 35.67 36.19 36.71 37.24 37.77 38.27 38.78 39.20 39.63 39.95 40.27 40.44 40.61 40.61 40.61 40.41 40.21 39.79 39.37 38.73 38.09 37.23 36.37 35.31 34.26 33.05 31.84 30.52 29.19 27.80 26.41 24.99 23.58 22.17 20.76 19.39 18.02 16.72 15.41 14.20 12.99 11.91 10.83 9.92 9.01 8.31 7.62 7.17 6.73 6.55
39.04 38.31 37.76 37.21 36.83 36.45 36.20 35.95 35.81 35.67 35.61 35.55 35.55 35.55 35.61 35.68 35.80 35.93 36.14 36.34 36.64 36.93 37.31 37.68 38.13 38.57 39.04 39.52 39.98 40.45 40.85 41.26 41.57 41.88 42.06 42.24 42.25 42.27 42.10 41.92 41.55 41.17 40.57 39.98 39.17 38.36 37.34 36.33 35.14 33.95 32.62 31.29 29.88 28.46 26.99 25.53 24.06 22.59 21.14 19.70 18.32 16.94 15.64 14.34 13.16 11.98 10.94 9.90 9.05 8.20 7.57 6.95 6.58 6.22 6.12
40.14 39.58 39.20 38.82 38.59 38.36 38.25 38.14 38.11 38.09 38.12 38.15 38.23 38.30 38.42 38.53 38.69 38.86 39.08 39.30 39.60 39.90 40.26 40.63 41.04 41.45 41.88 42.31 42.70 43.10 43.41 43.73 43.92 44.12 44.16 44.20 44.05 43.91 43.56 43.22 42.66 42.11 41.34 40.57 39.59 38.62 37.45 36.29 34.97 33.65 32.22 30.79 29.29 27.78 26.26 24.73 23.22 21.70 20.24 18.77 17.39 16.00 14.72 13.44 12.29 11.14 10.16 9.17 8.39 7.60 7.05 6.50 6.22 5.93 5.92
41.24 40.85 40.64 40.42 40.35 40.27 40.29 40.32 40.41 40.50 40.63 40.76 40.91 41.06 41.22 41.39 41.59 41.78 42.02 42.27 42.57 42.86 43.22 43.57 43.95 44.34 44.72 45.10 45.42 45.75 45.97 46.20 46.28 46.35 46.25 46.15 45.85 45.55 45.03 44.52 43.78 43.05 42.10 41.16 40.02 38.88 37.56 36.25 34.81 33.36 31.82 30.28 28.70 27.11 25.52 23.93 22.37 20.82 19.33 17.84 16.45 15.06 13.80 12.54 11.42 10.31 9.38 8.44 7.72 7.01 6.53 6.06 5.86 5.65 5.72
42.50 42.29 42.24 42.18 42.25 42.32 42.47 42.62 42.82 43.01 43.23 43.44 43.65 43.86 44.07 44.27 44.49 44.71 44.96 45.21 45.50 45.79 46.12 46.45 46.80 47.15 47.47 47.80 48.05 48.31 48.44 48.57 48.53 48.49 48.26 48.02 47.56 47.10 46.42 45.74 44.83 43.92 42.81 41.70 40.40 39.10 37.65 36.20 34.64 33.08 31.44 29.81 28.15 26.49 24.85 23.21 21.62 20.04 18.54 17.04 15.66 14.28 13.04 11.80 10.73 9.66 8.78 7.91 7.26 6.61 6.22 5.83 5.71 5.59 5.73
43.77 43.73 43.83 43.94 44.15 44.36 44.64 44.92 45.22 45.52 45.82 46.12 46.39 46.66 46.91 47.16 47.40 47.64 47.90 48.15 48.43 48.71 49.02 49.33 49.64 49.95 50.23 50.50 50.68 50.86 50.90 50.94 50.79 50.63 50.26 49.88 49.27 48.66 47.81 46.96 45.88 44.80 43.52 42.23 40.78 39.32 37.74 36.15 34.47 32.79 31.06 29.34 27.61 25.88 24.19 22.49 20.88 19.26 17.75 16.24 14.86 13.49 12.27 11.06 10.03 9.01 8.19 7.38 6.80 6.22 5.91 5.60 5.56 5.53 5.75
45.13 45.26 45.52 45.78 46.14 46.49 46.89 47.29 47.69 48.09 48.46 48.83 49.15 49.48 49.76 50.04 50.29 50.54 50.78 51.03 51.29 51.55 51.82 52.09 52.35 52.62 52.83 53.04 53.15 53.25 53.19 53.14 52.87 52.60 52.09 51.59 50.83 50.07 49.06 48.05 46.80 45.56 44.12 42.68 41.08 39.49 37.77 36.06 34.28 32.49 30.69 28.88 27.09 25.31 23.58 21.85 20.21 18.58 17.07 15.55 14.20 12.84 11.66 10.48 9.50 8.52 7.77 7.02 6.52 6.02 5.79 5.56 5.61 5.66 5.96
46.49 46.80 47.21 47.63 48.12 48.62 49.13 49.65 50.15 50.65 51.10 51.54 51.92 52.29 52.60 52.91 53.17 53.43 53.67 53.91 54.14 54.38 54.62 54.85 55.07 55.28 55.43 55.58 55.61 55.64 55.49 55.33 54.95 54.57 53.93 53.29 52.38 51.47 50.30 49.13 47.73 46.33 44.73 43.13 41.39 39.65 37.81 35.97 34.08 32.20 30.31 28.43 26.58 24.74 22.97 21.20 19.55 17.90 16.38 14.87 13.53 12.19 11.05 9.90 8.97 8.04 7.36 6.67 6.25 5.82 5.67 5.53 5.66 5.79 6.17
47.90 48.37 48.94 49.52 50.14 50.77 51.41 52.04 52.63 53.22 53.74 54.25 54.67 55.09 55.42 55.74 56.00 56.26 56.47 56.69 56.88 57.08 57.26 57.45 57.60 57.75 57.83 57.90 57.84 57.79 57.53 57.28 56.79 56.30 55.53 54.77 53.72 52.67 51.36 50.04 48.49 46.94 45.20 43.46 41.59 39.71 37.77 35.82 33.85 31.88 29.93 27.98 26.09 24.20 22.41 20.62 18.96 17.30 15.80 14.30 12.99 11.68 10.57 9.47 8.60 7.72 7.10 6.49 6.14 5.79 5.72 5.66 5.87 6.08 6.53
49.30 49.94 50.67 51.40 52.17 52.93 53.68 54.43 55.11 55.80 56.38 56.96 57.42 57.89 58.23 58.58 58.83 59.08 59.27 59.46 59.62 59.78 59.91 60.04 60.13 60.22 60.22 60.22 60.08 59.93 59.58 59.24 58.63 58.02 57.13 56.24 55.06 53.87 52.41 50.94 49.24 47.54 45.66 43.78 41.78 39.78 37.73 35.67 33.61 31.55 29.54 27.53 25.60 23.67 21.86 20.04 18.38 16.71 15.22 13.73 12.45 11.16 10.10 9.03 8.22 7.40 6.85 6.30 6.03 5.76 5.77 5.79 6.08 6.37 6.90
50.69 51.51 52.39 53.27 54.17 55.07 55.93 56.79 57.56 58.34 58.98 59.62 60.12 60.62 60.97 61.32 61.55 61.79 61.94 62.09 62.19 62.29 62.35 62.41 62.42 62.42 62.34 62.25 62.01 61.78 61.32 60.87 60.16 59.45 58.44 57.43 56.12 54.80 53.21 51.62 49.79 47.96 45.95 43.95 41.84 39.73 37.58 35.44 33.31 31.19 29.13 27.07 25.11 23.16 21.34 19.52 17.86 16.20 14.74 13.27 12.02 10.77 9.75 8.74 7.98 7.23 6.75 6.27 6.07 5.88 5.97 6.06 6.43 6.80 7.40
52.08 53.07 54.11 55.14 56.18 57.21 58.18 59.15 60.01 60.87 61.58 62.29 62.82 63.35 63.70 64.06 64.28 64.49 64.60 64.71 64.75 64.79 64.78 64.77 64.70 64.63 64.45 64.28 63.95 63.62 63.07 62.51 61.69 60.87 59.74 58.61 57.18 55.74 54.01 52.29 50.33 48.37 46.24 44.11 41.90 39.68 37.44 35.21 33.01 30.82 28.71 26.61 24.63 22.64 20.82 18.99 17.34 15.69 14.25 12.80 11.59 10.37 9.41 8.44 7.75 7.05 6.64 6.23 6.11 6.00 6.17 6.34 6.79 7.23 7.90
53.42 54.58 55.77 56.95 58.12 59.28 60.36 61.44 62.38 63.32 64.08 64.84 65.40 65.95 66.30 66.66 66.84 67.02 67.07 67.12 67.08 67.05 66.95 66.85 66.68 66.51 66.23 65.96 65.52 65.09 64.43 63.78 62.85 61.92 60.69 59.46 57.91 56.36 54.52 52.69 50.62 48.55 46.32 44.09 41.79 39.48 37.18 34.87 32.63 30.39 28.26 26.12 24.13 22.14 20.32 18.50 16.87 15.25 13.84 12.43 11.26 10.09 9.18 8.28 7.65 7.01 6.68 6.34 6.29 6.25 6.50 6.74 7.26 7.77 8.50
54.76 56.09 57.42 58.76 60.06 61.35 62.54 63.72 64.75 65.77 66.58 67.40 67.98 68.56 68.90 69.25 69.40 69.54 69.54 69.53 69.42 69.30 69.11 68.92 68.65 68.39 68.01 67.63 67.10 66.56 65.80 65.05 64.01 62.98 61.64 60.30 58.64 56.98 55.03 53.09 50.91 48.73 46.40 44.07 41.68 39.29 36.91 34.54 32.25 29.96 27.80 25.64 23.64 21.64 19.83 18.01 16.41 14.81 13.43 12.06 10.93 9.81 8.96 8.11 7.54 6.98 6.71 6.44 6.47 6.50 6.82 7.15 7.73 8.31 9.11
56.00 57.50 58.98 60.46 61.87 63.29 64.58 65.86 66.96 68.06 68.92 69.77 70.37 70.96 71.29 71.62 71.71 71.81 71.73 71.65 71.44 71.23 70.93 70.64 70.26 69.88 69.39 68.90 68.26 67.61 66.75 65.89 64.76 63.63 62.19 60.76 59.01 57.25 55.22 53.18 50.91 48.65 46.24 43.84 41.38 38.93 36.51 34.09 31.77 29.45 27.28 25.12 23.13 21.14 19.35 17.56 15.99 14.42 13.09 11.77 10.70 9.63 8.84 8.05 7.55 7.06 6.86 6.66 6.76 6.87 7.26 7.65 8.30 8.94 9.79
57.25 58.90 60.53 62.15 63.69 65.23 66.61 68.00 69.17 70.34 71.25 72.15 72.76 73.36 73.67 73.98 74.03 74.08 73.92 73.76 73.46 73.16 72.76 72.35 71.86 71.37 70.77 70.17 69.41 68.66 67.70 66.74 65.51 64.28 62.75 61.22 59.37 57.53 55.40 53.27 50.92 48.57 46.08 43.60 41.08 38.57 36.10 33.64 31.29 28.95 26.77 24.59 22.61 20.63 18.87 17.10 15.57 14.04 12.76 11.48 10.46 9.45 8.72 8.00 7.57 7.14 7.01 6.88 7.06 7.23 7.69 8.15 8.86 9.57 10.47
58.36 60.17 61.92 63.68 65.32 66.97 68.44 69.92 71.15 72.39 73.32 74.26 74.87 75.47 75.75 76.03 76.02 76.00 75.76 75.51 75.10 74.69 74.17 73.64 73.03 72.41 71.69 70.97 70.11 69.25 68.18 67.12 65.80 64.49 62.87 61.26 59.34 57.42 55.23 53.03 50.62 48.21 45.67 43.14 40.58 38.03 35.54 33.05 30.70 28.36 26.19 24.03 22.07 20.12 18.39 16.67 15.19 13.71 12.48 11.26 10.31 9.36 8.70 8.04 7.68 7.32 7.27 7.21 7.45 7.69 8.21 8.73 9.50 10.26 11.20
59.47 61.43 63.31 65.20 66.96 68.71 70.28 71.84 73.13 74.43 75.40 76.37 76.98 77.59 77.83 78.08 78.00 77.92 77.59 77.26 76.74 76.22 75.58 74.93 74.20 73.46 72.62 71.78 70.81 69.83 68.67 67.51 66.10 64.69 63.00 61.31 59.31 57.32 55.06 52.79 50.32 47.85 45.26 42.68 40.08 37.49 34.98 32.47 30.12 27.76 25.61 23.46 21.53 19.60 17.92 16.23 14.80 13.37 12.21 11.04 10.16 9.27 8.68 8.09 7.80 7.51 7.52 7.53 7.84 8.15 8.73 9.32 10.13 10.95 11.93
60.42 62.50 64.49 66.49 68.34 70.19 71.82 73.45 74.79 76.14 77.13 78.12 78.71 79.31 79.51 79.72 79.57 79.42 78.99 78.55 77.92 77.29 76.52 75.75 74.89 74.02 73.06 72.10 71.02 69.94 68.68 67.42 65.94 64.45 62.69 60.93 58.88 56.84 54.53 52.21 49.71 47.20 44.59 41.98 39.37 36.77 34.26 31.75 29.42 27.08 24.96 22.84 20.96 19.08 17.45 15.82 14.45 13.08 11.99 10.89 10.08 9.26 8.74 8.22 8.00 7.78 7.86 7.94 8.31 8.68 9.31 9.95 10.81 11.67 12.69
61.36 63.57 65.67 67.78 69.72 71.66 73.36 75.07 76.46 77.85 78.86 79.86 80.45 81.04 81.20 81.36 81.13 80.91 80.38 79.85 79.10 78.35 77.46 76.57 75.57 74.58 73.50 72.42 71.23 70.04 68.69 67.34 65.77 64.21 62.38 60.56 58.45 56.35 53.99 51.64 49.09 46.55 43.91 41.28 38.66 36.04 33.54 31.04 28.72 26.40 24.31 22.22 20.38 18.55 16.97 15.40 14.09 12.79 11.76 10.74 9.99 9.25 8.80 8.35 8.20 8.05 8.20 8.34 8.78 9.21 9.90 10.59 11.49 12.39 13.44
62.09 64.40 66.59 68.78 70.79 72.80 74.55 76.31 77.72 79.14 80.15 81.16 81.73 82.29 82.40 82.51 82.21 81.91 81.28 80.65 79.78 78.92 77.90 76.88 75.76 74.65 73.45 72.25 70.96 69.66 68.23 66.79 65.15 63.52 61.64 59.77 57.63 55.49 53.11 50.73 48.17 45.62 42.98 40.35 37.74 35.14 32.66 30.18 27.90 25.63 23.59 21.55 19.78 18.00 16.50 14.99 13.76 12.53 11.58 10.63 9.97 9.30 8.93 8.55 8.47 8.39 8.60 8.81 9.29 9.78 10.51 11.24 12.18 13.12 14.18
62.82 65.23 67.51 69.79 71.86 73.94 75.74 77.54 78.99 80.43 81.45 82.46 83.00 83.54 83.60 83.65 83.28 82.90 82.17 81.44 80.46 79.48 78.33 77.19 75.95 74.71 73.40 72.08 70.69 69.29 67.76 66.24 64.54 62.84 60.91 58.98 56.80 54.63 52.22 49.82 47.25 44.68 42.05 39.42 36.83 34.23 31.78 29.33 27.09 24.85 22.87 20.88 19.17 17.46 16.02 14.59 13.43 12.28 11.41 10.53 9.95 9.36 9.06 8.76 8.74 8.73 9.00 9.27 9.81 10.35 11.12 11.90 12.87 13.84 14.93
63.32 65.80 68.13 70.46 72.58 74.70 76.52 78.35 79.80 81.25 82.25 83.25 83.76 84.26 84.26 84.26 83.80 83.35 82.52 81.70 80.61 79.52 78.26 77.00 75.65 74.29 72.87 71.45 69.95 68.46 66.86 65.26 63.50 61.74 59.78 57.81 55.61 53.42 51.01 48.60 46.04 43.49 40.88 38.27 35.71 33.16 30.76 28.36 26.18 24.00 22.08 20.17 18.53 16.90 15.55 14.19 13.12 12.06 11.27 10.48 9.97 9.46 9.24 9.01 9.06 9.12 9.44 9.77 10.35 10.93 11.74 12.55 13.54 14.53 15.63
63.82 66.37 68.76 71.14 73.30 75.45 77.30 79.15 80.61 82.07 83.05 84.04 84.51 84.98 84.92 84.86 84.33 83.79 82.87 81.95 80.75 79.56 78.18 76.81 75.34 73.87 72.34 70.81 69.22 67.64 65.96 64.28 62.47 60.65 58.64 56.64 54.42 52.20 49.79 47.38 44.83 42.29 39.70 37.12 34.60 32.09 29.73 27.38 25.26 23.14 21.30 19.45 17.90 16.34 15.07 13.80 12.82 11.83 11.13 10.42 9.99 9.57 9.41 9.26 9.38 9.50 9.88 10.26 10.89 11.52 12.36 13.21 14.21 15.22 16.33
64.08 66.67 69.07 71.48 73.65 75.81 77.66 79.50 80.94 82.38 83.34 84.30 84.72 85.14 85.03 84.91 84.30 83.70 82.69 81.68 80.39 79.10 77.62 76.15 74.58 73.01 71.38 69.76 68.09 66.42 64.68 62.93 61.07 59.20 57.17 55.13 52.91 50.69 48.29 45.88 43.37 40.85 38.31 35.78 33.32 30.86 28.58 26.30 24.26 22.22 20.47 18.71 17.24 15.77 14.60 13.42 12.53 11.64 11.02 10.40 10.06 9.71 9.63 9.55 9.73 9.91 10.34 10.77 11.43 12.10 12.96 13.83 14.84 15.86 16.96
64.35 66.97 69.39 71.82 73.99 76.17 78.01 79.85 81.27 82.69 83.62 84.55 84.93 85.31 85.13 84.96 84.28 83.60 82.50 81.41 80.02 78.64 77.06 75.49 73.82 72.15 70.43 68.71 66.96 65.20 63.39 61.58 59.67 57.75 55.69 53.63 51.40 49.17 46.78 44.39 41.90 39.42 36.93 34.43 32.04 29.64 27.43 25.22 23.26 21.30 19.63 17.96 16.58 15.21 14.13 13.05 12.24 11.44 10.92 10.39 10.12 9.86 9.85 9.84 10.08 10.32 10.80 11.28 11.98 12.68 13.56 14.45 15.47 16.49 17.59
64.40 67.01 69.43 71.84 73.99 76.14 77.95 79.76 81.14 82.53 83.41 84.29 84.62 84.95 84.71 84.48 83.74 82.99 81.83 80.67 79.20 77.74 76.08 74.43 72.67 70.92 69.12 67.32 65.50 63.67 61.80 59.93 57.97 56.02 53.94 51.86 49.63 47.40 45.03 42.67 40.23 37.79 35.36 32.94 30.62 28.30 26.18 24.06 22.20 20.34 18.77 17.20 15.92 14.65 13.67 12.69 11.99 11.28 10.84 10.40 10.22 10.03 10.09 10.15 10.45 10.74 11.26 11.78 12.50 13.22 14.12 15.01 16.03 17.04 18.12
