test/esri_led_20/synt_tma_6000m_led_20.esri
nrows             510
ncols             462
xllcorner      398000.00
yllcorner     7846000.00
cellsize          500.00
NODATA_value    -9999
[rows 256 to 287 of 510, columns 213 to 283 of 462]
162.79 147.79 125.95 104.11 83.46 62.80 48.21 33.61 26.22 18.82 17.47 16.12 18.24 20.36 22.68 25.01 26.05 27.09 28.55 30.01 33.10 36.18 38.59 40.99 40.72 40.44 39.73 39.02 40.59 42.17 45.54 48.90 52.93 56.96 62.70 68.44 76.41 84.39 92.34 100.28 106.76 113.24 120.67 128.10 137.75 147.40 155.32 163.24 166.25 169.27 170.36 171.45 172.48 173.51 169.06 164.61 149.99 135.36 115.16 94.96 77.30 59.64 48.50 37.36 33.23 29.09 31.43 33.78 40.10 46.42 51.62
160.69 144.18 120.66 97.15 75.12 53.10 37.86 22.62 15.48 8.33 7.84 7.35 10.50 13.66 16.95 20.23 22.10 23.96 26.20 28.45 32.17 35.89 38.34 40.78 39.65 38.52 36.41 34.30 34.53 34.76 37.20 39.63 43.21 46.80 52.50 58.21 66.43 74.66 83.00 91.34 98.29 105.23 113.27 121.30 131.61 141.92 150.19 158.45 161.26 164.08 164.83 165.59 166.68 167.78 163.92 160.05 146.39 132.73 113.85 94.96 78.68 62.40 52.12 41.83 37.69 33.55 35.28 37.01 42.58 48.14 52.64
154.31 137.51 113.98 90.45 68.42 46.39 31.10 15.81 8.60 1.38 0.80 0.22 3.31 6.39 9.71 13.03 15.07 17.11 19.43 21.75 25.25 28.75 30.83 32.91 31.46 30.02 27.50 24.98 24.64 24.29 26.23 28.17 31.57 34.97 40.63 46.29 54.41 62.54 70.80 79.07 86.07 93.06 100.99 108.92 118.80 128.69 136.58 144.47 147.28 150.10 150.95 151.79 152.92 154.04 150.81 147.57 135.73 123.88 107.45 91.03 76.85 62.67 53.48 44.29 40.04 35.80 36.44 37.09 41.10 45.11 48.30
147.92 130.83 107.29 83.75 61.71 39.68 24.34 9.00 1.72 -5.57 -6.24 -6.90 -3.89 -0.88 2.48 5.84 8.05 10.27 12.66 15.05 18.33 21.60 23.31 25.03 23.28 21.52 18.60 15.67 14.74 13.82 15.27 16.72 19.93 23.15 28.76 34.38 42.40 50.41 58.60 66.80 73.85 80.89 88.72 96.55 106.00 115.45 122.97 130.48 133.30 136.13 137.06 138.00 139.15 140.30 137.70 135.10 125.06 115.02 101.05 87.09 75.02 62.95 54.85 46.75 42.40 38.06 37.61 37.16 39.62 42.08 43.95
139.94 123.24 100.47 77.71 56.35 35.00 19.95 4.91 -2.62 -10.15 -11.43 -12.72 -10.46 -8.19 -5.42 -2.65 -0.82 1.02 2.93 4.84 7.38 9.92 11.06 12.21 10.41 8.61 5.81 3.02 2.00 0.99 2.31 3.62 6.89 10.16 15.82 21.48 29.31 37.13 45.04 52.95 59.74 66.52 73.76 81.01 89.46 97.90 104.68 111.46 114.35 117.24 118.46 119.67 120.94 122.20 120.39 118.58 110.86 103.14 92.35 81.56 72.19 62.81 56.05 49.29 44.67 40.05 38.02 36.00 36.35 36.71 36.89
131.96 115.65 93.65 71.66 50.99 30.33 15.57 0.81 -6.96 -14.72 -16.63 -18.55 -17.03 -15.51 -13.32 -11.14 -9.68 -8.23 -6.80 -5.37 -3.56 -1.76 -1.19 -0.61 -2.46 -4.31 -6.97 -9.64 -10.74 -11.84 -10.65 -9.47 -6.15 -2.83 2.88 8.59 16.22 23.85 31.48 39.11 45.63 52.15 58.81 65.47 72.91 80.35 86.40 92.45 95.40 98.35 99.85 101.35 102.72 104.09 103.08 102.07 96.67 91.26 83.65 76.03 69.35 62.68 57.26 51.84 46.94 42.03 38.44 34.84 33.09 31.34 29.82
125.30 109.39 87.96 66.53 46.49 26.46 12.04 -2.39 -10.35 -18.32 -20.88 -23.43 -22.72 -22.01 -20.60 -19.19 -18.47 -17.75 -17.12 -16.49 -15.50 -14.51 -14.47 -14.44 -16.36 -18.29 -20.78 -23.27 -24.22 -25.18 -23.88 -22.57 -19.05 -15.52 -9.62 -3.72 3.94 11.60 19.07 26.54 32.69 38.84 44.84 50.84 57.45 64.07 69.56 75.06 78.02 80.99 82.78 84.58 86.36 88.14 88.16 88.18 84.92 81.66 76.92 72.18 68.13 64.08 60.00 55.92 50.61 45.30 40.05 34.80 31.05 27.31 24.22
118.64 103.13 82.26 61.40 41.99 22.59 8.51 -5.58 -13.75 -21.93 -25.13 -28.32 -28.41 -28.51 -27.88 -27.25 -27.26 -27.28 -27.45 -27.61 -27.43 -27.26 -27.76 -28.26 -30.26 -32.26 -34.58 -36.90 -37.71 -38.53 -37.10 -35.67 -31.94 -28.21 -22.12 -16.03 -8.34 -0.66 6.66 13.97 19.75 25.54 30.87 36.21 42.00 47.78 52.73 57.68 60.65 63.63 65.72 67.81 69.99 72.18 73.24 74.29 73.17 72.05 70.19 68.33 66.90 65.48 62.74 60.00 54.29 48.57 41.66 34.75 29.02 23.29 18.62
110.18 95.27 75.18 55.09 36.49 17.89 4.30 -9.29 -17.49 -25.70 -29.38 -33.07 -33.90 -34.72 -34.93 -35.13 -36.04 -36.95 -38.05 -39.15 -39.83 -40.50 -41.52 -42.55 -44.62 -46.70 -48.80 -50.90 -51.42 -51.95 -50.23 -48.51 -44.47 -40.42 -34.05 -27.68 -19.83 -11.98 -4.67 2.64 8.22 13.81 18.79 23.77 29.17 34.57 39.32 44.07 47.17 50.26 52.73 55.20 58.02 60.83 62.95 65.07 65.62 66.17 66.40 66.62 67.12 67.61 65.88 64.15 58.16 52.17 44.06 35.96 28.82 21.69 15.88
101.72 87.41 68.10 48.78 30.99 13.20 0.10 -13.00 -21.23 -29.47 -33.64 -37.82 -39.38 -40.94 -41.98 -43.01 -44.82 -46.62 -48.66 -50.69 -52.22 -53.74 -55.28 -56.83 -58.99 -61.14 -63.02 -64.90 -65.13 -65.37 -63.36 -61.35 -56.99 -52.63 -45.98 -39.33 -31.31 -23.30 -16.00 -8.69 -3.31 2.08 6.71 11.33 16.34 21.36 25.91 30.47 33.68 36.89 39.74 42.59 46.04 49.48 52.67 55.85 58.07 60.29 62.61 64.92 67.33 69.75 69.03 68.31 62.03 55.76 46.47 37.18 28.63 20.08 13.15
88.03 74.91 57.29 39.66 23.30 6.95 -5.32 -17.59 -25.64 -33.69 -38.25 -42.82 -45.17 -47.52 -49.49 -51.46 -54.22 -56.98 -60.06 -63.14 -65.71 -68.29 -70.47 -72.65 -74.76 -76.86 -78.28 -79.70 -79.47 -79.24 -76.83 -74.42 -69.63 -64.85 -57.86 -50.87 -42.72 -34.56 -27.20 -19.84 -14.33 -8.82 -4.09 0.64 5.67 10.70 15.35 20.00 23.57 27.14 30.57 34.01 38.17 42.33 46.45 50.58 54.04 57.51 61.18 64.85 68.36 71.87 71.71 71.56 65.26 58.97 49.14 39.31 29.98 20.65 13.07
74.34 62.41 46.47 30.54 15.62 0.70 -10.74 -22.18 -30.05 -37.91 -42.86 -47.81 -50.95 -54.09 -57.00 -59.91 -63.62 -67.34 -71.46 -75.59 -79.21 -82.84 -85.66 -88.48 -90.53 -92.58 -93.54 -94.50 -93.81 -93.12 -90.30 -87.48 -82.28 -77.07 -69.74 -62.42 -54.12 -45.83 -38.41 -30.99 -25.36 -19.72 -14.88 -10.04 -5.00 0.04 4.79 9.54 13.47 17.40 21.41 25.42 30.30 35.17 40.24 45.30 50.01 54.72 59.75 64.78 69.38 73.98 74.39 74.80 68.49 62.17 51.81 41.44 31.33 21.22 12.99
58.60 48.14 34.37 20.60 7.49 -5.62 -16.02 -26.42 -33.98 -41.54 -46.83 -52.11 -56.07 -60.03 -63.93 -67.83 -72.55 -77.26 -82.58 -87.90 -92.85 -97.81 -101.42 -105.03 -106.89 -108.74 -109.01 -109.27 -108.02 -106.77 -103.51 -100.26 -94.51 -88.77 -80.97 -73.17 -64.67 -56.16 -48.60 -41.03 -35.05 -29.07 -23.81 -18.55 -13.18 -7.81 -2.74 2.34 6.79 11.24 15.95 20.67 26.35 32.02 37.95 43.87 49.51 55.16 61.14 67.13 72.55 77.98 78.83 79.69 73.35 67.01 56.26 45.50 34.91 24.32 15.81
42.85 33.87 22.27 10.67 -0.63 -11.94 -21.30 -30.66 -37.91 -45.16 -50.79 -56.41 -61.19 -65.97 -70.86 -75.75 -81.47 -87.19 -93.70 -100.22 -106.49 -112.77 -117.18 -121.59 -123.25 -124.91 -124.47 -124.04 -122.23 -120.42 -116.73 -113.03 -106.75 -100.47 -92.20 -83.92 -75.21 -66.50 -58.78 -51.07 -44.75 -38.42 -32.74 -27.05 -21.36 -15.67 -10.26 -4.86 0.10 5.07 10.50 15.93 22.40 28.88 35.66 42.44 49.01 55.59 62.53 69.48 75.73 81.97 83.28 84.58 78.22 71.86 60.71 49.56 38.49 27.42 18.62
31.22 23.48 13.69 3.89 -5.85 -15.58 -24.01 -32.43 -39.38 -46.33 -52.23 -58.13 -63.61 -69.09 -74.85 -80.61 -87.26 -93.92 -101.63 -109.34 -117.00 -124.66 -129.89 -135.12 -136.54 -137.95 -136.80 -135.65 -133.37 -131.09 -127.06 -123.03 -116.23 -109.43 -100.63 -91.83 -82.84 -73.84 -65.95 -58.05 -51.39 -44.73 -38.58 -32.43 -26.29 -20.15 -14.33 -8.50 -3.06 2.39 8.45 14.52 21.79 29.05 36.59 44.14 51.35 58.56 66.26 73.96 81.11 88.27 90.16 92.05 85.52 79.00 67.34 55.68 44.31 32.94 24.19
19.59 13.09 5.10 -2.88 -11.06 -19.23 -26.71 -34.19 -40.84 -47.49 -53.67 -59.84 -66.03 -72.21 -78.84 -85.47 -93.06 -100.65 -109.56 -118.46 -127.50 -136.54 -142.60 -148.65 -149.83 -151.00 -149.13 -147.26 -144.50 -141.75 -137.39 -133.03 -125.71 -118.39 -109.06 -99.73 -90.46 -81.19 -73.11 -65.03 -58.03 -51.04 -44.43 -37.82 -31.23 -24.63 -18.39 -12.14 -6.22 -0.30 6.41 13.11 21.17 29.23 37.53 45.83 53.69 61.54 69.98 78.43 86.50 94.57 97.04 99.51 92.83 86.14 73.97 61.80 50.13 38.46 29.75
15.91 10.19 3.30 -3.59 -10.75 -17.92 -24.75 -31.58 -38.02 -44.45 -50.79 -57.14 -63.75 -70.35 -77.54 -84.73 -92.97 -101.20 -110.91 -120.62 -130.52 -140.42 -146.99 -153.56 -154.64 -155.72 -153.48 -151.24 -148.25 -145.26 -140.78 -136.30 -128.82 -121.35 -111.91 -102.46 -93.20 -83.93 -75.86 -67.79 -60.69 -53.59 -46.74 -39.90 -33.02 -26.14 -19.61 -13.09 -6.89 -0.69 6.37 13.43 21.93 30.44 39.14 47.85 56.00 64.14 72.95 81.75 90.38 99.00 101.94 104.87 98.31 91.75 79.63 67.51 56.15 44.79 36.61
12.23 7.29 1.50 -4.30 -10.45 -16.61 -22.78 -28.96 -35.19 -41.41 -47.92 -54.43 -61.47 -68.50 -76.24 -83.98 -92.87 -101.76 -112.27 -122.77 -133.53 -144.29 -151.38 -158.46 -159.45 -160.44 -157.83 -155.23 -152.00 -148.77 -144.17 -139.57 -131.94 -124.31 -114.75 -105.19 -95.93 -86.67 -78.61 -70.55 -63.34 -56.13 -49.06 -41.98 -34.81 -27.65 -20.84 -14.03 -7.56 -1.08 6.33 13.74 22.69 31.65 40.76 49.87 58.31 66.74 75.91 85.08 94.25 103.43 106.83 110.23 103.79 97.35 85.29 73.23 62.17 51.11 43.47
17.37 12.77 7.38 1.99 -3.68 -9.36 -15.18 -20.99 -27.13 -33.27 -39.86 -46.44 -53.56 -60.67 -68.56 -76.45 -85.60 -94.76 -105.47 -116.18 -126.93 -137.68 -144.75 -151.81 -152.99 -154.16 -151.74 -149.31 -146.08 -142.86 -138.35 -133.84 -126.66 -119.48 -110.58 -101.68 -92.99 -84.30 -76.62 -68.95 -61.96 -54.96 -47.99 -41.02 -33.88 -26.75 -19.94 -13.13 -6.63 -0.13 7.25 14.63 23.47 32.31 41.30 50.29 58.64 66.98 75.97 84.96 93.87 102.78 106.25 109.71 104.04 98.36 87.52 76.67 66.87 57.07 50.58
22.52 18.25 13.26 8.27 3.08 -2.11 -7.57 -13.03 -19.08 -25.14 -31.79 -38.45 -45.65 -52.85 -60.88 -68.91 -78.33 -87.76 -98.68 -109.59 -120.33 -131.07 -138.12 -145.16 -146.53 -147.89 -145.64 -143.39 -140.17 -136.95 -132.53 -128.11 -121.38 -114.65 -106.41 -98.17 -90.05 -81.93 -74.64 -67.34 -60.57 -53.79 -46.92 -40.05 -32.95 -25.86 -19.04 -12.22 -5.70 0.82 8.17 15.53 24.25 32.98 41.85 50.72 58.97 67.23 76.03 84.83 93.48 102.12 105.66 109.20 104.29 99.38 89.75 80.12 71.57 63.02 57.69
34.89 30.57 25.43 20.28 15.22 10.16 4.87 -0.41 -6.53 -12.66 -19.40 -26.13 -33.15 -40.17 -48.01 -55.86 -65.31 -74.76 -85.58 -96.40 -106.68 -116.95 -123.68 -130.41 -132.05 -133.69 -131.87 -130.06 -126.97 -123.88 -119.70 -115.53 -109.64 -103.75 -96.67 -89.58 -82.41 -75.25 -68.59 -61.93 -55.60 -49.27 -42.72 -36.16 -29.27 -22.37 -15.70 -9.04 -2.71 3.62 10.66 17.71 26.02 34.34 42.79 51.24 59.09 66.94 75.18 83.43 91.43 99.44 102.89 106.35 102.43 98.52 90.63 82.73 76.01 69.29 65.53
47.25 42.88 37.59 32.29 27.36 22.42 17.32 12.21 6.01 -0.18 -7.00 -13.81 -20.65 -27.49 -35.15 -42.81 -52.28 -61.76 -72.48 -83.20 -93.02 -102.84 -109.25 -115.66 -117.58 -119.50 -118.11 -116.72 -113.76 -110.81 -106.87 -102.94 -97.90 -92.85 -86.92 -80.99 -74.77 -68.56 -62.54 -56.52 -50.64 -44.76 -38.52 -32.28 -25.58 -18.88 -12.37 -5.85 0.28 6.41 13.15 19.89 27.80 35.70 43.73 51.76 59.21 66.65 74.33 82.02 89.39 96.75 100.13 103.50 100.58 97.66 91.50 85.35 80.46 75.56 73.37
62.34 57.66 51.88 46.10 41.13 36.15 31.15 26.15 19.79 13.42 6.52 -0.39 -6.89 -13.40 -20.65 -27.91 -37.29 -46.68 -57.28 -67.88 -77.26 -86.64 -92.71 -98.79 -100.85 -102.92 -101.84 -100.76 -97.92 -95.09 -91.44 -87.79 -83.60 -79.41 -74.61 -69.81 -64.51 -59.22 -53.84 -48.46 -43.09 -37.71 -31.81 -25.92 -19.38 -12.84 -6.48 -0.11 5.72 11.55 17.90 24.25 31.78 39.31 46.93 54.55 61.42 68.29 75.33 82.36 89.26 96.15 99.51 102.87 100.59 98.31 93.43 88.56 85.30 82.04 81.33
77.43 72.43 66.17 59.91 54.89 49.88 44.98 40.09 33.56 27.03 20.03 13.03 6.87 0.70 -6.15 -13.00 -22.30 -31.59 -42.08 -52.56 -61.51 -70.45 -76.18 -81.91 -84.13 -86.35 -85.57 -84.79 -82.08 -79.37 -76.00 -72.64 -69.30 -65.96 -62.29 -58.62 -54.25 -49.88 -45.14 -40.41 -35.54 -30.66 -25.11 -19.56 -13.18 -6.81 -0.59 5.63 11.15 16.68 22.64 28.60 35.77 42.93 50.13 57.33 63.63 69.93 76.32 82.71 89.13 95.55 98.90 102.25 100.60 98.96 95.36 91.77 90.14 88.51 89.29
88.61 83.30 76.60 69.90 64.73 59.57 54.70 49.83 43.29 36.75 29.89 23.03 17.32 11.61 5.28 -1.05 -9.99 -18.93 -29.05 -39.18 -47.63 -56.08 -61.44 -66.79 -68.96 -71.13 -70.46 -69.80 -67.17 -64.55 -61.43 -58.31 -55.59 -52.86 -49.97 -47.08 -43.37 -39.66 -35.43 -31.20 -26.74 -22.28 -17.03 -11.78 -5.56 0.66 6.74 12.81 18.06 23.31 28.94 34.57 41.43 48.28 55.09 61.91 67.63 73.35 79.11 84.86 90.83 96.79 99.96 103.14 101.63 100.11 97.02 93.92 93.09 92.27 93.85
99.78 94.17 87.03 79.89 74.57 69.25 64.41 59.57 53.02 46.47 39.75 33.04 27.78 22.52 16.72 10.91 2.32 -6.26 -16.03 -25.80 -33.76 -41.72 -46.69 -51.67 -53.79 -55.91 -55.36 -54.80 -52.26 -49.73 -46.86 -43.99 -41.87 -39.76 -37.65 -35.55 -32.50 -29.45 -25.72 -21.99 -17.94 -13.90 -8.95 -4.00 2.07 8.14 14.06 19.99 24.97 29.95 35.24 40.54 47.09 53.63 60.06 66.48 71.63 76.78 81.89 87.01 92.52 98.03 101.03 104.03 102.65 101.27 98.67 96.08 96.05 96.02 98.42
103.49 97.76 90.44 83.12 77.50 71.88 66.93 61.98 55.77 49.57 43.44 37.32 32.64 27.96 22.75 17.54 9.72 1.90 -7.00 -15.91 -23.10 -30.30 -34.77 -39.25 -41.15 -43.06 -42.48 -41.90 -39.44 -36.98 -34.30 -31.61 -29.81 -28.01 -26.29 -24.57 -21.88 -19.19 -15.76 -12.34 -8.59 -4.83 -0.13 4.57 10.43 16.30 22.05 27.81 32.61 37.42 42.49 47.56 53.80 60.04 66.06 72.08 76.70 81.32 85.77 90.21 94.99 99.76 102.19 104.61 102.93 101.24 98.43 95.61 95.31 95.00 97.25
107.19 101.35 93.85 86.35 80.43 74.51 69.45 64.39 58.53 52.66 47.13 41.61 37.50 33.40 28.79 24.18 17.12 10.07 2.03 -6.01 -12.45 -18.88 -22.85 -26.82 -28.52 -30.21 -29.61 -29.01 -26.62 -24.24 -21.73 -19.23 -17.75 -16.26 -14.93 -13.59 -11.26 -8.92 -5.81 -2.70 0.77 4.24 8.69 13.14 18.80 24.46 30.04 35.62 40.25 44.88 49.73 54.58 60.52 66.45 72.06 77.68 81.77 85.86 89.64 93.42 97.45 101.49 103.35 105.20 103.21 101.22 98.18 95.14 94.56 93.98 96.08
106.73 100.77 93.06 85.36 79.03 72.71 67.52 62.32 56.99 51.66 47.00 42.35 39.00 35.65 31.75 27.86 21.72 15.59 8.60 1.61 -3.90 -9.42 -12.79 -16.16 -17.60 -19.05 -18.37 -17.69 -15.26 -12.83 -10.36 -7.89 -6.57 -5.25 -4.09 -2.93 -0.67 1.59 4.62 7.65 10.93 14.21 18.46 22.70 28.27 33.84 39.36 44.88 49.38 53.88 58.57 63.26 69.04 74.82 80.16 85.49 89.05 92.62 95.65 98.68 101.91 105.15 106.24 107.33 104.59 101.86 97.90 93.94 92.27 90.61 91.87
106.27 100.18 92.27 84.37 77.64 70.91 65.59 60.26 55.46 50.66 46.87 43.09 40.49 37.90 34.72 31.54 26.33 21.12 15.18 9.24 4.64 0.05 -2.72 -5.50 -6.69 -7.88 -7.13 -6.37 -3.90 -1.42 1.01 3.44 4.60 5.76 6.75 7.74 9.92 12.10 15.05 18.00 21.09 24.18 28.22 32.27 37.75 43.23 48.68 54.14 58.51 62.88 67.41 71.94 77.57 83.19 88.25 93.31 96.34 99.37 101.66 103.95 106.38 108.80 109.13 109.46 105.98 102.50 97.62 92.73 89.99 87.24 87.67
106.02 99.68 91.41 83.15 76.09 69.02 63.69 58.35 54.04 49.74 46.76 43.78 42.03 40.27 37.83 35.39 30.88 26.37 21.19 16.00 12.17 8.34 6.07 3.80 2.73 1.66 2.45 3.23 5.87 8.51 11.05 13.59 14.60 15.61 16.49 17.36 19.69 22.01 25.11 28.20 31.18 34.15 38.09 42.03 47.65 53.27 58.86 64.45 68.69 72.93 77.33 81.74 87.46 93.19 98.22 103.24 105.77 108.29 109.89 111.48 113.37 115.26 115.00 114.74 110.26 105.77 99.55 93.33 89.25 85.18 84.57
105.77 99.18 90.55 81.92 74.53 67.14 61.79 56.44 52.62 48.81 46.65 44.48 43.56 42.64 40.94 39.24 35.43 31.62 27.20 22.77 19.70 16.63 14.86 13.09 12.15 11.21 12.02 12.83 15.64 18.45 21.09 23.73 24.60 25.47 26.23 26.98 29.45 31.93 35.17 38.41 41.27 44.13 47.95 51.78 57.54 63.30 69.04 74.77 78.87 82.98 87.25 91.53 97.36 103.18 108.18 113.18 115.20 117.21 118.11 119.01 120.37 121.72 120.87 120.02 114.53 109.04 101.48 93.93 88.52 83.11 81.47
