test/esri_led_20/synt_tma+240m_led_20.esri
nrows             510
ncols             462
xllcorner      398000.00
yllcorner     7846000.00
cellsize          500.00
NODATA_value    -9999
[rows 330 to 362 of 510, columns 375 to 449 of 462]
35.71 36.85 38.31 39.76 41.43 43.09 44.84 46.60 48.38 50.17 51.98 53.79 55.64 57.49 59.39 61.28 63.17 65.06 66.84 68.62 70.16 71.69 72.85 74.00 74.69 75.37 75.56 75.75 75.48 75.21 74.58 73.95 73.11 72.28 71.39 70.50 69.67 68.84 68.13 67.42 66.79 66.15 65.51 64.86 64.07 63.29 62.26 61.23 59.91 58.58 56.97 55.35 53.50 51.65 49.66 47.66 45.63 43.60 41.62 39.64 37.77 35.90 34.16 32.42 30.78 29.14 27.53 25.93 24.29 22.65 20.92 19.19 17.36 15.53 13.60
30.28 31.19 32.61 34.04 35.86 37.68 39.75 41.82 44.03 46.24 48.52 50.81 53.13 55.45 57.77 60.09 62.33 64.57 66.61 68.64 70.34 72.04 73.29 74.54 75.26 75.98 76.16 76.35 76.07 75.78 75.14 74.50 73.66 72.82 71.93 71.04 70.21 69.38 68.65 67.92 67.25 66.58 65.86 65.14 64.24 63.34 62.17 60.99 59.50 58.01 56.21 54.42 52.41 50.39 48.26 46.13 43.99 41.86 39.83 37.80 35.93 34.06 32.36 30.67 29.11 27.55 26.05 24.55 23.04 21.53 19.94 18.35 16.66 14.97 13.20
25.05 25.81 27.28 28.76 30.81 32.85 35.28 37.71 40.35 43.00 45.74 48.48 51.24 53.99 56.68 59.36 61.88 64.40 66.62 68.85 70.65 72.46 73.74 75.03 75.75 76.46 76.62 76.78 76.46 76.14 75.47 74.80 73.93 73.06 72.15 71.23 70.36 69.50 68.72 67.93 67.18 66.42 65.59 64.75 63.71 62.68 61.34 60.01 58.35 56.68 54.73 52.78 50.64 48.49 46.26 44.03 41.84 39.66 37.61 35.57 33.73 31.88 30.25 28.61 27.14 25.67 24.28 22.89 21.50 20.12 18.67 17.23 15.69 14.16 12.56
19.82 20.43 21.96 23.48 25.75 28.02 30.80 33.59 36.67 39.75 42.96 46.16 49.35 52.53 55.58 58.63 61.43 64.22 66.64 69.05 70.96 72.87 74.20 75.52 76.24 76.95 77.08 77.21 76.86 76.50 75.80 75.10 74.21 73.31 72.37 71.42 70.52 69.62 68.78 67.94 67.10 66.27 65.32 64.37 63.19 62.01 60.51 59.02 57.19 55.36 53.26 51.15 48.87 46.58 44.26 41.93 39.69 37.45 35.39 33.34 31.52 29.71 28.13 26.56 25.17 23.79 22.51 21.23 19.97 18.71 17.41 16.10 14.73 13.35 11.92
15.04 15.61 17.27 18.93 21.48 24.03 27.19 30.36 33.86 37.37 40.99 44.61 48.16 51.72 55.06 58.40 61.39 64.38 66.91 69.43 71.38 73.33 74.65 75.96 76.63 77.30 77.38 77.46 77.05 76.64 75.88 75.13 74.19 73.24 72.24 71.24 70.27 69.30 68.37 67.44 66.48 65.52 64.44 63.35 62.01 60.67 59.02 57.36 55.38 53.41 51.17 48.94 46.57 44.20 41.83 39.46 37.22 34.97 32.95 30.92 29.16 27.41 25.91 24.41 23.12 21.83 20.66 19.50 18.37 17.24 16.09 14.95 13.75 12.56 11.34
10.27 10.80 12.59 14.38 17.21 20.04 23.58 27.13 31.06 34.99 39.03 43.06 46.98 50.90 54.53 58.16 61.35 64.54 67.18 69.81 71.80 73.79 75.10 76.40 77.03 77.66 77.68 77.70 77.24 76.77 75.97 75.16 74.17 73.17 72.12 71.06 70.02 68.98 67.96 66.93 65.86 64.78 63.55 62.32 60.83 59.33 57.52 55.70 53.58 51.45 49.09 46.74 44.28 41.83 39.41 36.99 34.74 32.49 30.50 28.50 26.80 25.11 23.69 22.27 21.07 19.88 18.82 17.77 16.77 15.77 14.78 13.79 12.78 11.77 10.75
6.09 6.69 8.69 10.70 13.85 17.00 20.92 24.84 29.16 33.48 37.87 42.26 46.46 50.67 54.50 58.33 61.64 64.95 67.62 70.30 72.27 74.24 75.49 76.73 77.29 77.84 77.79 77.73 77.20 76.66 75.78 74.91 73.85 72.78 71.65 70.51 69.38 68.24 67.09 65.95 64.73 63.52 62.13 60.74 59.09 57.44 55.48 53.52 51.27 49.03 46.60 44.16 41.67 39.18 36.77 34.37 32.17 29.97 28.05 26.12 24.51 22.90 21.58 20.26 19.17 18.09 17.15 16.22 15.37 14.52 13.71 12.90 12.10 11.31 10.55
1.91 2.58 4.80 7.02 10.49 13.96 18.25 22.55 27.26 31.96 36.71 41.45 45.95 50.44 54.47 58.51 61.93 65.35 68.07 70.78 72.73 74.69 75.88 77.07 77.55 78.03 77.90 77.77 77.16 76.55 75.60 74.66 73.52 72.39 71.18 69.96 68.73 67.49 66.23 64.96 63.61 62.25 60.71 59.17 57.36 55.55 53.44 51.34 48.97 46.61 44.10 41.58 39.06 36.53 34.14 31.74 29.59 27.44 25.59 23.75 22.22 20.70 19.48 18.26 17.28 16.29 15.48 14.67 13.97 13.26 12.63 12.00 11.43 10.86 10.35
-1.64 -0.78 1.72 4.22 8.03 11.83 16.48 21.13 26.16 31.19 36.21 41.23 45.92 50.62 54.77 58.92 62.38 65.85 68.54 71.23 73.12 75.02 76.12 77.23 77.62 78.01 77.79 77.57 76.87 76.18 75.16 74.13 72.92 71.70 70.39 69.08 67.73 66.38 64.99 63.59 62.08 60.57 58.87 57.18 55.22 53.27 51.04 48.82 46.38 43.93 41.39 38.85 36.34 33.84 31.51 29.18 27.13 25.07 23.34 21.62 20.22 18.82 17.72 16.62 15.77 14.91 14.24 13.57 13.03 12.50 12.08 11.66 11.35 11.04 10.84
-5.18 -4.14 -1.36 1.43 5.57 9.71 14.71 19.71 25.07 30.43 35.72 41.01 45.90 50.79 55.06 59.33 62.84 66.34 69.01 71.69 73.52 75.34 76.37 77.39 77.69 77.98 77.68 77.37 76.59 75.81 74.71 73.61 72.31 71.01 69.61 68.20 66.74 65.28 63.74 62.21 60.55 58.89 57.04 55.19 53.09 50.99 48.64 46.30 43.78 41.26 38.68 36.11 33.63 31.15 28.88 26.62 24.66 22.71 21.10 19.49 18.21 16.94 15.96 14.98 14.25 13.52 12.99 12.46 12.10 11.74 11.53 11.32 11.27 11.22 11.32
-8.09 -6.76 -3.65 -0.55 3.92 8.39 13.68 18.98 24.59 30.20 35.67 41.14 46.14 51.15 55.45 59.76 63.25 66.74 69.35 71.96 73.71 75.45 76.38 77.30 77.51 77.71 77.32 76.92 76.07 75.21 74.03 72.85 71.46 70.08 68.57 67.07 65.49 63.90 62.23 60.56 58.76 56.95 54.96 52.96 50.73 48.51 46.08 43.65 41.09 38.53 35.98 33.42 31.01 28.60 26.46 24.31 22.50 20.70 19.24 17.79 16.68 15.56 14.74 13.92 13.34 12.77 12.40 12.04 11.88 11.71 11.75 11.79 12.03 12.28 12.72
-10.99 -9.38 -5.95 -2.52 2.27 7.06 12.66 18.26 24.11 29.97 35.62 41.27 46.39 51.50 55.85 60.20 63.67 67.14 69.69 72.24 73.90 75.55 76.39 77.22 77.33 77.44 76.96 76.48 75.54 74.60 73.34 72.08 70.61 69.14 67.54 65.93 64.23 62.53 60.72 58.92 56.96 55.01 52.87 50.73 48.38 46.04 43.52 41.00 38.40 35.81 33.27 30.73 28.40 26.06 24.03 22.00 20.34 18.68 17.39 16.10 15.14 14.19 13.52 12.85 12.43 12.01 11.81 11.62 11.66 11.69 11.97 12.25 12.79 13.33 14.11
-13.24 -11.28 -7.52 -3.76 1.32 6.39 12.21 18.03 24.04 30.05 35.79 41.53 46.67 51.80 56.13 60.46 63.87 67.28 69.75 72.22 73.79 75.35 76.10 76.84 76.88 76.91 76.35 75.80 74.79 73.79 72.46 71.13 69.58 68.03 66.33 64.64 62.82 61.01 59.07 57.13 55.05 52.96 50.70 48.43 45.99 43.55 40.97 38.40 35.81 33.22 30.74 28.27 26.05 23.83 21.96 20.10 18.63 17.16 16.07 14.98 14.22 13.46 12.99 12.51 12.28 12.04 12.05 12.06 12.32 12.58 13.13 13.68 14.52 15.37 16.50
-15.49 -13.18 -9.09 -5.00 0.36 5.72 11.77 17.81 23.97 30.13 35.96 41.78 46.95 52.11 56.41 60.71 64.06 67.41 69.81 72.20 73.67 75.15 75.81 76.47 76.42 76.37 75.75 75.12 74.05 72.98 71.58 70.18 68.55 66.93 65.13 63.34 61.41 59.48 57.42 55.35 53.13 50.91 48.52 46.14 43.60 41.06 38.43 35.81 33.22 30.63 28.21 25.80 23.70 21.59 19.89 18.19 16.91 15.63 14.74 13.85 13.30 12.74 12.45 12.17 12.12 12.08 12.29 12.49 12.98 13.47 14.29 15.10 16.26 17.41 18.88
-17.03 -14.33 -9.94 -5.55 0.02 5.60 11.77 17.93 24.14 30.35 36.17 41.98 47.10 52.21 56.44 60.66 63.93 67.20 69.51 71.81 73.22 74.62 75.22 75.81 75.71 75.61 74.93 74.26 73.14 72.02 70.57 69.11 67.42 65.72 63.85 61.97 59.94 57.91 55.73 53.55 51.21 48.88 46.39 43.90 41.30 38.69 36.05 33.40 30.85 28.30 25.99 23.67 21.73 19.78 18.28 16.77 15.72 14.67 14.03 13.38 13.06 12.74 12.68 12.63 12.81 12.99 13.42 13.86 14.59 15.32 16.40 17.48 18.93 20.38 22.15
-18.56 -15.49 -10.79 -6.10 -0.31 5.47 11.76 18.06 24.31 30.57 36.38 42.18 47.25 52.31 56.46 60.62 63.80 66.98 69.21 71.43 72.76 74.09 74.62 75.15 75.00 74.84 74.12 73.39 72.23 71.06 69.55 68.05 66.28 64.52 62.56 60.60 58.46 56.33 54.04 51.75 49.30 46.85 44.26 41.67 39.00 36.32 33.66 31.00 28.48 25.97 23.76 21.54 19.75 17.96 16.66 15.36 14.54 13.72 13.31 12.90 12.82 12.74 12.91 13.09 13.49 13.90 14.56 15.22 16.20 17.17 18.52 19.87 21.60 23.34 25.42
-19.26 -15.82 -10.89 -5.96 -0.06 5.84 12.15 18.45 24.65 30.85 36.56 42.26 47.20 52.15 56.19 60.23 63.32 66.42 68.57 70.73 72.01 73.29 73.78 74.28 74.09 73.91 73.16 72.42 71.22 70.02 68.48 66.93 65.11 63.29 61.25 59.22 56.99 54.77 52.38 49.98 47.44 44.89 42.23 39.57 36.86 34.15 31.50 28.85 26.41 23.97 21.89 19.81 18.21 16.61 15.54 14.47 13.91 13.35 13.22 13.09 13.28 13.47 13.90 14.33 14.99 15.64 16.54 17.45 18.66 19.88 21.46 23.04 25.01 26.99 29.29
-19.96 -16.16 -10.99 -5.83 0.19 6.21 12.53 18.85 24.99 31.13 36.73 42.33 47.16 51.99 55.92 59.85 62.85 65.85 67.93 70.02 71.25 72.48 72.94 73.40 73.19 72.98 72.21 71.44 70.21 68.99 67.40 65.81 63.94 62.06 59.95 57.83 55.52 53.21 50.71 48.22 45.58 42.94 40.21 37.47 34.72 31.97 29.33 26.70 24.33 21.96 20.02 18.07 16.66 15.25 14.42 13.58 13.29 12.99 13.13 13.27 13.73 14.19 14.89 15.58 16.48 17.39 18.53 19.67 21.13 22.58 24.40 26.22 28.43 30.63 33.17
-19.69 -15.59 -10.27 -4.96 1.06 7.09 13.31 19.53 25.51 31.48 36.90 42.32 46.98 51.64 55.43 59.23 62.13 65.04 67.07 69.10 70.30 71.51 71.96 72.41 72.20 71.99 71.22 70.44 69.20 67.95 66.33 64.70 62.77 60.84 58.66 56.47 54.07 51.67 49.09 46.51 43.79 41.08 38.29 35.50 32.74 29.99 27.40 24.81 22.55 20.29 18.51 16.73 15.54 14.35 13.78 13.21 13.20 13.19 13.63 14.07 14.82 15.57 16.54 17.51 18.67 19.83 21.20 22.57 24.22 25.88 27.87 29.87 32.22 34.57 37.21
-19.41 -15.01 -9.55 -4.09 1.94 7.97 14.09 20.20 26.02 31.84 37.07 42.31 46.80 51.28 54.94 58.60 61.41 64.23 66.20 68.18 69.36 70.54 70.99 71.43 71.22 71.01 70.23 69.44 68.18 66.92 65.26 63.60 61.61 59.62 57.37 55.11 52.62 50.14 47.47 44.80 42.01 39.21 36.37 33.54 30.77 28.00 25.46 22.92 20.76 18.61 16.99 15.38 14.41 13.44 13.14 12.83 13.11 13.39 14.12 14.86 15.90 16.95 18.20 19.44 20.85 22.26 23.87 25.47 27.32 29.18 31.35 33.52 36.01 38.50 41.25
-18.09 -13.46 -7.97 -2.47 3.46 9.38 15.30 21.21 26.78 32.35 37.33 42.32 46.60 50.88 54.39 57.90 60.62 63.34 65.28 67.22 68.39 69.57 70.03 70.48 70.28 70.08 69.30 68.51 67.23 65.94 64.24 62.53 60.48 58.43 56.09 53.75 51.18 48.61 45.86 43.11 40.25 37.39 34.53 31.66 28.92 26.18 23.71 21.25 19.23 17.22 15.81 14.40 13.68 12.96 12.94 12.91 13.50 14.09 15.13 16.17 17.51 18.85 20.37 21.89 23.53 25.17 26.96 28.75 30.74 32.73 34.98 37.23 39.75 42.26 44.98
-16.76 -11.92 -6.38 -0.84 4.98 10.80 16.51 22.22 27.54 32.85 37.60 42.34 46.41 50.48 53.84 57.20 59.83 62.46 64.36 66.26 67.43 68.60 69.07 69.54 69.35 69.15 68.37 67.58 66.27 64.97 63.22 61.47 59.36 57.24 54.82 52.40 49.74 47.08 44.25 41.41 38.49 35.57 32.68 29.79 27.07 24.35 21.96 19.58 17.71 15.83 14.62 13.41 12.94 12.47 12.74 13.00 13.89 14.78 16.13 17.49 19.12 20.76 22.54 24.33 26.20 28.08 30.05 32.03 34.16 36.29 38.62 40.95 43.49 46.02 48.71
-14.40 -9.45 -3.97 1.50 7.12 12.73 18.16 23.58 28.59 33.60 38.05 42.50 46.34 50.19 53.39 56.59 59.14 61.68 63.55 65.42 66.60 67.78 68.26 68.74 68.56 68.37 67.57 66.77 65.43 64.08 62.27 60.46 58.26 56.06 53.54 51.03 48.27 45.52 42.61 39.69 36.73 33.76 30.87 27.97 25.30 22.64 20.37 18.10 16.41 14.72 13.74 12.76 12.56 12.37 12.93 13.50 14.70 15.90 17.55 19.20 21.12 23.03 25.05 27.07 29.13 31.19 33.28 35.38 37.56 39.73 42.03 44.33 46.76 49.18 51.69
-12.04 -6.98 -1.57 3.84 9.26 14.67 19.81 24.95 29.64 34.34 38.50 42.67 46.28 49.89 52.94 55.99 58.45 60.91 62.75 64.59 65.77 66.96 67.45 67.95 67.77 67.59 66.78 65.96 64.58 63.19 61.32 59.44 57.16 54.87 52.27 49.66 46.81 43.96 40.97 37.98 34.96 31.95 29.05 26.15 23.54 20.93 18.78 16.63 15.11 13.60 12.85 12.10 12.18 12.26 13.13 13.99 15.51 17.02 18.97 20.92 23.11 25.30 27.56 29.81 32.06 34.30 36.51 38.73 40.95 43.17 45.44 47.71 50.03 52.34 54.67
-8.86 -3.79 1.47 6.73 11.87 17.01 21.81 26.62 30.97 35.33 39.19 43.06 46.44 49.82 52.72 55.61 58.00 60.38 62.19 64.01 65.19 66.37 66.87 67.37 67.18 66.99 66.14 65.29 63.84 62.39 60.42 58.45 56.06 53.67 50.95 48.23 45.29 42.34 39.28 36.22 33.18 30.13 27.26 24.40 21.87 19.35 17.36 15.37 14.07 12.76 12.28 11.79 12.16 12.54 13.70 14.87 16.68 18.48 20.71 22.93 25.35 27.77 30.21 32.65 35.00 37.35 39.60 41.85 44.02 46.19 48.32 50.44 52.53 54.62 56.63
-5.69 -0.60 4.51 9.61 14.48 19.35 23.82 28.29 32.31 36.32 39.89 43.45 46.60 49.75 52.50 55.24 57.54 59.85 61.64 63.42 64.61 65.79 66.29 66.80 66.59 66.39 65.50 64.61 63.09 61.58 59.52 57.46 54.97 52.47 49.64 46.81 43.77 40.72 37.59 34.46 31.39 28.32 25.48 22.64 20.21 17.78 15.94 14.10 13.02 11.93 11.71 11.48 12.14 12.81 14.28 15.75 17.85 19.95 22.45 24.94 27.59 30.25 32.86 35.48 37.94 40.41 42.69 44.98 47.10 49.21 51.19 53.18 55.03 56.89 58.60
-2.08 2.94 7.84 12.73 17.30 21.86 25.99 30.12 33.81 37.49 40.78 44.06 47.00 49.93 52.54 55.15 57.38 59.61 61.36 63.12 64.29 65.46 65.94 66.42 66.18 65.94 64.98 64.02 62.41 60.80 58.63 56.46 53.84 51.23 48.28 45.34 42.21 39.07 35.89 32.71 29.64 26.58 23.80 21.03 18.73 16.43 14.79 13.15 12.31 11.47 11.52 11.58 12.53 13.48 15.24 16.99 19.35 21.71 24.43 27.14 29.96 32.78 35.50 38.21 40.71 43.20 45.43 47.66 49.63 51.61 53.35 55.10 56.63 58.16 59.48
1.53 6.48 11.16 15.85 20.11 24.38 28.17 31.96 35.31 38.66 41.66 44.67 47.39 50.12 52.59 55.05 57.21 59.37 61.09 62.82 63.97 65.12 65.59 66.05 65.77 65.49 64.46 63.44 61.73 60.03 57.74 55.46 52.72 49.98 46.93 43.87 40.65 37.42 34.19 30.96 27.90 24.83 22.12 19.41 17.25 15.09 13.64 12.19 11.60 11.00 11.34 11.67 12.91 14.16 16.20 18.23 20.85 23.47 26.41 29.34 32.33 35.31 38.13 40.95 43.47 46.00 48.17 50.34 52.17 54.00 55.51 57.02 58.23 59.44 60.37
5.10 9.91 14.37 18.83 22.80 26.77 30.25 33.73 36.80 39.87 42.63 45.39 47.94 50.49 52.85 55.20 57.29 59.38 61.06 62.74 63.86 64.98 65.40 65.81 65.46 65.11 63.99 62.87 61.05 59.23 56.83 54.42 51.56 48.70 45.55 42.40 39.11 35.82 32.58 29.33 26.31 23.30 20.70 18.11 16.12 14.13 12.91 11.69 11.37 11.04 11.65 12.27 13.78 15.30 17.58 19.86 22.68 25.50 28.58 31.66 34.72 37.79 40.62 43.45 45.92 48.38 50.42 52.46 54.07 55.68 56.89 58.11 58.95 59.80 60.30
8.66 13.35 17.57 21.80 25.48 29.16 32.33 35.51 38.29 41.07 43.60 46.12 48.50 50.87 53.11 55.35 57.37 59.39 61.03 62.67 63.75 64.83 65.20 65.57 65.15 64.73 63.52 62.30 60.37 58.44 55.91 53.38 50.40 47.43 44.17 40.92 37.57 34.22 30.96 27.70 24.73 21.76 19.28 16.80 14.99 13.17 12.19 11.20 11.14 11.08 11.97 12.86 14.65 16.44 18.97 21.49 24.51 27.52 30.75 33.97 37.12 40.26 43.11 45.96 48.36 50.76 52.67 54.57 55.96 57.36 58.28 59.19 59.67 60.15 60.24
11.71 16.25 20.26 24.27 27.70 31.14 34.07 37.00 39.56 42.12 44.48 46.83 49.07 51.32 53.47 55.62 57.58 59.53 61.13 62.72 63.74 64.77 65.07 65.37 64.86 64.35 63.03 61.71 59.66 57.61 54.97 52.33 49.26 46.19 42.87 39.56 36.19 32.82 29.60 26.38 23.51 20.64 18.32 16.00 14.40 12.81 12.07 11.34 11.55 11.76 12.92 14.07 16.09 18.11 20.81 23.51 26.65 29.78 33.06 36.33 39.46 42.60 45.37 48.13 50.40 52.67 54.37 56.07 57.21 58.35 58.95 59.56 59.68 59.79 59.48
14.76 19.15 22.95 26.74 29.93 33.12 35.80 38.49 40.83 43.18 45.36 47.54 49.65 51.77 53.83 55.89 57.79 59.68 61.22 62.76 63.73 64.71 64.93 65.16 64.56 63.96 62.54 61.11 58.95 56.79 54.03 51.28 48.11 44.95 41.57 38.19 34.80 31.42 28.24 25.06 22.29 19.52 17.36 15.20 13.82 12.44 11.96 11.48 11.96 12.44 13.86 15.28 17.53 19.77 22.66 25.54 28.79 32.04 35.37 38.69 41.81 44.93 47.62 50.31 52.44 54.57 56.07 57.58 58.46 59.34 59.63 59.92 59.68 59.43 58.73
17.00 21.24 24.85 28.47 31.47 34.48 37.00 39.51 41.72 43.93 46.01 48.08 50.11 52.15 54.15 56.15 57.99 59.83 61.32 62.80 63.71 64.61 64.76 64.91 64.22 63.52 62.00 60.48 58.22 55.97 53.14 50.31 47.09 43.88 40.49 37.10 33.76 30.42 27.33 24.25 21.64 19.03 17.07 15.12 13.98 12.85 12.63 12.41 13.15 13.88 15.52 17.16 19.57 21.99 24.96 27.94 31.22 34.49 37.77 41.04 44.05 47.06 49.59 52.13 54.05 55.98 57.25 58.52 59.13 59.74 59.74 59.74 59.18 58.62 57.58
