test/esri_led_20/synt_tma_0m_led_20.esri
nrows             510
ncols             462
xllcorner      398000.00
yllcorner     7846000.00
cellsize          500.00
NODATA_value    -9999
[rows 429 to 461 of 510, columns 225 to 299 of 462]
48.90 51.34 53.59 55.84 57.82 59.80 61.42 63.03 64.19 65.35 65.92 66.50 66.33 66.16 65.07 63.99 61.84 59.70 56.43 53.16 48.83 44.51 39.35 34.20 28.58 22.95 17.28 11.60 6.30 1.00 -3.58 -8.16 -11.77 -15.38 -17.94 -20.51 -22.08 -23.66 -24.45 -25.24 -25.52 -25.80 -25.85 -25.90 -25.94 -25.97 -26.10 -26.23 -26.45 -26.67 -26.94 -27.21 -27.46 -27.71 -27.93 -28.15 -28.36 -28.57 -28.86 -29.14 -29.60 -30.06 -30.77 -31.48 -32.47 -33.46 -34.70 -35.94 -37.30 -38.65 -39.91 -41.17 -42.07 -42.97 -43.30
44.32 46.84 49.21 51.58 53.69 55.81 57.59 59.36 60.69 62.01 62.74 63.48 63.46 63.44 62.48 61.53 59.49 57.44 54.25 51.06 46.80 42.53 37.42 32.32 26.74 21.16 15.55 9.94 4.74 -0.47 -4.91 -9.35 -12.78 -16.21 -18.54 -20.87 -22.17 -23.48 -23.96 -24.44 -24.40 -24.37 -24.12 -23.88 -23.67 -23.47 -23.45 -23.43 -23.64 -23.84 -24.22 -24.61 -25.10 -25.60 -26.16 -26.71 -27.29 -27.88 -28.52 -29.16 -29.89 -30.63 -31.51 -32.39 -33.45 -34.50 -35.70 -36.91 -38.16 -39.40 -40.53 -41.65 -42.44 -43.23 -43.49
39.74 42.35 44.83 47.31 49.57 51.82 53.76 55.69 57.18 58.67 59.56 60.46 60.59 60.72 59.89 59.07 57.13 55.19 52.08 48.97 44.76 40.55 35.49 30.43 24.90 19.38 13.83 8.29 3.18 -1.93 -6.24 -10.54 -13.79 -17.04 -19.14 -21.24 -22.26 -23.29 -23.47 -23.64 -23.29 -22.94 -22.40 -21.86 -21.41 -20.97 -20.81 -20.64 -20.82 -21.00 -21.50 -22.01 -22.75 -23.49 -24.38 -25.27 -26.23 -27.19 -28.18 -29.17 -30.18 -31.20 -32.25 -33.31 -34.43 -35.54 -36.71 -37.87 -39.01 -40.16 -41.15 -42.14 -42.81 -43.48 -43.68
34.69 37.35 39.92 42.48 44.85 47.22 49.28 51.34 52.96 54.58 55.62 56.65 56.91 57.16 56.46 55.76 53.94 52.13 49.14 46.14 42.05 37.96 33.02 28.07 22.65 17.23 11.80 6.36 1.35 -3.65 -7.85 -12.06 -15.20 -18.33 -20.31 -22.29 -23.18 -24.07 -24.08 -24.10 -23.57 -23.05 -22.34 -21.63 -21.06 -20.49 -20.27 -20.05 -20.28 -20.51 -21.17 -21.84 -22.86 -23.87 -25.10 -26.33 -27.63 -28.93 -30.20 -31.46 -32.63 -33.80 -34.87 -35.93 -36.92 -37.90 -38.82 -39.74 -40.57 -41.41 -42.09 -42.77 -43.19 -43.62 -43.68
29.64 32.35 35.00 37.65 40.13 42.61 44.80 46.98 48.74 50.50 51.67 52.83 53.22 53.61 53.03 52.46 50.76 49.06 46.19 43.32 39.34 35.37 30.54 25.71 20.40 15.09 9.76 4.43 -0.47 -5.38 -9.47 -13.57 -16.60 -19.63 -21.49 -23.35 -24.10 -24.84 -24.70 -24.55 -23.86 -23.16 -22.29 -21.41 -20.71 -20.01 -19.74 -19.46 -19.73 -20.01 -20.84 -21.68 -22.96 -24.25 -25.82 -27.39 -29.03 -30.67 -32.21 -33.75 -35.08 -36.40 -37.48 -38.56 -39.41 -40.26 -40.93 -41.60 -42.13 -42.66 -43.03 -43.41 -43.58 -43.75 -43.67
24.27 27.01 29.70 32.40 34.94 37.48 39.75 42.02 43.87 45.73 46.99 48.26 48.77 49.27 48.83 48.39 46.87 45.34 42.66 39.98 36.23 32.48 27.88 23.27 18.18 13.08 7.93 2.77 -2.01 -6.79 -10.83 -14.86 -17.88 -20.90 -22.78 -24.66 -25.44 -26.23 -26.11 -26.00 -25.32 -24.63 -23.76 -22.89 -22.20 -21.51 -21.28 -21.05 -21.45 -21.84 -22.88 -23.92 -25.50 -27.07 -28.96 -30.85 -32.79 -34.73 -36.47 -38.21 -39.58 -40.96 -41.91 -42.87 -43.43 -44.00 -44.28 -44.55 -44.62 -44.70 -44.64 -44.58 -44.40 -44.23 -43.95
18.91 21.66 24.40 27.14 29.75 32.36 34.71 37.06 39.01 40.95 42.32 43.69 44.31 44.93 44.63 44.33 42.97 41.61 39.13 36.65 33.12 29.59 25.22 20.84 15.96 11.07 6.09 1.11 -3.55 -8.21 -12.18 -16.15 -19.16 -22.16 -24.06 -25.97 -26.79 -27.61 -27.53 -27.44 -26.78 -26.11 -25.24 -24.37 -23.69 -23.01 -22.83 -22.64 -23.16 -23.67 -24.92 -26.17 -28.03 -29.89 -32.10 -34.31 -36.55 -38.78 -40.72 -42.66 -44.08 -45.51 -46.34 -47.17 -47.46 -47.75 -47.62 -47.50 -47.12 -46.74 -46.24 -45.75 -45.23 -44.71 -44.23
13.37 16.09 18.83 21.56 24.19 26.81 29.19 31.57 33.57 35.56 37.01 38.46 39.21 39.96 39.84 39.72 38.62 37.52 35.37 33.22 30.07 26.92 22.94 18.95 14.43 9.90 5.20 0.49 -4.01 -8.51 -12.44 -16.38 -19.47 -22.56 -24.64 -26.72 -27.76 -28.81 -28.96 -29.11 -28.66 -28.20 -27.51 -26.83 -26.30 -25.77 -25.74 -25.71 -26.41 -27.11 -28.60 -30.09 -32.24 -34.40 -36.92 -39.44 -41.94 -44.45 -46.54 -48.64 -50.07 -51.50 -52.15 -52.81 -52.75 -52.70 -52.12 -51.54 -50.65 -49.77 -48.79 -47.81 -46.91 -46.01 -45.29
7.83 10.53 13.26 15.99 18.62 21.26 23.67 26.08 28.13 30.17 31.71 33.24 34.11 34.98 35.05 35.12 34.27 33.43 31.61 29.79 27.02 24.25 20.66 17.07 12.90 8.73 4.30 -0.13 -4.47 -8.81 -12.71 -16.61 -19.79 -22.96 -25.21 -27.46 -28.73 -30.00 -30.39 -30.78 -30.54 -30.30 -29.79 -29.28 -28.90 -28.52 -28.65 -28.77 -29.66 -30.55 -32.28 -34.01 -36.46 -38.91 -41.74 -44.58 -47.34 -50.11 -52.37 -54.63 -56.06 -57.48 -57.96 -58.44 -58.05 -57.65 -56.62 -55.58 -54.19 -52.79 -51.33 -49.87 -48.59 -47.30 -46.35
2.23 4.85 7.52 10.20 12.79 15.39 17.78 20.17 22.23 24.29 25.89 27.50 28.54 29.57 29.91 30.26 29.81 29.37 28.06 26.75 24.57 22.38 19.39 16.40 12.77 9.14 5.12 1.10 -3.02 -7.14 -11.02 -14.90 -18.24 -21.58 -24.14 -26.71 -28.37 -30.04 -30.85 -31.66 -31.81 -31.96 -31.79 -31.62 -31.52 -31.42 -31.78 -32.15 -33.28 -34.41 -36.41 -38.41 -41.17 -43.92 -47.07 -50.21 -53.25 -56.30 -58.73 -61.16 -62.62 -64.07 -64.42 -64.76 -64.08 -63.40 -61.97 -60.53 -58.69 -56.84 -54.94 -53.05 -51.40 -49.75 -48.57
-3.38 -0.83 1.79 4.41 6.96 9.51 11.88 14.25 16.32 18.40 20.08 21.77 22.96 24.16 24.78 25.40 25.35 25.30 24.51 23.71 22.11 20.52 18.13 15.74 12.65 9.56 5.94 2.32 -1.57 -5.47 -9.33 -13.19 -16.70 -20.20 -23.08 -25.95 -28.01 -30.07 -31.30 -32.53 -33.08 -33.63 -33.79 -33.95 -34.13 -34.31 -34.92 -35.52 -36.90 -38.27 -40.54 -42.82 -45.87 -48.93 -52.39 -55.85 -59.16 -62.48 -65.08 -67.69 -69.17 -70.66 -70.87 -71.08 -70.12 -69.15 -67.32 -65.48 -63.19 -60.89 -58.55 -56.22 -54.21 -52.20 -50.79
-8.95 -6.50 -3.99 -1.48 0.97 3.43 5.73 8.03 10.10 12.17 13.94 15.72 17.15 18.58 19.60 20.61 21.14 21.66 21.58 21.51 20.73 19.95 18.39 16.83 14.47 12.11 9.03 5.95 2.35 -1.25 -5.10 -8.94 -12.67 -16.41 -19.70 -22.99 -25.58 -28.18 -29.97 -31.77 -32.84 -33.92 -34.53 -35.15 -35.69 -36.24 -37.15 -38.06 -39.70 -41.35 -43.91 -46.47 -49.84 -53.21 -56.99 -60.78 -64.40 -68.01 -70.85 -73.69 -75.30 -76.91 -77.11 -77.31 -76.21 -75.11 -73.03 -70.95 -68.35 -65.74 -63.08 -60.43 -58.14 -55.85 -54.23
-14.52 -12.18 -9.77 -7.37 -5.01 -2.66 -0.43 1.80 3.87 5.93 7.80 9.68 11.34 13.00 14.41 15.83 16.92 18.01 18.66 19.31 19.35 19.39 18.65 17.92 16.29 14.66 12.12 9.59 6.27 2.96 -0.87 -4.69 -8.65 -12.62 -16.33 -20.03 -23.16 -26.28 -28.64 -31.00 -32.60 -34.21 -35.28 -36.34 -37.25 -38.16 -39.38 -40.59 -42.51 -44.44 -47.28 -50.13 -53.81 -57.49 -61.60 -65.71 -69.63 -73.55 -76.62 -79.69 -81.43 -83.16 -83.35 -83.54 -82.30 -81.06 -78.74 -76.42 -73.50 -70.59 -67.61 -64.64 -62.06 -59.49 -57.67
-19.92 -17.72 -15.47 -13.22 -11.01 -8.80 -6.68 -4.55 -2.50 -0.45 1.55 3.55 5.53 7.51 9.45 11.40 13.24 15.08 16.65 18.23 19.29 20.36 20.64 20.92 20.18 19.44 17.55 15.67 12.69 9.72 5.91 2.10 -2.14 -6.38 -10.58 -14.78 -18.52 -22.26 -25.27 -28.27 -30.48 -32.69 -34.28 -35.86 -37.18 -38.49 -40.03 -41.57 -43.77 -45.97 -49.09 -52.21 -56.19 -60.17 -64.61 -69.05 -73.30 -77.55 -80.92 -84.30 -86.27 -88.24 -88.58 -88.92 -87.73 -86.53 -84.16 -81.79 -78.76 -75.73 -72.58 -69.44 -66.70 -63.95 -61.98
-25.32 -23.27 -21.17 -19.07 -17.01 -14.95 -12.93 -10.91 -8.87 -6.84 -4.71 -2.58 -0.28 2.02 4.49 6.97 9.56 12.15 14.65 17.14 19.24 21.33 22.63 23.93 24.08 24.22 22.98 21.75 19.11 16.48 12.68 8.89 4.37 -0.14 -4.83 -9.52 -13.88 -18.24 -21.89 -25.55 -28.37 -31.18 -33.28 -35.37 -37.10 -38.82 -40.68 -42.54 -45.02 -47.50 -50.90 -54.30 -58.58 -62.86 -67.62 -72.39 -76.97 -81.55 -85.23 -88.91 -91.12 -93.33 -93.82 -94.30 -93.15 -92.01 -89.59 -87.17 -84.02 -80.86 -77.55 -74.25 -71.33 -68.41 -66.28
-30.41 -28.52 -26.62 -24.72 -22.84 -20.97 -19.08 -17.18 -15.16 -13.13 -10.83 -8.53 -5.84 -3.14 -0.01 3.12 6.59 10.07 13.64 17.20 20.46 23.71 26.14 28.57 29.68 30.79 30.24 29.69 27.40 25.10 21.30 17.50 12.67 7.85 2.62 -2.60 -7.61 -12.62 -16.94 -21.27 -24.71 -28.14 -30.75 -33.35 -35.48 -37.60 -39.76 -41.91 -44.64 -47.36 -50.99 -54.62 -59.15 -63.69 -68.74 -73.80 -78.71 -83.61 -87.62 -91.63 -94.16 -96.68 -97.44 -98.20 -97.25 -96.31 -94.02 -91.72 -88.62 -85.51 -82.19 -78.86 -75.88 -72.90 -70.67
-35.49 -33.77 -32.06 -30.36 -28.67 -26.99 -25.23 -23.46 -21.45 -19.43 -16.96 -14.49 -11.39 -8.29 -4.52 -0.74 3.63 7.99 12.63 17.27 21.68 26.10 29.66 33.22 35.29 37.37 37.50 37.63 35.68 33.73 29.92 26.11 20.97 15.83 10.08 4.32 -1.34 -7.00 -12.00 -17.00 -21.05 -25.10 -28.22 -31.34 -33.86 -36.37 -38.83 -41.29 -44.25 -47.22 -51.08 -54.94 -59.73 -64.52 -69.87 -75.21 -80.44 -85.67 -90.01 -94.36 -97.20 -100.04 -101.06 -102.09 -101.35 -100.61 -98.44 -96.28 -93.22 -90.16 -86.82 -83.48 -80.43 -77.38 -75.06
-40.06 -38.54 -37.07 -35.59 -34.12 -32.66 -31.04 -29.42 -27.40 -25.38 -22.70 -20.01 -16.45 -12.89 -8.39 -3.89 1.43 6.75 12.51 18.27 23.87 29.46 34.14 38.82 41.82 44.81 45.58 46.34 44.66 42.99 39.12 35.24 29.75 24.27 17.97 11.68 5.39 -0.90 -6.53 -12.17 -16.78 -21.39 -24.96 -28.53 -31.38 -34.23 -36.91 -39.60 -42.73 -45.86 -49.87 -53.88 -58.84 -63.79 -69.34 -74.89 -80.37 -85.85 -90.48 -95.11 -98.26 -101.41 -102.74 -104.07 -103.60 -103.14 -101.19 -99.25 -96.34 -93.44 -90.19 -86.93 -83.90 -80.87 -78.52
-44.62 -43.31 -42.07 -40.82 -39.57 -38.33 -36.85 -35.37 -33.35 -31.33 -28.44 -25.54 -21.52 -17.49 -12.26 -7.03 -0.76 5.51 12.39 19.27 26.05 32.83 38.63 44.42 48.34 52.26 53.65 55.04 53.65 52.25 48.31 44.37 38.54 32.71 25.87 19.04 12.12 5.20 -1.07 -7.33 -12.50 -17.67 -21.69 -25.71 -28.90 -32.08 -34.99 -37.91 -41.21 -44.51 -48.67 -52.82 -57.94 -63.06 -68.82 -74.57 -80.30 -86.02 -90.94 -95.86 -99.32 -102.78 -104.41 -106.05 -105.86 -105.66 -103.94 -102.22 -99.47 -96.72 -93.55 -90.38 -87.37 -84.36 -81.97
-48.48 -47.40 -46.41 -45.43 -44.42 -43.41 -42.07 -40.74 -38.70 -36.66 -33.52 -30.38 -25.86 -21.35 -15.38 -9.42 -2.21 5.00 12.94 20.87 28.72 36.57 43.33 50.09 54.77 59.45 61.30 63.16 61.92 60.67 56.58 52.50 46.29 40.08 32.73 25.39 17.91 10.43 3.64 -3.15 -8.77 -14.39 -18.74 -23.10 -26.50 -29.91 -32.95 -36.00 -39.36 -42.72 -46.90 -51.09 -56.24 -61.39 -67.20 -73.01 -78.85 -84.68 -89.76 -94.83 -98.50 -102.16 -104.03 -105.90 -105.95 -106.00 -104.49 -102.99 -100.42 -97.85 -94.81 -91.77 -88.83 -85.89 -83.52
-52.33 -51.48 -50.76 -50.04 -49.26 -48.49 -47.30 -46.11 -44.05 -41.99 -38.60 -35.22 -30.21 -25.20 -18.50 -11.80 -3.65 4.49 13.48 22.47 31.38 40.30 48.03 55.75 61.19 66.63 68.95 71.28 70.18 69.09 64.85 60.62 54.04 47.45 39.60 31.74 23.70 15.66 8.34 1.02 -5.04 -11.10 -15.79 -20.48 -24.11 -27.73 -30.91 -34.08 -37.50 -40.92 -45.14 -49.35 -54.53 -59.71 -65.58 -71.46 -77.40 -83.34 -88.57 -93.81 -97.68 -101.54 -103.65 -105.76 -106.04 -106.33 -105.04 -103.76 -101.37 -98.98 -96.06 -93.15 -90.28 -87.42 -85.07
-55.29 -54.70 -54.26 -53.82 -53.28 -52.74 -51.68 -50.63 -48.52 -46.42 -42.78 -39.14 -33.65 -28.16 -20.78 -13.39 -4.43 4.54 14.40 24.26 34.01 43.75 52.17 60.60 66.52 72.45 75.00 77.56 76.44 75.32 70.85 66.38 59.41 52.44 44.14 35.84 27.37 18.89 11.20 3.51 -2.83 -9.17 -14.04 -18.91 -22.62 -26.33 -29.50 -32.67 -36.03 -39.39 -43.50 -47.61 -52.66 -57.72 -63.47 -69.23 -75.08 -80.94 -86.14 -91.34 -95.24 -99.13 -101.32 -103.50 -103.91 -104.31 -103.15 -102.00 -99.74 -97.48 -94.68 -91.88 -89.11 -86.34 -84.07
-58.24 -57.91 -57.75 -57.59 -57.30 -57.00 -56.07 -55.14 -53.00 -50.85 -46.96 -43.07 -37.09 -31.12 -23.05 -14.98 -5.20 4.58 15.32 26.05 36.63 47.20 56.32 65.44 71.85 78.26 81.05 83.84 82.70 81.56 76.84 72.13 64.78 57.43 48.69 39.94 31.03 22.13 14.06 6.00 -0.62 -7.24 -12.28 -17.33 -21.12 -24.92 -28.09 -31.27 -34.56 -37.86 -41.86 -45.86 -50.79 -55.72 -61.36 -67.00 -72.77 -78.54 -83.71 -88.88 -92.80 -96.72 -98.98 -101.25 -101.77 -102.29 -101.26 -100.24 -98.11 -95.98 -93.30 -90.62 -87.94 -85.27 -83.07
-60.15 -60.11 -60.24 -60.37 -60.30 -60.22 -59.40 -58.57 -56.36 -54.15 -50.00 -45.85 -39.44 -33.04 -24.41 -15.78 -5.38 5.03 16.36 27.69 38.77 49.84 59.30 68.77 75.33 81.89 84.64 87.40 86.05 84.70 79.68 74.65 66.95 59.24 50.16 41.08 31.91 22.74 14.51 6.28 -0.42 -7.12 -12.17 -17.22 -20.94 -24.67 -27.71 -30.76 -33.87 -36.98 -40.75 -44.51 -49.17 -53.82 -59.17 -64.51 -70.00 -75.49 -80.42 -85.35 -89.09 -92.83 -94.98 -97.13 -97.59 -98.06 -97.04 -96.02 -93.93 -91.84 -89.23 -86.62 -84.05 -81.48 -79.42
-62.07 -62.31 -62.73 -63.14 -63.29 -63.45 -62.72 -62.00 -59.72 -57.44 -53.04 -48.63 -41.80 -34.96 -25.77 -16.58 -5.56 5.47 17.40 29.33 40.90 52.48 62.29 72.09 78.81 85.52 88.24 90.95 89.40 87.85 82.51 77.17 69.11 61.05 51.64 42.22 32.79 23.36 14.96 6.55 -0.23 -7.01 -12.05 -17.10 -20.76 -24.42 -27.34 -30.26 -33.18 -36.11 -39.64 -43.17 -47.55 -51.92 -56.98 -62.03 -67.24 -72.44 -77.13 -81.82 -85.38 -88.94 -90.97 -93.01 -93.42 -93.83 -92.81 -91.79 -89.74 -87.70 -85.16 -82.63 -80.16 -77.70 -75.78
-62.86 -63.41 -64.10 -64.80 -65.14 -65.48 -64.81 -64.14 -61.76 -59.39 -54.75 -50.10 -42.92 -35.73 -26.15 -16.57 -5.18 6.21 18.40 30.60 42.29 53.99 63.75 73.51 80.04 86.56 88.97 91.39 89.48 87.58 81.90 76.22 67.88 59.54 49.95 40.37 30.88 21.39 13.04 4.69 -1.96 -8.61 -13.48 -18.35 -21.80 -25.24 -27.93 -30.61 -33.25 -35.90 -39.10 -42.30 -46.29 -50.28 -54.90 -59.53 -64.30 -69.06 -73.34 -77.61 -80.80 -83.99 -85.73 -87.48 -87.68 -87.88 -86.72 -85.57 -83.47 -81.38 -78.87 -76.37 -74.03 -71.68 -69.96
-63.66 -64.52 -65.48 -66.45 -66.98 -67.51 -66.89 -66.28 -63.81 -61.34 -56.45 -51.57 -44.04 -36.50 -26.53 -16.56 -4.80 6.95 19.41 31.87 43.68 55.50 65.22 74.93 81.27 87.60 89.71 91.82 89.57 87.31 81.29 75.26 66.65 58.03 48.27 38.51 28.97 19.43 11.12 2.82 -3.70 -10.22 -14.90 -19.59 -22.83 -26.07 -28.51 -30.96 -33.32 -35.69 -38.56 -41.42 -45.03 -48.63 -52.83 -57.03 -61.36 -65.68 -69.54 -73.39 -76.22 -79.05 -80.50 -81.94 -81.93 -81.92 -80.63 -79.35 -77.20 -75.06 -72.59 -70.12 -67.89 -65.66 -64.14
-63.35 -64.52 -65.73 -66.94 -67.60 -68.25 -67.63 -67.01 -64.41 -61.81 -56.71 -51.60 -43.83 -36.05 -25.88 -15.71 -3.87 7.96 20.34 32.71 44.27 55.82 65.13 74.44 80.27 86.10 87.70 89.31 86.61 83.91 77.57 71.23 62.46 53.70 43.96 34.22 24.84 15.47 7.45 -0.58 -6.77 -12.96 -17.32 -21.68 -24.60 -27.52 -29.65 -31.78 -33.82 -35.87 -38.36 -40.85 -44.02 -47.19 -50.90 -54.60 -58.40 -62.21 -65.54 -68.88 -71.22 -73.57 -74.61 -75.65 -75.31 -74.98 -73.47 -71.97 -69.71 -67.46 -65.00 -62.54 -60.44 -58.35 -57.09
-63.04 -64.52 -65.97 -67.43 -68.22 -69.00 -68.38 -67.75 -65.02 -62.28 -56.96 -51.64 -43.62 -35.59 -25.23 -14.86 -2.94 8.97 21.27 33.56 44.85 56.14 65.04 73.94 79.27 84.60 85.70 86.79 83.65 80.51 73.85 67.19 58.28 49.36 39.64 29.92 20.72 11.52 3.77 -3.98 -9.85 -15.71 -19.74 -23.76 -26.36 -28.96 -30.78 -32.61 -34.32 -36.04 -38.16 -40.28 -43.02 -45.75 -48.96 -52.17 -55.45 -58.73 -61.55 -64.36 -66.23 -68.10 -68.72 -69.35 -68.69 -68.03 -66.31 -64.59 -62.22 -59.86 -57.41 -54.96 -53.00 -51.04 -50.05
-61.71 -63.49 -65.14 -66.79 -67.63 -68.47 -67.76 -67.06 -64.15 -61.25 -55.73 -50.22 -42.06 -33.90 -23.53 -13.15 -1.43 10.30 22.19 34.08 44.79 55.49 63.67 71.86 76.46 81.06 81.51 81.97 78.36 74.76 67.87 60.99 52.08 43.18 33.69 24.20 15.38 6.57 -0.71 -7.99 -13.38 -18.76 -22.34 -25.92 -28.15 -30.38 -31.87 -33.37 -34.77 -36.17 -37.95 -39.73 -42.05 -44.38 -47.12 -49.86 -52.62 -55.38 -57.66 -59.95 -61.31 -62.68 -62.87 -63.06 -62.05 -61.04 -59.08 -57.11 -54.63 -52.15 -49.72 -47.29 -45.50 -43.70 -43.02
-60.38 -62.46 -64.30 -66.15 -67.04 -67.93 -67.15 -66.36 -63.29 -60.21 -54.50 -48.79 -40.50 -32.20 -21.83 -11.45 0.09 11.63 23.12 34.61 44.72 54.83 62.30 69.78 73.65 77.52 77.33 77.14 73.08 69.01 61.90 54.78 45.89 36.99 27.73 18.47 10.04 1.61 -5.19 -12.00 -16.90 -21.80 -24.95 -28.09 -29.94 -31.79 -32.96 -34.13 -35.22 -36.31 -37.74 -39.17 -41.09 -43.01 -45.28 -47.54 -49.79 -52.03 -53.78 -55.54 -56.40 -57.27 -57.02 -56.77 -55.41 -54.05 -51.85 -49.64 -47.04 -44.44 -42.03 -39.62 -37.99 -36.36 -35.99
-58.20 -60.55 -62.51 -64.48 -65.34 -66.20 -65.27 -64.33 -61.05 -57.77 -51.89 -46.01 -37.68 -29.35 -19.14 -8.93 2.20 13.33 24.18 35.02 44.30 53.58 60.15 66.71 69.73 72.75 71.88 71.02 66.54 62.07 54.85 47.63 38.93 30.22 21.38 12.53 4.66 -3.21 -9.40 -15.60 -19.93 -24.26 -26.92 -29.58 -31.06 -32.54 -33.44 -34.33 -35.18 -36.02 -37.20 -38.38 -39.99 -41.60 -43.50 -45.39 -47.20 -49.02 -50.33 -51.64 -52.08 -52.51 -51.89 -51.27 -49.62 -47.97 -45.57 -43.18 -40.51 -37.84 -35.49 -33.14 -31.71 -30.28 -30.23
-56.01 -58.63 -60.72 -62.81 -63.64 -64.47 -63.38 -62.29 -58.80 -55.32 -49.27 -43.23 -34.86 -26.49 -16.44 -6.40 4.32 15.04 25.23 35.43 43.88 52.33 57.99 63.65 65.82 67.98 66.44 64.89 60.01 55.13 47.81 40.49 31.97 23.45 15.02 6.59 -0.72 -8.02 -13.61 -19.21 -22.96 -26.71 -28.90 -31.08 -32.19 -33.30 -33.91 -34.52 -35.13 -35.74 -36.66 -37.58 -38.89 -40.19 -41.71 -43.23 -44.62 -46.01 -46.87 -47.74 -47.75 -47.76 -46.76 -45.77 -43.83 -41.88 -39.30 -36.72 -33.98 -31.24 -28.95 -26.66 -25.43 -24.19 -24.48
