test/esri_led_20/synt_tma_3600m_led_20.esri
nrows             510
ncols             462
xllcorner      398000.00
yllcorner     7846000.00
cellsize          500.00
NODATA_value    -9999
[rows 64 to 95 of 510, columns 292 to 364 of 462]
90.53 89.85 89.17 86.09 83.02 77.92 72.82 66.21 59.60 52.17 44.75 37.51 30.27 24.41 18.55 15.09 11.63 10.94 10.26 11.88 13.49 16.27 19.05 21.70 24.35 25.93 27.51 27.56 27.61 25.98 24.36 21.00 17.63 12.65 7.67 1.49 -4.69 -11.41 -18.12 -24.69 -31.26 -37.12 -42.98 -47.60 -52.22 -55.06 -57.89 -58.52 -59.14 -57.48 -55.82 -52.33 -48.83 -44.31 -39.78 -35.05 -30.32 -25.96 -21.60 -17.91 -14.21 -11.27 -8.34 -6.18 -4.02 -2.60 -1.18 -0.41 0.37 0.58 0.80 0.51 0.22
85.54 85.32 85.10 82.49 79.88 75.18 70.48 64.12 57.75 50.37 43.00 35.62 28.25 22.16 16.06 12.35 8.63 7.74 6.85 8.36 9.87 12.70 15.53 18.42 21.31 23.32 25.33 25.94 26.54 25.48 24.42 21.52 18.62 13.92 9.22 3.14 -2.94 -9.72 -16.50 -23.27 -30.04 -36.21 -42.37 -47.36 -52.35 -55.59 -58.83 -59.86 -60.88 -59.60 -58.31 -55.15 -51.99 -47.74 -43.49 -38.96 -34.42 -30.17 -25.93 -22.26 -18.58 -15.59 -12.59 -10.30 -8.00 -6.38 -4.75 -3.72 -2.69 -2.18 -1.68 -1.69 -1.69
81.61 81.83 82.04 79.89 77.75 73.45 69.15 63.04 56.94 49.63 42.32 34.83 27.35 21.00 14.66 10.61 6.56 5.31 4.06 5.26 6.46 9.11 11.77 14.70 17.64 19.94 22.23 23.31 24.39 23.87 23.36 20.96 18.57 14.28 9.98 4.18 -1.62 -8.25 -14.89 -21.66 -28.43 -34.72 -41.01 -46.22 -51.43 -54.95 -58.48 -59.83 -61.17 -60.24 -59.31 -56.49 -53.67 -49.73 -45.78 -41.48 -37.18 -33.08 -28.97 -25.36 -21.74 -18.72 -15.70 -13.31 -10.91 -9.12 -7.32 -6.08 -4.84 -4.11 -3.38 -3.15 -2.92
77.68 78.33 78.99 77.30 75.61 71.71 67.81 61.97 56.12 48.88 41.65 34.05 26.45 19.85 13.25 8.87 4.48 2.87 1.26 2.15 3.04 5.52 8.00 10.99 13.97 16.56 19.14 20.69 22.24 22.26 22.29 20.40 18.52 14.64 10.75 5.23 -0.29 -6.78 -13.28 -20.05 -26.82 -33.23 -39.64 -45.07 -50.50 -54.31 -58.12 -59.80 -61.47 -60.88 -60.30 -57.83 -55.35 -51.71 -48.07 -44.00 -39.93 -35.98 -32.02 -28.46 -24.90 -21.85 -18.81 -16.31 -13.81 -11.86 -9.90 -8.45 -7.00 -6.04 -5.08 -4.61 -4.14
74.68 75.71 76.74 75.47 74.19 70.67 67.16 61.58 56.01 48.88 41.75 34.08 26.42 19.61 12.79 8.06 3.33 1.30 -0.74 -0.29 0.16 2.31 4.46 7.33 10.20 12.92 15.64 17.55 19.45 19.94 20.43 19.03 17.63 14.19 10.76 5.62 0.47 -5.75 -11.97 -18.58 -25.19 -31.57 -37.95 -43.45 -48.96 -52.92 -56.88 -58.77 -60.67 -60.36 -60.04 -57.87 -55.70 -52.34 -48.98 -45.14 -41.29 -37.47 -33.66 -30.15 -26.65 -23.58 -20.52 -17.93 -15.34 -13.24 -11.13 -9.49 -7.86 -6.69 -5.53 -4.85 -4.17
71.68 73.09 74.50 73.63 72.77 69.63 66.50 61.19 55.89 48.87 41.85 34.12 26.40 19.36 12.33 7.26 2.19 -0.28 -2.74 -2.73 -2.71 -0.89 0.93 3.67 6.42 9.29 12.15 14.40 16.65 17.61 18.56 17.65 16.74 13.75 10.77 6.00 1.23 -4.71 -10.65 -17.11 -23.57 -29.91 -36.26 -41.83 -47.41 -51.52 -55.64 -57.75 -59.87 -59.83 -59.79 -57.92 -56.05 -52.97 -49.90 -46.27 -42.65 -38.97 -35.29 -31.84 -28.40 -25.31 -22.22 -19.55 -16.87 -14.62 -12.36 -10.54 -8.72 -7.35 -5.98 -5.09 -4.20
69.40 71.09 72.78 72.24 71.71 68.91 66.11 61.07 56.04 49.17 42.30 34.59 26.88 19.72 12.55 7.21 1.86 -1.00 -3.86 -4.29 -4.72 -3.29 -1.86 0.67 3.20 6.06 8.93 11.38 13.83 15.11 16.39 15.86 15.33 12.74 10.15 5.76 1.37 -4.25 -9.86 -16.06 -22.26 -28.44 -34.62 -40.12 -45.62 -49.73 -53.85 -56.04 -58.24 -58.34 -58.45 -56.77 -55.09 -52.21 -49.33 -45.87 -42.41 -38.82 -35.24 -31.82 -28.40 -25.27 -22.15 -19.37 -16.59 -14.18 -11.77 -9.75 -7.74 -6.16 -4.58 -3.47 -2.36
67.13 69.09 71.06 70.86 70.66 68.19 65.72 60.96 56.19 49.47 42.75 35.06 27.36 20.07 12.77 7.16 1.54 -1.71 -4.97 -5.84 -6.72 -5.68 -4.64 -2.33 -0.03 2.84 5.70 8.35 11.00 12.61 14.21 14.06 13.92 11.72 9.53 5.52 1.50 -3.78 -9.07 -15.01 -20.96 -26.98 -32.99 -38.41 -43.83 -47.95 -52.06 -54.33 -56.60 -56.85 -57.11 -55.62 -54.13 -51.45 -48.76 -45.46 -42.16 -38.68 -35.19 -31.80 -28.40 -25.23 -22.07 -19.19 -16.31 -13.74 -11.18 -8.97 -6.76 -4.97 -3.18 -1.85 -0.53
65.25 67.38 69.50 69.52 69.54 67.34 65.13 60.62 56.11 49.60 43.10 35.53 27.96 20.68 13.41 7.66 1.91 -1.61 -5.13 -6.36 -7.59 -6.91 -6.23 -4.20 -2.16 0.57 3.30 5.96 8.63 10.36 12.09 12.16 12.22 10.30 8.38 4.67 0.96 -4.00 -8.96 -14.59 -20.23 -25.96 -31.68 -36.86 -42.04 -45.97 -49.91 -52.07 -54.23 -54.46 -54.68 -53.23 -51.78 -49.17 -46.56 -43.32 -40.09 -36.64 -33.18 -29.77 -26.36 -23.13 -19.89 -16.88 -13.88 -11.13 -8.39 -5.97 -3.54 -1.51 0.52 2.09 3.66
63.37 65.66 67.95 68.19 68.43 66.48 64.54 60.28 56.03 49.73 43.44 36.00 28.56 21.30 14.04 8.17 2.29 -1.50 -5.28 -6.87 -8.47 -8.14 -7.82 -6.06 -4.30 -1.70 0.90 3.58 6.25 8.11 9.98 10.25 10.53 8.88 7.22 3.82 0.42 -4.22 -8.86 -14.17 -19.49 -24.94 -30.38 -35.31 -40.24 -44.00 -47.75 -49.81 -51.86 -52.06 -52.26 -50.85 -49.44 -46.89 -44.35 -41.18 -38.01 -34.59 -31.18 -27.75 -24.32 -21.02 -17.71 -14.58 -11.44 -8.52 -5.60 -2.96 -0.32 1.94 4.21 6.03 7.85
61.61 63.94 66.28 66.63 66.98 65.21 63.44 59.43 55.41 49.40 43.38 36.21 29.04 21.97 14.90 9.07 3.25 -0.64 -4.53 -6.35 -8.17 -8.13 -8.10 -6.63 -5.16 -2.81 -0.45 2.04 4.54 6.32 8.10 8.40 8.69 7.16 5.63 2.45 -0.74 -5.09 -9.43 -14.39 -19.35 -24.38 -29.42 -33.93 -38.45 -41.82 -45.19 -46.95 -48.70 -48.70 -48.69 -47.15 -45.62 -43.02 -40.42 -37.22 -34.03 -30.59 -27.15 -23.67 -20.20 -16.80 -13.41 -10.13 -6.86 -3.75 -0.64 2.24 5.12 7.66 10.19 12.29 14.38
59.84 62.23 64.61 65.07 65.54 63.94 62.35 58.58 54.80 49.07 43.33 36.43 29.52 22.64 15.75 9.98 4.21 0.21 -3.78 -5.82 -7.87 -8.12 -8.38 -7.20 -6.02 -3.91 -1.81 0.51 2.83 4.53 6.22 6.54 6.85 5.45 4.04 1.07 -1.91 -5.96 -10.01 -14.61 -19.20 -23.83 -28.45 -32.55 -36.65 -39.64 -42.64 -44.09 -45.54 -45.33 -45.11 -43.46 -41.80 -39.14 -36.48 -33.26 -30.04 -26.58 -23.11 -19.60 -16.08 -12.59 -9.10 -5.69 -2.27 1.03 4.33 7.45 10.57 13.37 16.18 18.54 20.91
58.06 60.41 62.76 63.26 63.75 62.28 60.81 57.26 53.72 48.31 42.90 36.37 29.84 23.28 16.71 11.14 5.57 1.61 -2.34 -4.49 -6.65 -7.12 -7.60 -6.71 -5.83 -4.05 -2.28 -0.28 1.72 3.17 4.61 4.80 4.98 3.58 2.18 -0.64 -3.47 -7.23 -11.00 -15.18 -19.36 -23.45 -27.55 -31.07 -34.58 -37.02 -39.46 -40.44 -41.42 -40.86 -40.29 -38.39 -36.49 -33.69 -30.88 -27.59 -24.29 -20.80 -17.30 -13.74 -10.19 -6.63 -3.07 0.47 4.00 7.48 10.96 14.31 17.66 20.73 23.81 26.45 29.10
56.28 58.60 60.92 61.45 61.97 60.62 59.27 55.95 52.64 47.56 42.48 36.31 30.15 23.91 17.68 12.30 6.93 3.01 -0.91 -3.17 -5.43 -6.12 -6.81 -6.22 -5.63 -4.19 -2.75 -1.07 0.61 1.81 3.00 3.05 3.11 1.71 0.32 -2.35 -5.03 -8.51 -11.99 -15.75 -19.51 -23.08 -26.65 -29.58 -32.52 -34.40 -36.28 -36.80 -37.31 -36.38 -35.46 -33.32 -31.18 -28.24 -25.29 -21.92 -18.55 -15.02 -11.48 -7.89 -4.30 -0.67 2.96 6.62 10.28 13.93 17.59 21.17 24.75 28.09 31.44 34.36 37.29
54.43 56.70 58.97 59.50 60.04 58.79 57.54 54.45 51.35 46.61 41.87 36.12 30.36 24.50 18.65 13.54 8.44 4.64 0.84 -1.45 -3.75 -4.62 -5.49 -5.19 -4.89 -3.83 -2.76 -1.47 -0.19 0.68 1.54 1.39 1.24 -0.18 -1.61 -4.13 -6.66 -9.81 -12.96 -16.22 -19.48 -22.40 -25.33 -27.55 -29.77 -30.96 -32.15 -32.08 -32.01 -30.65 -29.29 -26.87 -24.45 -21.34 -18.24 -14.82 -11.40 -7.89 -4.37 -0.81 2.75 6.38 10.00 13.71 17.41 21.17 24.94 28.69 32.44 36.01 39.58 42.74 45.90
52.58 54.80 57.02 57.56 58.10 56.96 55.81 52.94 50.07 45.67 41.27 35.92 30.57 25.09 19.61 14.78 9.95 6.27 2.59 0.26 -2.08 -3.12 -4.17 -4.16 -4.16 -3.46 -2.77 -1.88 -0.98 -0.45 0.08 -0.27 -0.62 -2.08 -3.53 -5.91 -8.29 -11.12 -13.94 -16.70 -19.45 -21.73 -24.01 -25.51 -27.02 -27.52 -28.02 -27.37 -26.72 -24.92 -23.13 -20.42 -17.71 -14.45 -11.19 -7.73 -4.26 -0.76 2.74 6.27 9.80 13.42 17.04 20.79 24.54 28.41 32.29 36.22 40.14 43.93 47.72 51.11 54.50
50.59 52.80 55.00 55.59 56.17 55.13 54.10 51.45 48.80 44.73 40.65 35.69 30.72 25.61 20.50 15.94 11.39 7.84 4.29 1.93 -0.42 -1.63 -2.84 -3.13 -3.42 -3.11 -2.80 -2.32 -1.83 -1.64 -1.45 -1.99 -2.53 -3.98 -5.43 -7.59 -9.75 -12.15 -14.54 -16.68 -18.81 -20.32 -21.84 -22.51 -23.19 -22.91 -22.63 -21.34 -20.04 -17.80 -15.57 -12.61 -9.65 -6.31 -2.98 0.44 3.86 7.23 10.59 13.96 17.33 20.81 24.30 27.97 31.64 35.50 39.37 43.36 47.35 51.26 55.17 58.70 62.23
48.60 50.80 52.99 53.61 54.23 53.31 52.39 49.96 47.54 43.79 40.04 35.46 30.87 26.13 21.39 17.10 12.82 9.40 5.98 3.61 1.23 -0.14 -1.52 -2.10 -2.68 -2.75 -2.83 -2.75 -2.67 -2.82 -2.97 -3.71 -4.44 -5.89 -7.33 -9.27 -11.21 -13.18 -15.14 -16.66 -18.17 -18.92 -19.67 -19.51 -19.36 -18.30 -17.24 -15.30 -13.37 -10.69 -8.00 -4.80 -1.60 1.82 5.24 8.61 11.98 15.21 18.45 21.65 24.86 28.20 31.55 35.14 38.73 42.59 46.45 50.51 54.56 58.59 62.62 66.29 69.97
46.44 48.70 50.96 51.67 52.38 51.61 50.84 48.63 46.42 42.97 39.52 35.27 31.02 26.59 22.16 18.10 14.04 10.72 7.40 4.99 2.57 1.02 -0.54 -1.41 -2.29 -2.75 -3.21 -3.52 -3.83 -4.29 -4.75 -5.62 -6.49 -7.84 -9.19 -10.79 -12.39 -13.79 -15.19 -15.96 -16.72 -16.59 -16.46 -15.38 -14.31 -12.40 -10.49 -7.90 -5.31 -2.23 0.85 4.21 7.57 10.94 14.31 17.49 20.67 23.63 26.58 29.47 32.36 35.41 38.47 41.83 45.19 48.91 52.62 56.62 60.61 64.63 68.64 72.34 76.04
44.28 46.60 48.93 49.73 50.54 49.91 49.28 47.30 45.31 42.15 39.00 35.08 31.17 27.05 22.93 19.09 15.26 12.04 8.82 6.37 3.91 2.18 0.44 -0.73 -1.91 -2.74 -3.58 -4.28 -4.98 -5.75 -6.52 -7.52 -8.53 -9.79 -11.04 -12.30 -13.57 -14.41 -15.25 -15.26 -15.27 -14.26 -13.25 -11.25 -9.25 -6.50 -3.74 -0.50 2.74 6.22 9.71 13.22 16.73 20.06 23.38 26.38 29.37 32.04 34.71 37.29 39.86 42.62 45.38 48.52 51.65 55.23 58.80 62.73 66.65 70.66 74.67 78.39 82.12
42.03 44.50 46.97 47.93 48.89 48.44 47.99 46.23 44.46 41.57 38.67 35.03 31.38 27.50 23.61 19.93 16.26 13.08 9.90 7.36 4.82 2.89 0.95 -0.52 -2.00 -3.20 -4.40 -5.46 -6.52 -7.54 -8.56 -9.63 -10.69 -11.76 -12.82 -13.63 -14.44 -14.60 -14.77 -13.93 -13.09 -11.12 -9.14 -6.17 -3.20 0.43 4.06 7.93 11.81 15.63 19.44 23.00 26.56 29.73 32.89 35.57 38.25 40.52 42.78 44.92 47.05 49.39 51.74 54.53 57.32 60.64 63.96 67.71 71.46 75.35 79.24 82.88 86.52
39.78 42.39 45.01 46.13 47.24 46.97 46.71 45.16 43.62 40.98 38.34 34.97 31.60 27.95 24.30 20.78 17.25 14.12 10.99 8.36 5.74 3.60 1.46 -0.32 -2.10 -3.66 -5.23 -6.64 -8.05 -9.33 -10.61 -11.73 -12.86 -13.73 -14.60 -14.95 -15.31 -14.80 -14.28 -12.60 -10.91 -7.97 -5.04 -1.09 2.86 7.36 11.86 16.37 20.88 25.03 29.18 32.79 36.40 39.40 42.39 44.76 47.13 48.99 50.85 52.55 54.24 56.17 58.10 60.55 63.00 66.06 69.12 72.70 76.27 80.04 83.81 87.37 90.93
37.55 40.38 43.21 44.54 45.86 45.81 45.75 44.43 43.10 40.69 38.27 35.10 31.93 28.44 24.95 21.50 18.06 14.90 11.74 8.98 6.23 3.86 1.50 -0.59 -2.67 -4.57 -6.47 -8.19 -9.91 -11.37 -12.83 -13.94 -15.05 -15.65 -16.25 -16.08 -15.91 -14.66 -13.42 -10.84 -8.26 -4.35 -0.45 4.47 9.39 14.72 20.05 25.14 30.23 34.64 39.05 42.63 46.21 48.97 51.73 53.72 55.71 57.12 58.52 59.73 60.94 62.41 63.88 65.94 68.00 70.75 73.50 76.83 80.17 83.74 87.32 90.72 94.12
35.33 38.37 41.42 42.95 44.49 44.64 44.80 43.69 42.59 40.39 38.20 35.23 32.27 28.93 25.60 22.23 18.86 15.67 12.49 9.60 6.71 4.12 1.53 -0.86 -3.24 -5.48 -7.71 -9.74 -11.76 -13.41 -15.06 -16.15 -17.25 -17.57 -17.90 -17.21 -16.52 -14.53 -12.55 -9.08 -5.62 -0.73 4.15 10.03 15.91 22.08 28.24 33.91 39.59 44.26 48.93 52.48 56.03 58.55 61.07 62.68 64.30 65.24 66.19 66.91 67.63 68.64 69.66 71.33 73.00 75.44 77.88 80.97 84.06 87.45 90.83 94.08 97.32
33.19 36.49 39.80 41.59 43.37 43.77 44.16 43.27 42.38 40.36 38.35 35.53 32.71 29.46 26.20 22.83 19.46 16.19 12.91 9.84 6.77 3.93 1.08 -1.60 -4.28 -6.81 -9.34 -11.60 -13.87 -15.63 -17.40 -18.41 -19.42 -19.42 -19.43 -18.19 -16.95 -14.22 -11.50 -7.18 -2.86 2.93 8.73 15.49 22.25 29.15 36.05 42.21 48.37 53.23 58.09 61.57 65.05 67.31 69.57 70.81 72.05 72.57 73.09 73.38 73.67 74.27 74.88 76.18 77.49 79.62 81.76 84.58 87.41 90.57 93.73 96.77 99.81
31.05 34.61 38.18 40.22 42.26 42.89 43.52 42.84 42.17 40.34 38.51 35.83 33.15 29.98 26.81 23.44 20.07 16.70 13.33 10.08 6.83 3.74 0.64 -2.33 -5.31 -8.14 -10.97 -13.47 -15.98 -17.86 -19.74 -20.66 -21.59 -21.28 -20.96 -19.17 -17.38 -13.92 -10.46 -5.28 -0.10 6.60 13.31 20.94 28.58 36.22 43.85 50.50 57.15 62.21 67.26 70.67 74.07 76.07 78.06 78.94 79.81 79.90 80.00 79.85 79.70 79.90 80.09 81.04 81.99 83.81 85.64 88.20 90.76 93.69 96.62 99.46 102.30
29.03 32.88 36.73 39.04 41.36 42.24 43.12 42.64 42.17 40.49 38.82 36.22 33.63 30.47 27.32 23.88 20.45 16.94 13.42 9.95 6.48 3.11 -0.25 -3.51 -6.76 -9.84 -12.93 -15.61 -18.30 -20.23 -22.16 -22.96 -23.76 -23.11 -22.45 -20.13 -17.80 -13.65 -9.51 -3.55 2.41 9.90 17.40 25.78 34.16 42.40 50.64 57.68 64.71 69.90 75.09 78.41 81.72 83.48 85.24 85.80 86.36 86.13 85.90 85.44 84.97 84.87 84.77 85.44 86.12 87.68 89.24 91.55 93.87 96.56 99.25 101.87 104.48
27.01 31.14 35.27 37.87 40.46 41.59 42.72 42.45 42.18 40.65 39.12 36.62 34.11 30.97 27.83 24.33 20.83 17.17 13.51 9.82 6.12 2.49 -1.14 -4.68 -8.22 -11.55 -14.89 -17.76 -20.62 -22.61 -24.59 -25.26 -25.93 -24.94 -23.95 -21.08 -18.22 -13.38 -8.55 -1.82 4.91 13.20 21.50 30.62 39.74 48.59 57.43 64.85 72.28 77.60 82.92 86.15 89.37 90.89 92.41 92.66 92.91 92.36 91.80 91.02 90.24 89.85 89.45 89.85 90.24 91.54 92.85 94.91 96.97 99.42 101.88 104.27 106.66
25.19 29.60 34.01 36.87 39.73 41.10 42.46 42.37 42.29 40.87 39.45 36.98 34.52 31.34 28.17 24.56 20.95 17.11 13.26 9.33 5.40 1.49 -2.41 -6.21 -10.00 -13.55 -17.10 -20.10 -23.10 -25.10 -27.10 -27.62 -28.15 -26.84 -25.54 -22.19 -18.85 -13.42 -7.99 -0.61 6.78 15.73 24.68 34.40 44.12 53.45 62.78 70.51 78.23 83.65 89.07 92.22 95.37 96.71 98.05 98.10 98.14 97.39 96.64 95.69 94.74 94.19 93.64 93.87 94.10 95.21 96.32 98.16 100.01 102.24 104.46 106.63 108.79
23.38 28.06 32.74 35.87 39.00 40.60 42.21 42.30 42.39 41.09 39.78 37.35 34.92 31.71 28.50 24.79 21.07 17.04 13.01 8.84 4.67 0.49 -3.68 -7.73 -11.79 -15.55 -19.31 -22.45 -25.58 -27.59 -29.60 -29.99 -30.37 -28.75 -27.13 -23.30 -19.48 -13.46 -7.43 0.61 8.65 18.25 27.86 38.18 48.51 58.32 68.13 76.16 84.19 89.71 95.23 98.30 101.37 102.53 103.69 103.53 103.36 102.42 101.48 100.36 99.25 98.54 97.83 97.89 97.95 98.87 99.79 101.42 103.05 105.05 107.05 108.98 110.92
21.85 26.75 31.66 35.01 38.36 40.15 41.95 42.18 42.41 41.17 39.93 37.50 35.07 31.79 28.52 24.67 20.82 16.61 12.39 7.98 3.58 -0.83 -5.25 -9.53 -13.80 -17.74 -21.67 -24.90 -28.13 -30.14 -32.16 -32.43 -32.69 -30.82 -28.94 -24.75 -20.55 -14.07 -7.59 0.95 9.48 19.58 29.69 40.47 51.25 61.44 71.62 79.90 88.17 93.79 99.41 102.46 105.52 106.60 107.69 107.45 107.21 106.23 105.24 104.11 102.97 102.25 101.52 101.52 101.52 102.33 103.13 104.59 106.06 107.85 109.65 111.36 113.08
20.31 25.44 30.57 34.15 37.72 39.70 41.69 42.06 42.42 41.25 40.08 37.65 35.22 31.87 28.53 24.55 20.58 16.17 11.76 7.13 2.50 -2.16 -6.82 -11.32 -15.81 -19.92 -24.03 -27.36 -30.68 -32.70 -34.72 -34.86 -35.01 -32.89 -30.76 -26.19 -21.62 -14.69 -7.75 1.28 10.32 20.92 31.51 42.75 54.00 64.56 75.12 83.64 92.16 97.88 103.59 106.63 109.66 110.67 111.69 111.38 111.06 110.03 109.00 107.85 106.70 105.95 105.21 105.15 105.10 105.79 106.48 107.77 109.07 110.66 112.25 113.74 115.23
