test/esri_led_20/synt_tma_4800m_led_20.esri
nrows             510
ncols             462
xllcorner      398000.00
yllcorner     7846000.00
cellsize          500.00
NODATA_value    -9999
[rows 352 to 383 of 510, columns 288 to 359 of 462]
-208.01 -209.13 -210.24 -208.99 -207.74 -203.64 -199.53 -193.16 -186.79 -179.07 -171.35 -162.59 -153.83 -144.01 -134.19 -123.58 -112.98 -101.86 -90.74 -78.92 -67.09 -54.28 -41.46 -27.83 -14.21 -0.39 13.43 26.78 40.13 52.27 64.41 73.86 83.31 87.04 90.77 85.06 79.34 62.76 46.19 22.15 -1.88 -26.20 -50.52 -68.00 -85.48 -93.01 -100.55 -99.96 -99.38 -93.87 -88.36 -79.26 -70.16 -58.14 -46.13 -33.70 -21.26 -12.21 -3.16 -0.63 1.90 -3.34 -8.58 -20.93 -33.27 -50.88 -68.49 -89.48 -110.47 -133.98 -157.50 -183.06
-197.53 -198.80 -200.07 -198.99 -197.91 -194.02 -190.13 -184.05 -177.97 -170.66 -163.35 -155.13 -146.92 -137.77 -128.62 -118.75 -108.87 -98.40 -87.93 -76.51 -65.10 -52.39 -39.68 -26.02 -12.35 1.37 15.09 27.92 40.75 51.78 62.82 70.59 78.36 79.96 81.56 73.36 65.15 45.89 26.62 0.17 -26.29 -51.87 -77.45 -93.93 -110.40 -114.15 -117.90 -111.32 -104.74 -92.22 -79.69 -63.55 -47.41 -28.98 -10.55 6.96 24.48 36.04 47.61 48.71 49.81 38.64 27.47 5.85 -15.76 -43.54 -71.33 -101.01 -130.70 -160.12 -189.55 -218.07
-186.20 -187.48 -188.77 -187.73 -186.68 -182.89 -179.09 -173.16 -167.24 -160.18 -153.12 -145.30 -137.49 -128.92 -120.35 -111.12 -101.89 -91.97 -82.06 -71.03 -59.99 -47.50 -35.00 -21.50 -8.00 5.35 18.71 30.65 42.60 52.06 61.52 67.14 72.76 72.01 71.27 61.02 50.77 30.17 9.58 -17.20 -43.97 -68.46 -92.96 -106.46 -119.96 -118.59 -117.21 -103.74 -90.26 -70.21 -50.17 -27.38 -4.58 18.67 41.92 62.22 82.53 94.65 106.77 105.53 104.30 87.65 71.00 41.79 12.57 -23.07 -58.70 -94.78 -130.86 -164.27 -197.68 -227.47
-174.87 -176.17 -177.47 -176.46 -175.45 -171.75 -168.04 -162.28 -156.51 -149.70 -142.88 -135.47 -128.06 -120.07 -112.07 -103.48 -94.90 -85.55 -76.20 -65.54 -54.89 -42.60 -30.32 -16.99 -3.65 9.33 22.32 33.38 44.44 52.34 60.23 63.69 67.15 64.06 60.97 48.67 36.38 14.46 -7.47 -34.56 -61.64 -85.05 -108.46 -118.99 -129.52 -123.02 -116.53 -96.15 -75.78 -48.21 -20.65 8.80 38.24 66.32 94.39 117.48 140.58 153.25 165.93 162.35 158.78 136.66 114.54 77.72 40.89 -2.59 -46.07 -88.55 -131.02 -168.42 -205.82 -236.87
-162.90 -164.11 -165.31 -164.22 -163.13 -159.41 -155.69 -149.97 -144.26 -137.57 -130.88 -123.78 -116.67 -109.20 -101.72 -93.75 -85.77 -76.95 -68.14 -57.88 -47.62 -35.63 -23.64 -10.61 2.43 14.89 27.35 37.31 47.28 53.31 59.35 60.41 61.48 56.06 50.64 36.84 23.03 0.91 -21.21 -47.07 -72.93 -93.72 -114.50 -120.88 -127.26 -114.95 -102.63 -75.04 -47.45 -12.48 22.49 57.69 92.89 124.02 155.14 179.00 202.86 214.67 226.47 220.16 213.84 186.87 159.91 117.04 74.18 25.05 -24.09 -70.69 -117.28 -156.72 -196.15 -226.92
-150.94 -152.05 -153.16 -151.98 -150.81 -147.08 -143.34 -137.67 -132.00 -125.44 -118.88 -112.08 -105.28 -98.33 -91.37 -84.01 -76.64 -68.36 -60.07 -50.21 -40.35 -28.66 -16.96 -4.22 8.52 20.45 32.38 41.24 50.11 54.29 58.47 57.14 55.80 48.06 40.31 25.00 9.69 -12.63 -34.95 -59.59 -84.23 -102.39 -120.54 -122.78 -125.01 -106.88 -88.74 -53.93 -19.11 23.26 65.63 106.59 147.54 181.72 215.89 240.52 265.15 276.08 287.02 277.96 268.90 237.09 205.27 156.37 107.47 52.68 -2.11 -52.83 -103.54 -145.01 -186.48 -216.96
-138.74 -139.67 -140.61 -139.30 -138.00 -134.21 -130.42 -124.77 -119.13 -112.70 -106.28 -99.79 -93.31 -86.87 -80.43 -73.68 -66.93 -59.21 -51.48 -42.07 -32.66 -21.35 -10.04 2.32 14.67 26.01 37.34 45.09 52.84 55.22 57.60 54.09 50.59 40.97 31.35 15.19 -0.98 -22.74 -44.51 -67.25 -90.00 -105.16 -120.32 -118.50 -116.68 -93.37 -70.06 -29.22 11.62 59.74 107.87 152.65 197.44 232.73 268.02 291.86 315.69 324.97 334.24 322.64 311.04 275.56 240.07 187.10 134.12 76.04 17.96 -34.58 -87.13 -128.82 -170.50 -199.61
-126.53 -127.30 -128.06 -126.62 -125.18 -121.34 -117.50 -111.88 -106.26 -99.97 -93.67 -87.50 -81.33 -75.41 -69.49 -63.36 -57.22 -50.05 -42.89 -33.93 -24.98 -14.04 -3.11 8.86 20.83 31.57 42.31 48.93 55.56 56.14 56.73 51.05 45.38 33.89 22.40 5.37 -11.65 -32.86 -54.07 -74.92 -95.77 -107.93 -120.09 -114.22 -108.36 -79.86 -51.37 -4.51 42.34 96.22 150.10 198.72 247.34 283.74 320.15 343.19 366.24 373.85 381.47 367.33 353.19 314.03 274.87 217.82 160.77 99.41 38.04 -16.34 -70.72 -112.62 -154.53 -182.27
-114.07 -114.58 -115.09 -113.51 -111.93 -108.11 -104.29 -98.85 -93.41 -87.42 -81.43 -75.70 -69.97 -64.63 -59.29 -53.79 -48.29 -41.74 -35.19 -26.79 -18.40 -7.99 2.42 13.84 25.25 35.26 45.28 50.84 56.40 55.55 54.70 47.51 40.31 27.75 15.20 -1.88 -18.96 -38.97 -58.98 -77.58 -96.18 -105.53 -114.87 -106.02 -97.17 -65.73 -34.29 15.28 64.86 120.73 176.60 225.76 274.91 310.12 345.34 366.12 386.91 392.17 397.43 381.30 365.17 324.50 283.84 225.97 168.11 106.80 45.49 -7.99 -61.47 -101.78 -142.10 -167.68
-101.62 -101.87 -102.12 -100.40 -98.68 -94.88 -91.08 -85.82 -80.55 -74.87 -69.19 -63.90 -58.61 -53.85 -49.08 -44.22 -39.36 -33.43 -27.49 -19.66 -11.82 -1.93 7.95 18.81 29.67 38.96 48.25 52.75 57.25 54.96 52.68 43.96 35.24 21.62 8.00 -9.14 -26.27 -45.08 -63.89 -80.24 -96.60 -103.12 -109.65 -97.82 -85.99 -51.60 -17.21 35.08 87.37 145.24 203.10 252.80 302.49 336.51 370.52 389.05 407.57 410.48 413.38 395.27 377.15 334.98 292.81 234.12 175.44 114.19 52.94 0.36 -52.23 -90.95 -129.66 -153.08
-88.79 -88.67 -88.55 -86.68 -84.81 -81.19 -77.57 -72.74 -67.91 -62.80 -57.69 -53.03 -48.37 -44.25 -40.14 -35.95 -31.77 -26.51 -21.26 -14.10 -6.94 2.24 11.42 21.49 31.55 39.93 48.31 51.81 55.31 52.04 48.77 39.28 29.79 15.96 2.13 -14.26 -30.65 -47.61 -64.57 -78.32 -92.06 -96.01 -99.96 -86.56 -73.17 -38.83 -4.50 46.15 96.80 151.92 207.04 253.40 299.76 330.16 360.55 375.34 390.12 389.85 389.58 370.09 350.60 309.61 268.63 213.12 157.61 100.28 42.95 -5.87 -54.69 -90.10 -125.52 -146.16
-75.96 -75.47 -74.98 -72.97 -70.95 -67.50 -64.05 -59.66 -55.27 -50.73 -46.19 -42.16 -38.12 -34.66 -31.20 -27.69 -24.18 -19.60 -15.02 -8.54 -2.05 6.42 14.89 24.16 33.44 40.91 48.38 50.87 53.37 49.11 44.86 34.60 24.34 10.31 -3.73 -19.38 -35.02 -50.14 -65.26 -76.39 -87.52 -88.89 -90.27 -75.31 -60.34 -26.07 8.21 57.22 106.23 158.60 210.97 254.01 297.04 323.81 350.58 361.62 372.67 369.22 365.77 344.91 324.06 284.25 244.45 192.11 139.78 86.37 32.96 -12.09 -57.14 -89.26 -121.37 -139.24
-63.13 -62.16 -61.19 -59.03 -56.86 -53.71 -50.55 -46.79 -43.04 -39.25 -35.47 -32.17 -28.87 -26.09 -23.31 -20.47 -17.62 -13.74 -9.85 -4.12 1.61 9.24 16.88 25.21 33.53 39.98 46.44 48.00 49.57 44.65 39.74 29.24 18.74 5.09 -8.55 -22.91 -37.26 -50.11 -62.95 -71.30 -79.65 -78.82 -77.99 -62.73 -47.47 -15.64 16.20 60.29 104.39 150.56 196.73 233.64 270.54 291.90 313.25 319.50 325.75 318.67 311.59 289.96 268.34 231.73 195.12 148.80 102.49 55.70 8.91 -30.42 -69.75 -97.47 -125.18 -139.98
-50.29 -48.85 -47.40 -45.09 -42.77 -39.91 -37.05 -33.93 -30.80 -27.78 -24.75 -22.19 -19.62 -17.52 -15.42 -13.24 -11.06 -7.87 -4.69 0.29 5.27 12.07 18.87 26.25 33.63 39.06 44.49 45.13 45.77 40.20 34.62 23.88 13.14 -0.12 -13.38 -26.44 -39.49 -50.07 -60.65 -66.21 -71.78 -68.75 -65.71 -50.15 -34.59 -5.20 24.19 63.37 102.55 142.52 182.49 213.27 244.05 259.98 275.92 277.38 278.84 268.12 257.40 235.01 212.62 179.21 145.79 105.50 65.21 25.03 -15.14 -48.75 -82.35 -105.68 -129.00 -140.71
-38.23 -36.27 -34.31 -31.85 -29.39 -26.87 -24.34 -21.89 -19.43 -17.17 -14.90 -13.01 -11.11 -9.58 -8.05 -6.40 -4.75 -2.15 0.44 4.70 8.95 14.86 20.76 27.10 33.43 37.80 42.17 41.92 41.68 35.60 29.52 18.80 8.08 -4.49 -17.05 -28.57 -40.09 -48.34 -56.58 -59.58 -62.58 -57.88 -53.18 -38.17 -23.16 2.72 28.60 61.71 94.83 127.55 160.28 184.12 207.97 218.03 228.09 224.75 221.42 207.49 193.56 171.07 148.57 119.03 89.49 55.84 22.19 -10.85 -43.89 -71.43 -98.96 -117.78 -136.60 -145.43
-26.17 -23.69 -21.22 -18.62 -16.02 -13.82 -11.63 -9.85 -8.07 -6.56 -5.05 -3.83 -2.61 -1.65 -0.68 0.44 1.56 3.57 5.57 9.10 12.63 17.64 22.65 27.94 33.23 36.53 39.84 38.71 37.59 31.01 24.43 13.73 3.02 -8.85 -20.73 -30.71 -40.69 -46.60 -52.51 -52.95 -53.38 -47.01 -40.64 -26.19 -11.73 10.64 33.01 60.06 87.12 112.59 138.06 154.97 171.88 176.07 180.26 172.13 164.00 146.86 129.73 107.12 84.52 58.85 33.18 6.18 -20.83 -46.73 -72.64 -94.11 -115.57 -129.89 -144.21 -150.14
-15.54 -12.60 -9.67 -6.97 -4.28 -2.40 -0.52 0.68 1.87 2.77 3.66 4.41 5.17 5.86 6.55 7.49 8.42 10.13 11.85 14.79 17.72 21.77 25.81 29.86 33.92 35.97 38.03 35.95 33.88 26.88 19.88 9.38 -1.11 -12.09 -23.06 -31.43 -39.80 -43.55 -47.29 -45.57 -43.86 -36.34 -28.82 -15.28 -1.74 17.10 35.95 57.33 78.70 97.59 116.47 127.24 138.02 137.27 136.53 124.84 113.16 94.17 75.19 53.25 31.30 9.16 -12.98 -34.47 -55.96 -75.95 -95.94 -112.33 -128.72 -139.33 -149.93 -153.63
-4.90 -1.51 1.88 4.67 7.47 9.03 10.59 11.20 11.81 12.09 12.37 12.66 12.95 13.37 13.79 14.54 15.28 16.70 18.12 20.47 22.81 25.89 28.97 31.79 34.60 35.41 36.22 33.20 30.18 22.75 15.32 5.04 -5.25 -15.32 -25.40 -32.16 -38.92 -40.49 -42.07 -38.20 -34.33 -25.66 -16.99 -4.37 8.24 23.57 38.89 54.59 70.29 82.59 94.89 99.52 104.15 98.47 92.80 77.56 62.32 41.49 20.66 -0.63 -21.93 -40.53 -59.14 -75.11 -91.08 -105.16 -119.23 -130.55 -141.86 -148.76 -155.66 -157.11
4.11 7.86 11.60 14.42 17.24 18.50 19.77 19.90 20.02 19.86 19.70 19.80 19.91 20.46 21.00 22.05 23.09 24.65 26.20 28.17 30.13 32.13 34.14 35.40 36.66 35.89 35.11 30.97 26.82 19.01 11.20 1.30 -8.59 -17.59 -26.58 -31.70 -36.82 -36.42 -36.01 -30.31 -24.61 -15.05 -5.49 6.23 17.95 30.22 42.49 53.43 64.37 71.34 78.32 78.26 78.21 69.26 60.31 43.40 26.48 5.53 -15.43 -35.34 -55.24 -71.06 -86.87 -99.04 -111.21 -121.21 -131.22 -138.99 -146.76 -151.15 -155.53 -155.61
13.13 17.22 21.31 24.16 27.01 27.98 28.95 28.59 28.23 27.63 27.03 26.94 26.86 27.54 28.21 29.55 30.90 32.59 34.29 35.87 37.44 38.38 39.31 39.01 38.72 36.36 34.01 28.74 23.46 15.27 7.07 -2.43 -11.93 -19.85 -27.77 -31.24 -34.72 -32.34 -29.96 -22.43 -14.89 -4.44 6.01 16.84 27.66 36.87 46.08 52.27 58.45 60.10 61.74 57.01 52.28 40.06 27.83 9.24 -9.35 -30.44 -51.52 -70.04 -88.56 -101.58 -114.60 -122.97 -131.33 -137.27 -143.20 -147.43 -151.65 -153.53 -155.41 -154.11
20.65 25.00 29.35 32.16 34.97 35.63 36.29 35.50 34.71 33.80 32.90 32.87 32.84 33.99 35.15 37.23 39.30 41.55 43.79 45.19 46.59 46.40 46.20 44.10 42.00 37.81 33.61 27.07 20.52 11.93 3.34 -5.70 -14.75 -21.55 -28.36 -30.26 -32.15 -27.94 -23.72 -14.49 -5.25 6.11 17.47 27.68 37.89 44.66 51.43 53.83 56.22 53.80 51.38 43.41 35.44 21.48 7.53 -11.20 -29.94 -49.95 -69.97 -86.72 -103.47 -114.37 -125.28 -131.25 -137.23 -140.66 -144.09 -146.13 -148.18 -148.61 -149.03 -147.09
28.17 32.78 37.38 40.16 42.93 43.29 43.64 42.42 41.19 39.98 38.76 38.79 38.81 40.45 42.09 44.90 47.71 50.50 53.28 54.51 55.74 54.42 53.09 49.19 45.29 39.25 33.21 25.40 17.58 8.60 -0.38 -8.97 -17.56 -23.26 -28.95 -29.27 -29.59 -23.54 -17.49 -6.55 4.38 16.66 28.93 38.53 48.12 52.45 56.77 55.38 53.99 47.50 41.02 29.81 18.60 2.91 -12.77 -31.65 -50.53 -69.47 -88.41 -103.40 -118.39 -127.17 -135.96 -139.54 -143.13 -144.05 -144.98 -144.84 -144.70 -143.68 -142.66 -140.07
34.16 38.90 43.64 46.31 48.98 49.01 49.04 47.44 45.83 44.42 43.02 43.25 43.48 45.79 48.10 51.84 55.58 59.10 62.62 63.82 65.03 62.66 60.29 54.63 48.98 41.15 33.32 24.27 15.22 5.85 -3.53 -11.73 -19.94 -24.67 -29.40 -28.34 -27.29 -19.64 -11.98 0.50 12.97 26.18 39.39 48.70 58.01 60.59 63.17 59.02 54.88 45.56 36.25 23.03 9.80 -6.57 -22.95 -41.25 -59.54 -77.07 -94.60 -107.93 -121.25 -128.47 -135.69 -137.77 -139.86 -139.29 -138.73 -137.30 -135.87 -134.01 -132.15 -129.24
40.16 45.03 49.90 52.47 55.03 54.74 54.45 52.45 50.46 48.86 47.27 47.71 48.15 51.12 54.10 58.78 63.45 67.71 71.96 73.13 74.31 70.90 67.48 60.08 52.68 43.05 33.43 23.15 12.87 3.09 -6.68 -14.50 -22.31 -26.08 -29.84 -27.42 -25.00 -15.74 -6.47 7.54 21.56 35.71 49.86 58.88 67.90 68.73 69.56 62.66 55.77 43.62 31.48 16.24 1.01 -16.06 -33.14 -50.84 -68.55 -84.66 -100.78 -112.45 -124.12 -129.77 -135.42 -136.00 -136.59 -134.53 -132.48 -129.76 -127.04 -124.34 -121.64 -118.41
44.36 49.11 53.87 56.20 58.53 57.94 57.35 55.11 52.87 51.22 49.58 50.32 51.06 54.69 58.33 63.85 69.38 74.27 79.17 80.36 81.55 77.33 73.12 64.34 55.57 44.53 33.50 22.24 10.99 0.91 -9.16 -16.65 -24.14 -27.14 -30.13 -26.68 -23.22 -12.80 -2.38 12.71 27.80 42.61 57.41 66.33 75.24 75.08 74.93 66.50 58.07 44.42 30.77 14.61 -1.55 -18.70 -35.85 -52.82 -69.80 -84.71 -99.62 -110.04 -120.46 -125.07 -129.67 -129.37 -129.08 -126.18 -123.28 -119.75 -116.21 -112.82 -109.43 -105.73
48.55 53.19 57.83 59.93 62.03 61.14 60.25 57.76 55.27 53.58 51.90 52.93 53.96 58.26 62.56 68.93 75.30 80.84 86.39 87.59 88.79 83.77 78.75 68.60 58.46 46.01 33.56 21.34 9.11 -1.26 -11.64 -18.80 -25.97 -28.20 -30.43 -25.94 -21.45 -9.87 1.71 17.88 34.04 49.51 64.97 73.78 82.58 81.44 80.30 70.33 60.37 45.22 30.07 12.97 -4.12 -21.34 -38.56 -54.80 -71.04 -84.75 -98.46 -107.63 -116.81 -120.36 -123.92 -122.74 -121.57 -117.83 -114.09 -109.73 -105.38 -101.30 -97.21 -93.05
50.99 55.19 59.40 61.11 62.82 61.69 60.56 58.00 55.43 53.84 52.25 53.61 54.96 59.80 64.64 71.63 78.61 84.58 90.56 91.75 92.95 87.41 81.87 70.84 59.82 46.46 33.10 20.26 7.43 -3.06 -13.55 -20.38 -27.22 -28.86 -30.50 -25.35 -20.21 -8.06 4.09 20.65 37.21 52.82 68.43 77.13 85.82 84.38 82.95 72.63 62.32 46.92 31.53 14.43 -2.66 -19.55 -36.45 -52.02 -67.59 -80.43 -93.27 -101.63 -109.99 -112.98 -115.97 -114.43 -112.88 -108.75 -104.61 -99.68 -94.74 -89.85 -84.96 -79.94
53.42 57.19 60.96 62.28 63.60 62.23 60.87 58.23 55.59 54.10 52.61 54.29 55.96 61.34 66.72 74.33 81.93 88.33 94.72 95.91 97.10 91.04 84.99 73.08 61.18 46.90 32.63 19.19 5.75 -4.85 -15.46 -21.96 -28.47 -29.51 -30.56 -24.76 -18.96 -6.24 6.48 23.42 40.37 56.13 71.89 80.48 89.07 87.33 85.60 74.93 64.26 48.63 32.99 15.90 -1.20 -17.77 -34.33 -49.24 -64.14 -76.11 -88.07 -95.63 -103.18 -105.60 -108.03 -106.11 -104.19 -99.66 -95.14 -89.62 -84.10 -78.41 -72.71 -66.83
54.77 57.95 61.12 61.99 62.86 61.30 59.75 57.13 54.51 53.15 51.79 53.71 55.62 61.38 67.13 75.14 83.15 89.82 96.49 97.66 98.84 92.46 86.09 73.66 61.23 46.43 31.64 17.93 4.21 -6.32 -16.85 -23.02 -29.18 -29.83 -30.48 -24.42 -18.37 -5.62 7.12 23.87 40.62 56.10 71.57 79.98 88.38 86.72 85.07 74.78 64.49 49.45 34.40 17.96 1.51 -14.43 -30.38 -44.64 -58.90 -70.20 -81.51 -88.52 -95.53 -97.68 -99.83 -97.83 -95.83 -91.18 -86.53 -80.57 -74.61 -68.05 -61.48 -54.49
56.13 58.70 61.27 61.69 62.11 60.37 58.63 56.03 53.42 52.19 50.96 53.12 55.29 61.41 67.54 75.96 84.38 91.31 98.25 99.42 100.58 93.88 87.19 74.23 61.28 45.97 30.65 16.66 2.67 -7.79 -18.25 -24.07 -29.90 -30.15 -30.40 -24.09 -17.77 -5.01 7.76 24.32 40.87 56.07 71.26 79.48 87.70 86.12 84.54 74.63 64.72 50.27 35.81 20.02 4.22 -11.10 -26.42 -40.04 -53.66 -64.30 -74.94 -81.41 -87.88 -89.76 -91.63 -89.55 -87.48 -82.70 -77.92 -71.52 -65.12 -57.68 -50.25 -42.14
57.26 59.37 61.48 61.59 61.69 59.85 58.00 55.42 52.84 51.65 50.46 52.67 54.87 61.09 67.30 75.84 84.38 91.38 98.39 99.51 100.62 93.74 86.86 73.68 60.49 45.04 29.58 15.65 1.71 -8.50 -18.70 -24.22 -29.74 -29.85 -29.96 -23.81 -17.66 -5.40 6.85 22.70 38.54 53.05 67.56 75.37 83.19 81.67 80.16 70.83 61.49 47.97 34.45 19.67 4.90 -9.50 -23.90 -36.70 -49.50 -59.40 -69.30 -75.21 -81.12 -82.71 -84.29 -82.15 -80.01 -75.19 -70.37 -63.70 -57.02 -48.96 -40.90 -31.95
58.40 60.05 61.70 61.49 61.28 59.32 57.37 54.81 52.25 51.10 49.95 52.21 54.46 60.77 67.07 75.72 84.37 91.45 98.53 99.60 100.66 93.60 86.54 73.13 59.71 44.11 28.51 14.63 0.75 -9.20 -19.15 -24.37 -29.58 -29.55 -29.51 -23.53 -17.55 -5.80 5.95 21.08 36.21 50.03 63.85 71.27 78.68 77.23 75.78 67.02 58.26 45.67 33.08 19.33 5.57 -7.90 -21.38 -33.36 -45.34 -54.50 -63.67 -69.01 -74.36 -75.66 -76.95 -74.75 -72.55 -67.68 -62.82 -55.87 -48.93 -40.24 -31.55 -21.75
