test/esri_led_20/synt_tma_1200m_led_20.esri
nrows             510
ncols             462
xllcorner      398000.00
yllcorner     7846000.00
cellsize          500.00
NODATA_value    -9999
[rows 462 to 494 of 510, columns 222 to 295 of 462]
-52.22 -57.31 -62.40 -68.02 -73.64 -78.54 -83.43 -86.31 -89.18 -88.92 -88.65 -84.46 -80.27 -71.89 -63.50 -51.34 -39.18 -24.38 -9.58 6.15 21.88 36.54 51.21 62.89 74.58 81.72 88.85 90.46 92.06 87.93 83.81 74.72 65.64 53.27 40.90 27.50 14.10 1.89 -10.33 -19.76 -29.18 -35.16 -41.13 -43.86 -46.60 -46.91 -47.22 -46.16 -45.09 -43.69 -42.29 -41.34 -40.40 -40.35 -40.31 -41.18 -42.04 -43.44 -44.84 -46.12 -47.40 -47.85 -48.30 -47.35 -46.40 -43.78 -41.16 -37.00 -32.83 -27.63 -22.43 -17.02 -11.62 -7.09
-47.23 -52.98 -58.73 -64.74 -70.75 -75.69 -80.64 -83.22 -85.81 -85.02 -84.24 -79.48 -74.72 -65.94 -57.15 -44.94 -32.73 -18.36 -3.98 10.80 25.58 38.83 52.08 62.03 71.98 77.30 82.62 82.61 82.61 77.35 72.09 62.51 52.93 40.72 28.51 15.82 3.13 -8.00 -19.13 -27.30 -35.47 -40.21 -44.96 -46.67 -48.38 -47.96 -47.53 -46.06 -44.58 -43.00 -41.42 -40.42 -39.43 -39.31 -39.20 -39.89 -40.58 -41.65 -42.73 -43.58 -44.42 -44.38 -44.33 -42.90 -41.46 -38.42 -35.38 -30.90 -26.42 -21.04 -15.65 -10.23 -4.80 -0.42
-42.28 -48.58 -54.88 -61.12 -67.36 -72.17 -76.98 -79.12 -81.26 -79.85 -78.44 -73.09 -67.74 -58.60 -49.46 -37.31 -25.16 -11.35 2.45 16.16 29.87 41.63 53.40 61.64 69.88 73.51 77.14 75.75 74.36 68.25 62.14 52.37 42.59 30.83 19.06 7.31 -4.45 -14.36 -24.27 -31.16 -38.04 -41.64 -45.24 -46.07 -46.90 -45.95 -45.00 -43.33 -41.67 -40.16 -38.66 -37.86 -37.07 -37.17 -37.27 -38.09 -38.91 -40.00 -41.09 -41.85 -42.60 -42.42 -42.23 -40.66 -39.09 -35.97 -32.85 -28.38 -23.91 -18.64 -13.38 -8.17 -2.97 1.10
-37.33 -44.18 -51.03 -57.50 -63.97 -68.65 -73.33 -75.02 -76.71 -74.68 -72.65 -66.70 -60.75 -51.25 -41.76 -29.68 -17.59 -4.35 8.89 21.52 34.15 44.44 54.72 61.25 67.77 69.72 71.66 68.89 66.11 59.15 52.20 42.23 32.26 20.93 9.61 -1.21 -12.02 -20.71 -29.41 -35.01 -40.62 -43.07 -45.51 -45.47 -45.42 -43.94 -42.46 -40.61 -38.75 -37.32 -35.89 -35.30 -34.71 -35.03 -35.34 -36.29 -37.24 -38.35 -39.45 -40.12 -40.79 -40.46 -40.13 -38.43 -36.72 -33.52 -30.32 -25.87 -21.41 -16.25 -11.10 -6.12 -1.14 2.61
-32.96 -40.17 -47.38 -53.88 -60.37 -64.74 -69.10 -70.22 -71.34 -68.63 -65.92 -59.39 -52.86 -43.09 -33.32 -21.39 -9.46 3.13 15.72 27.27 38.81 47.70 56.59 61.60 66.62 67.18 67.73 63.93 60.13 52.68 45.24 35.39 25.55 14.90 4.26 -5.51 -15.27 -22.75 -30.23 -34.69 -39.14 -40.66 -42.17 -41.52 -40.87 -39.14 -37.42 -35.65 -33.87 -32.76 -31.65 -31.50 -31.35 -32.11 -32.88 -34.20 -35.53 -36.92 -38.30 -39.16 -40.02 -39.84 -39.67 -38.12 -36.57 -33.59 -30.61 -26.46 -22.30 -17.54 -12.77 -8.24 -3.72 -0.45
-28.59 -36.16 -43.74 -50.26 -56.78 -60.82 -64.87 -65.42 -65.96 -62.57 -59.18 -52.08 -44.97 -34.92 -24.87 -13.10 -1.33 10.61 22.55 33.01 43.47 50.96 58.45 61.96 65.46 64.63 63.80 58.97 54.14 46.21 38.28 28.56 18.85 8.87 -1.10 -9.81 -18.52 -24.79 -31.06 -34.36 -37.66 -38.25 -38.83 -37.57 -36.32 -34.34 -32.37 -30.68 -28.99 -28.20 -27.40 -27.70 -27.99 -29.20 -30.41 -32.12 -33.83 -35.49 -37.15 -38.20 -39.25 -39.23 -39.20 -37.81 -36.42 -33.66 -30.90 -27.05 -23.19 -18.82 -14.44 -10.37 -6.30 -3.50
-25.22 -32.91 -40.60 -46.91 -53.22 -56.78 -60.34 -60.22 -60.10 -56.04 -51.98 -44.37 -36.75 -26.53 -16.30 -4.79 6.73 17.99 29.26 38.70 48.14 54.42 60.70 63.00 65.30 63.47 61.64 56.19 50.75 42.70 34.65 25.34 16.02 6.86 -2.30 -9.95 -17.61 -22.81 -28.01 -30.40 -32.80 -32.77 -32.74 -31.21 -29.67 -27.76 -25.85 -24.49 -23.13 -22.85 -22.57 -23.45 -24.33 -26.10 -27.87 -30.06 -32.25 -34.30 -36.34 -37.70 -39.05 -39.29 -39.53 -38.44 -37.34 -34.94 -32.53 -29.14 -25.74 -21.92 -18.09 -14.62 -11.14 -8.93
-21.85 -29.65 -37.46 -43.56 -49.66 -52.73 -55.80 -55.02 -54.25 -49.51 -44.77 -36.65 -28.54 -18.14 -7.74 3.53 14.79 25.38 35.96 44.38 52.80 57.87 62.95 64.04 65.14 62.31 59.48 53.41 47.35 39.19 31.03 22.11 13.19 4.85 -3.49 -10.10 -16.70 -20.83 -24.96 -26.45 -27.94 -27.29 -26.64 -24.84 -23.03 -21.18 -19.32 -18.30 -17.27 -17.50 -17.74 -19.20 -20.66 -23.00 -25.33 -28.00 -30.67 -33.10 -35.53 -37.19 -38.85 -39.36 -39.87 -39.06 -38.25 -36.21 -34.17 -31.23 -28.29 -25.01 -21.74 -18.86 -15.99 -14.35
-19.68 -27.31 -34.93 -40.59 -46.25 -48.69 -51.13 -49.67 -48.20 -42.86 -37.51 -29.02 -20.53 -10.10 0.34 11.25 22.17 32.07 41.97 49.48 56.99 61.09 65.19 65.43 65.66 62.23 58.81 52.52 46.24 38.27 30.31 21.97 13.64 6.15 -1.34 -7.02 -12.69 -15.99 -19.29 -20.20 -21.12 -20.21 -19.31 -17.57 -15.83 -14.31 -12.78 -12.27 -11.76 -12.59 -13.42 -15.47 -17.53 -20.37 -23.22 -26.29 -29.36 -32.07 -34.78 -36.64 -38.50 -39.17 -39.85 -39.24 -38.63 -36.87 -35.12 -32.60 -30.08 -27.34 -24.61 -22.35 -20.10 -19.07
-17.51 -24.96 -32.41 -37.62 -42.84 -44.65 -46.47 -44.31 -42.15 -36.20 -30.26 -21.39 -12.52 -2.06 8.41 18.98 29.55 38.76 47.97 54.57 61.17 64.30 67.44 66.81 66.18 62.16 58.14 51.63 45.12 37.36 29.59 21.84 14.09 7.45 0.81 -3.93 -8.68 -11.15 -13.62 -13.96 -14.30 -13.14 -11.98 -10.30 -8.63 -7.43 -6.24 -6.24 -6.25 -7.67 -9.10 -11.75 -14.39 -17.75 -21.11 -24.58 -28.04 -31.04 -34.03 -36.09 -38.14 -38.98 -39.82 -39.41 -39.00 -37.53 -36.07 -33.97 -31.86 -29.67 -27.47 -25.84 -24.21 -23.79
-16.43 -23.41 -30.38 -34.94 -39.50 -40.59 -41.69 -38.88 -36.07 -29.66 -23.25 -14.20 -5.15 5.16 15.48 25.59 35.70 44.21 52.73 58.55 64.37 66.77 69.18 68.03 66.88 62.62 58.37 51.97 45.58 38.24 30.91 23.83 16.75 10.88 5.02 0.99 -3.03 -4.99 -6.95 -7.07 -7.20 -6.14 -5.08 -3.77 -2.45 -1.79 -1.13 -1.72 -2.32 -4.31 -6.30 -9.40 -12.50 -16.16 -19.82 -23.43 -27.04 -30.03 -33.02 -34.98 -36.94 -37.66 -38.38 -37.89 -37.40 -35.97 -34.55 -32.65 -30.76 -28.95 -27.15 -26.04 -24.94 -25.09
-15.36 -21.86 -28.36 -32.26 -36.16 -36.54 -36.91 -33.45 -29.99 -23.12 -16.25 -7.02 2.21 12.38 22.55 32.20 41.84 49.67 57.50 62.53 67.56 69.24 70.93 69.25 67.57 63.09 58.61 52.32 46.03 39.13 32.23 25.82 19.40 14.31 9.22 5.92 2.61 1.17 -0.28 -0.19 -0.10 0.86 1.82 2.77 3.72 3.86 3.99 2.80 1.61 -0.94 -3.49 -7.05 -10.60 -14.57 -18.53 -22.28 -26.03 -29.02 -32.02 -33.88 -35.75 -36.34 -36.93 -36.37 -35.80 -34.41 -33.03 -31.34 -29.65 -28.24 -26.82 -26.25 -25.67 -26.39
-14.92 -20.68 -26.44 -29.54 -32.63 -32.27 -31.92 -27.92 -23.92 -16.79 -9.65 -0.49 8.68 18.49 28.30 37.35 46.41 53.53 60.65 65.01 69.37 70.54 71.72 69.81 67.89 63.48 59.08 53.15 47.22 40.89 34.56 28.82 23.07 18.61 14.15 11.30 8.45 7.18 5.92 5.88 5.84 6.40 6.95 7.32 7.70 7.20 6.70 4.95 3.19 0.23 -2.74 -6.51 -10.27 -14.24 -18.20 -21.74 -25.28 -27.91 -30.53 -31.94 -33.34 -33.45 -33.57 -32.58 -31.59 -29.93 -28.27 -26.52 -24.77 -23.52 -22.28 -22.09 -21.89 -23.10
-14.48 -19.50 -24.53 -26.82 -29.11 -28.01 -26.92 -22.38 -17.84 -10.45 -3.06 6.04 15.15 24.60 34.05 42.51 50.97 57.39 63.81 67.49 71.17 71.84 72.51 70.36 68.21 63.88 59.54 53.98 48.41 42.65 36.89 31.82 26.74 22.90 19.07 16.67 14.28 13.20 12.12 11.95 11.78 11.93 12.08 11.87 11.67 10.54 9.41 7.09 4.77 1.39 -1.99 -5.97 -9.95 -13.90 -17.86 -21.19 -24.53 -26.79 -29.05 -29.99 -30.93 -30.56 -30.20 -28.79 -27.39 -25.45 -23.52 -21.70 -19.88 -18.81 -17.74 -17.93 -18.11 -19.81
-13.92 -18.05 -22.17 -23.60 -25.03 -23.27 -21.51 -16.62 -11.72 -4.33 3.07 11.84 20.62 29.48 38.35 46.08 53.82 59.51 65.20 68.29 71.38 71.72 72.06 69.90 67.74 63.70 59.65 54.61 49.57 44.44 39.31 34.83 30.36 26.97 23.58 21.38 19.18 17.99 16.80 16.23 15.67 15.20 14.74 13.84 12.95 11.20 9.44 6.68 3.92 0.35 -3.22 -7.12 -11.03 -14.65 -18.28 -21.08 -23.88 -25.45 -27.03 -27.22 -27.40 -26.28 -25.16 -23.10 -21.03 -18.59 -16.16 -14.07 -11.98 -10.91 -9.84 -10.27 -10.69 -12.80
-13.37 -16.59 -19.81 -20.38 -20.95 -18.53 -16.11 -10.85 -5.60 1.80 9.19 17.64 26.10 34.37 42.65 49.65 56.66 61.62 66.58 69.09 71.59 71.60 71.61 69.44 67.26 63.51 59.76 55.24 50.72 46.22 41.72 37.84 33.97 31.03 28.09 26.09 24.09 22.79 21.49 20.52 19.55 18.47 17.40 15.81 14.23 11.85 9.48 6.28 3.07 -0.69 -4.45 -8.28 -12.10 -15.40 -18.70 -20.97 -23.23 -24.12 -25.01 -24.44 -23.87 -22.00 -20.13 -17.40 -14.67 -11.73 -8.80 -6.44 -4.08 -3.01 -1.94 -2.61 -3.28 -5.79
-11.86 -14.14 -16.42 -16.19 -15.97 -13.05 -10.13 -4.76 0.61 7.73 14.85 22.71 30.56 38.04 45.52 51.68 57.84 62.04 66.25 68.23 70.22 70.02 69.83 67.79 65.75 62.43 59.10 55.18 51.25 47.37 43.49 40.11 36.74 34.07 31.40 29.38 27.35 25.73 24.11 22.58 21.04 19.27 17.50 15.24 12.97 10.09 7.20 3.76 0.31 -3.39 -7.09 -10.56 -14.03 -16.75 -19.46 -20.97 -22.48 -22.53 -22.57 -21.14 -19.71 -17.03 -14.35 -10.93 -7.50 -4.04 -0.58 2.08 4.75 5.88 7.01 6.17 5.33 2.50
-10.35 -11.69 -13.02 -12.01 -10.99 -7.57 -4.15 1.33 6.82 13.66 20.51 27.77 35.03 41.71 48.40 53.70 59.01 62.47 65.92 67.38 68.84 68.44 68.04 66.14 64.24 61.34 58.44 55.11 51.78 48.52 45.25 42.38 39.50 37.11 34.71 32.66 30.62 28.68 26.74 24.63 22.53 20.07 17.60 14.66 11.72 8.32 4.92 1.24 -2.45 -6.08 -9.72 -12.84 -15.96 -18.09 -20.22 -20.97 -21.73 -20.93 -20.14 -17.84 -15.55 -12.06 -8.58 -4.45 -0.33 3.66 7.64 10.61 13.58 14.77 15.96 14.95 13.94 10.78
-7.27 -7.76 -8.24 -6.61 -4.97 -1.29 2.38 7.71 13.03 19.33 25.63 32.06 38.49 44.20 49.92 54.29 58.66 61.36 64.05 65.04 66.03 65.51 64.99 63.31 61.63 59.21 56.79 54.06 51.33 48.62 45.91 43.42 40.93 38.65 36.36 34.14 31.92 29.55 27.17 24.45 21.74 18.62 15.49 12.00 8.51 4.80 1.09 -2.60 -6.29 -9.61 -12.93 -15.49 -18.04 -19.44 -20.83 -20.78 -20.73 -19.14 -17.54 -14.52 -11.49 -7.38 -3.27 1.34 5.95 10.26 14.57 17.69 20.81 21.99 23.17 22.00 20.84 17.44
-4.19 -3.83 -3.46 -1.20 1.05 4.99 8.92 14.09 19.25 25.00 30.75 36.35 41.94 46.69 51.44 54.88 58.31 60.24 62.18 62.69 63.21 62.57 61.94 60.48 59.02 57.09 55.15 53.01 50.87 48.72 46.57 44.46 42.35 40.18 38.02 35.62 33.23 30.42 27.60 24.27 20.95 17.17 13.38 9.34 5.30 1.27 -2.75 -6.44 -10.13 -13.14 -16.15 -18.14 -20.13 -20.79 -21.45 -20.59 -19.74 -17.34 -14.95 -11.19 -7.43 -2.70 2.04 7.13 12.22 16.86 21.49 24.77 28.05 29.22 30.38 29.06 27.74 24.10
0.55 1.58 2.61 5.24 7.86 11.78 15.71 20.45 25.19 30.16 35.14 39.73 44.32 48.00 51.69 54.15 56.62 57.81 59.01 59.11 59.22 58.52 57.82 56.62 55.42 53.96 52.49 50.90 49.30 47.61 45.92 44.06 42.21 40.04 37.87 35.22 32.56 29.29 26.01 22.13 18.25 13.95 9.65 5.26 0.87 -3.23 -7.32 -10.77 -14.21 -16.70 -19.20 -20.49 -21.78 -21.70 -21.61 -20.06 -18.51 -15.54 -12.57 -8.40 -4.23 0.75 5.73 10.92 16.11 20.73 25.34 28.52 31.69 32.70 33.72 32.24 30.76 26.97
5.30 6.99 8.68 11.68 14.68 18.58 22.49 26.81 31.13 35.32 39.52 43.11 46.69 49.31 51.93 53.43 54.92 55.39 55.85 55.53 55.22 54.46 53.70 52.76 51.82 50.83 49.83 48.78 47.73 46.50 45.26 43.67 42.07 39.90 37.73 34.81 31.89 28.16 24.42 19.98 15.55 10.73 5.91 1.18 -3.56 -7.73 -11.89 -15.09 -18.29 -20.27 -22.24 -22.84 -23.44 -22.61 -21.77 -19.52 -17.27 -13.73 -10.19 -5.61 -1.02 4.20 9.43 14.72 20.01 24.60 29.19 32.26 35.33 36.19 37.05 35.41 33.77 29.85
11.16 13.27 15.38 18.49 21.59 25.24 28.89 32.58 36.26 39.54 42.82 45.33 47.84 49.39 50.94 51.52 52.09 51.89 51.69 51.03 50.38 49.60 48.83 48.14 47.45 46.88 46.30 45.70 45.09 44.20 43.30 41.84 40.38 38.12 35.86 32.65 29.45 25.30 21.16 16.30 11.45 6.31 1.18 -3.66 -8.49 -12.48 -16.47 -19.22 -21.97 -23.30 -24.62 -24.50 -24.39 -22.91 -21.43 -18.72 -16.01 -12.24 -8.47 -3.89 0.69 5.71 10.74 15.70 20.65 24.86 29.06 31.77 34.47 35.07 35.67 33.90 32.13 28.24
17.02 19.55 22.08 25.30 28.51 31.90 35.28 38.34 41.40 43.76 46.11 47.55 48.99 49.47 49.95 49.60 49.26 48.40 47.53 46.53 45.54 44.74 43.95 43.51 43.08 42.93 42.77 42.61 42.45 41.90 41.34 40.02 38.70 36.35 34.00 30.50 27.00 22.45 17.90 12.62 7.35 1.90 -3.55 -8.49 -13.43 -17.24 -21.06 -23.36 -25.66 -26.33 -27.00 -26.17 -25.34 -23.21 -21.09 -17.92 -14.74 -10.75 -6.75 -2.17 2.40 7.22 12.05 16.67 21.29 25.11 28.93 31.27 33.62 33.95 34.28 32.39 30.49 26.62
22.97 25.67 28.37 31.46 34.55 37.49 40.43 42.75 45.08 46.49 47.91 48.33 48.75 48.27 47.78 46.65 45.53 44.13 42.73 41.49 40.24 39.46 38.69 38.48 38.27 38.45 38.62 38.78 38.94 38.59 38.23 36.94 35.65 33.15 30.65 26.88 23.12 18.26 13.41 7.89 2.37 -3.15 -8.68 -13.48 -18.28 -21.71 -25.14 -26.85 -28.56 -28.55 -28.54 -27.07 -25.60 -23.03 -20.46 -17.13 -13.80 -9.95 -6.10 -1.94 2.21 6.43 10.65 14.59 18.53 21.69 24.86 26.69 28.53 28.58 28.63 26.73 24.82 21.20
28.92 31.79 34.66 37.62 40.58 43.08 45.58 47.17 48.76 49.23 49.71 49.11 48.51 47.06 45.62 43.71 41.79 39.86 37.93 36.44 34.94 34.19 33.43 33.45 33.46 33.97 34.47 34.95 35.42 35.28 35.13 33.86 32.60 29.95 27.31 23.27 19.23 14.07 8.91 3.16 -2.60 -8.21 -13.82 -18.48 -23.13 -26.18 -29.22 -30.35 -31.47 -30.78 -30.08 -27.97 -25.87 -22.85 -19.84 -16.34 -12.85 -9.15 -5.45 -1.71 2.02 5.64 9.26 12.51 15.76 18.27 20.79 22.11 23.44 23.21 22.98 21.06 19.15 15.78
33.81 36.62 39.44 42.10 44.77 46.73 48.69 49.55 50.42 50.06 49.70 48.25 46.80 44.61 42.42 39.93 37.44 35.16 32.87 31.24 29.61 28.91 28.20 28.39 28.58 29.30 30.03 30.67 31.32 31.23 31.15 29.81 28.48 25.65 22.83 18.57 14.31 8.98 3.65 -2.15 -7.96 -13.42 -18.89 -23.21 -27.52 -30.03 -32.55 -33.04 -33.53 -32.21 -30.89 -28.31 -25.73 -22.52 -19.31 -15.97 -12.62 -9.40 -6.19 -3.19 -0.19 2.56 5.30 7.68 10.06 11.83 13.59 14.42 15.25 14.84 14.44 12.71 10.98 8.13
38.70 41.46 44.22 46.59 48.95 50.38 51.81 51.94 52.08 50.88 49.68 47.39 45.10 42.16 39.21 36.15 33.09 30.45 27.81 26.05 24.28 23.63 22.97 23.34 23.70 24.64 25.58 26.40 27.22 27.19 27.17 25.76 24.36 21.35 18.35 13.87 9.39 3.89 -1.62 -7.47 -13.31 -18.64 -23.97 -27.93 -31.90 -33.89 -35.88 -35.73 -35.58 -33.64 -31.69 -28.64 -25.59 -22.19 -18.78 -15.59 -12.39 -9.66 -6.92 -4.66 -2.40 -0.52 1.35 2.85 4.36 5.38 6.40 6.73 7.05 6.47 5.90 4.36 2.81 0.48
41.64 44.18 46.73 48.70 50.68 51.57 52.47 51.99 51.50 49.67 47.83 44.95 42.07 38.66 35.24 31.86 28.48 25.68 22.88 21.10 19.32 18.74 18.16 18.64 19.11 20.15 21.18 22.02 22.86 22.77 22.68 21.12 19.56 16.37 13.17 8.53 3.90 -1.65 -7.20 -12.92 -18.64 -23.66 -28.67 -32.16 -35.64 -37.05 -38.46 -37.72 -36.98 -34.56 -32.13 -28.82 -25.51 -22.16 -18.82 -16.02 -13.23 -11.20 -9.17 -7.81 -6.45 -5.53 -4.61 -3.97 -3.34 -2.97 -2.61 -2.63 -2.65 -3.21 -3.76 -4.89 -6.03 -7.60
44.59 46.91 49.24 50.82 52.41 52.77 53.13 52.03 50.93 48.45 45.98 42.51 39.05 35.16 31.27 27.57 23.86 20.91 17.96 16.15 14.35 13.85 13.34 13.94 14.53 15.65 16.77 17.64 18.51 18.35 18.19 16.48 14.77 11.38 7.99 3.20 -1.59 -7.19 -12.79 -18.38 -23.98 -28.68 -33.38 -36.38 -39.39 -40.21 -41.04 -39.71 -38.39 -35.48 -32.57 -29.00 -25.43 -22.14 -18.85 -16.46 -14.07 -12.75 -11.42 -10.96 -10.50 -10.53 -10.56 -10.80 -11.03 -11.32 -11.61 -11.99 -12.36 -12.89 -13.42 -14.14 -14.87 -15.69
45.20 47.22 49.24 50.42 51.60 51.51 51.43 49.89 48.35 45.49 42.63 38.86 35.10 31.03 26.95 23.18 19.41 16.48 13.55 11.82 10.10 9.68 9.26 9.89 10.53 11.63 12.73 13.50 14.27 13.93 13.60 11.68 9.76 6.19 2.61 -2.27 -7.16 -12.70 -18.24 -23.59 -28.95 -33.24 -37.53 -40.03 -42.52 -42.82 -43.12 -41.34 -39.56 -36.36 -33.17 -29.57 -25.97 -22.94 -19.91 -18.07 -16.23 -15.68 -15.12 -15.53 -15.93 -16.80 -17.66 -18.57 -19.47 -20.19 -20.90 -21.38 -21.86 -22.15 -22.44 -22.57 -22.71 -22.64
45.81 47.52 49.24 50.02 50.80 50.26 49.73 47.75 45.77 42.52 39.27 35.22 31.16 26.90 22.64 18.80 14.96 12.05 9.14 7.49 5.84 5.51 5.17 5.85 6.53 7.61 8.69 9.35 10.02 9.51 9.01 6.88 4.76 1.00 -2.76 -7.74 -12.72 -18.21 -23.69 -28.80 -33.92 -37.80 -41.69 -43.68 -45.66 -45.43 -45.19 -42.96 -40.73 -37.25 -33.78 -30.14 -26.51 -23.74 -20.98 -19.69 -18.40 -18.61 -18.82 -20.10 -21.37 -23.07 -24.76 -26.34 -27.92 -29.06 -30.19 -30.78 -31.36 -31.41 -31.45 -31.00 -30.55 -29.60
44.19 45.59 46.99 47.44 47.88 47.05 46.21 44.00 41.80 38.43 35.06 30.98 26.90 22.71 18.52 14.81 11.10 8.35 5.60 4.08 2.57 2.30 2.03 2.69 3.35 4.30 5.26 5.73 6.20 5.45 4.71 2.36 0.00 -3.92 -7.84 -12.85 -17.87 -23.23 -28.59 -33.42 -38.25 -41.74 -45.23 -46.78 -48.33 -47.72 -47.11 -44.63 -42.16 -38.64 -35.12 -31.66 -28.20 -25.83 -23.45 -22.73 -22.00 -22.88 -23.75 -25.67 -27.58 -29.81 -32.04 -33.94 -35.85 -37.08 -38.30 -38.71 -39.13 -38.75 -38.38 -37.27 -36.16 -34.36
