test/esri_led_20/synt_tma_1200m_led_20.esri
nrows             510
ncols             462
xllcorner      398000.00
yllcorner     7846000.00
cellsize          500.00
NODATA_value    -9999
[rows 0 to 32 of 510, columns 296 to 369 of 462]
75.90 75.61 75.32 73.61 71.91 69.04 66.17 62.44 58.71 54.44 50.16 45.62 41.09 36.53 31.97 27.58 23.18 19.09 15.00 11.33 7.65 4.52 1.39 -1.07 -3.53 -5.20 -6.88 -7.71 -8.55 -8.57 -8.59 -7.90 -7.21 -5.97 -4.73 -3.15 -1.57 0.17 1.91 3.66 5.42 7.13 8.83 10.45 12.06 13.56 15.06 16.43 17.80 19.02 20.24 21.26 22.28 23.05 23.82 24.27 24.72 24.77 24.83 24.43 24.02 23.11 22.20 20.78 19.35 17.44 15.53 13.19 10.86 8.22 5.58 2.77 -0.03 -2.82
77.37 77.10 76.82 75.12 73.42 70.54 67.66 63.90 60.15 55.84 51.53 46.96 42.38 37.78 33.19 28.75 24.31 20.18 16.05 12.35 8.64 5.49 2.33 -0.15 -2.62 -4.31 -5.99 -6.83 -7.67 -7.69 -7.71 -7.00 -6.30 -5.04 -3.79 -2.18 -0.57 1.20 2.97 4.77 6.56 8.31 10.06 11.72 13.37 14.91 16.45 17.84 19.24 20.48 21.71 22.74 23.77 24.53 25.29 25.72 26.15 26.17 26.20 25.75 25.31 24.35 23.39 21.91 20.42 18.45 16.48 14.09 11.69 8.99 6.29 3.42 0.56 -2.29
78.12 77.94 77.77 76.11 74.45 71.56 68.67 64.86 61.04 56.62 52.20 47.47 42.74 37.94 33.15 28.50 23.84 19.48 15.12 11.19 7.25 3.89 0.52 -2.13 -4.79 -6.61 -8.43 -9.35 -10.27 -10.32 -10.37 -9.63 -8.90 -7.57 -6.24 -4.51 -2.79 -0.87 1.04 3.01 4.97 6.89 8.80 10.62 12.44 14.12 15.80 17.31 18.83 20.15 21.47 22.56 23.64 24.42 25.20 25.63 26.05 26.04 26.03 25.53 25.02 23.99 22.96 21.39 19.83 17.76 15.70 13.21 10.73 7.93 5.14 2.19 -0.76 -3.70
78.87 78.79 78.71 77.10 75.48 72.59 69.69 65.81 61.93 57.40 52.87 47.98 43.09 38.10 33.12 28.25 23.37 18.78 14.19 10.03 5.87 2.29 -1.28 -4.12 -6.95 -8.90 -10.86 -11.87 -12.88 -12.95 -13.02 -12.26 -11.50 -10.09 -8.69 -6.85 -5.00 -2.94 -0.88 1.25 3.38 5.46 7.55 9.53 11.50 13.33 15.15 16.78 18.42 19.82 21.23 22.37 23.51 24.31 25.12 25.53 25.94 25.90 25.86 25.30 24.74 23.64 22.53 20.88 19.23 17.08 14.92 12.34 9.76 6.88 3.99 0.95 -2.09 -5.10
78.81 78.90 78.98 77.46 75.93 73.05 70.16 66.20 62.25 57.56 52.87 47.75 42.63 37.35 32.06 26.84 21.62 16.65 11.68 7.14 2.60 -1.33 -5.26 -8.40 -11.54 -13.73 -15.93 -17.09 -18.25 -18.38 -18.51 -17.72 -16.93 -15.41 -13.88 -11.87 -9.85 -7.56 -5.27 -2.89 -0.51 1.83 4.18 6.40 8.62 10.66 12.70 14.51 16.33 17.87 19.42 20.64 21.87 22.72 23.57 23.99 24.41 24.33 24.26 23.64 23.02 21.83 20.65 18.90 17.15 14.89 12.64 9.95 7.26 4.27 1.28 -1.85 -4.98 -8.08
78.75 79.00 79.25 77.82 76.39 73.51 70.63 66.60 62.57 57.73 52.88 47.53 42.17 36.59 31.00 25.43 19.86 14.51 9.17 4.25 -0.67 -4.95 -9.24 -12.68 -16.13 -18.56 -20.99 -22.30 -23.62 -23.81 -24.00 -23.17 -22.35 -20.72 -19.08 -16.89 -14.69 -12.18 -9.67 -7.03 -4.40 -1.80 0.80 3.27 5.74 7.99 10.25 12.24 14.24 15.92 17.60 18.91 20.23 21.13 22.03 22.45 22.87 22.76 22.66 21.98 21.30 20.03 18.76 16.92 15.08 12.71 10.35 7.56 4.76 1.67 -1.42 -4.65 -7.88 -11.06
78.31 78.79 79.27 77.98 76.69 73.86 71.03 66.95 62.88 57.88 52.88 47.28 41.67 35.74 29.82 23.84 17.85 12.05 6.24 0.86 -4.53 -9.25 -13.98 -17.81 -21.65 -24.39 -27.13 -28.64 -30.16 -30.44 -30.72 -29.87 -29.02 -27.27 -25.51 -23.12 -20.72 -17.95 -15.17 -12.25 -9.33 -6.43 -3.53 -0.78 1.97 4.48 6.98 9.18 11.38 13.22 15.06 16.48 17.90 18.85 19.80 20.23 20.66 20.53 20.39 19.65 18.91 17.55 16.19 14.25 12.30 9.82 7.35 4.44 1.54 -1.66 -4.86 -8.18 -11.51 -14.78
77.87 78.58 79.29 78.14 76.99 74.21 71.43 67.31 63.18 58.03 52.88 47.02 41.17 34.90 28.64 22.24 15.84 9.58 3.32 -2.53 -8.38 -13.55 -18.72 -22.95 -27.17 -30.21 -33.26 -34.98 -36.70 -37.07 -37.43 -36.56 -35.70 -33.82 -31.94 -29.34 -26.75 -23.72 -20.68 -17.47 -14.25 -11.06 -7.86 -4.83 -1.80 0.96 3.71 6.12 8.53 10.52 12.51 14.04 15.56 16.57 17.58 18.02 18.46 18.29 18.12 17.32 16.51 15.07 13.62 11.57 9.52 6.94 4.35 1.33 -1.68 -4.99 -8.30 -11.72 -15.15 -18.50
77.71 78.70 79.68 78.74 77.79 75.12 72.45 68.34 64.22 58.97 53.72 47.65 41.58 35.00 28.41 21.61 14.80 8.08 1.35 -4.98 -11.32 -16.97 -22.61 -27.25 -31.89 -35.28 -38.66 -40.61 -42.56 -43.04 -43.52 -42.64 -41.77 -39.78 -37.80 -35.01 -32.22 -28.94 -25.66 -22.17 -18.67 -15.19 -11.70 -8.40 -5.10 -2.10 0.90 3.50 6.11 8.25 10.39 12.01 13.64 14.69 15.75 16.19 16.63 16.42 16.21 15.34 14.46 12.92 11.38 9.22 7.06 4.35 1.65 -1.49 -4.63 -8.04 -11.46 -14.99 -18.52 -21.96
77.55 78.81 80.08 79.33 78.59 76.03 73.48 69.37 65.26 59.91 54.56 48.28 41.99 35.09 28.19 20.98 13.77 6.58 -0.61 -7.44 -14.27 -20.38 -26.49 -31.55 -36.62 -40.34 -44.06 -46.24 -48.42 -49.01 -49.60 -48.72 -47.84 -45.75 -43.65 -40.68 -37.70 -34.17 -30.64 -26.87 -23.09 -19.32 -15.54 -11.97 -8.39 -5.15 -1.91 0.89 3.69 5.98 8.27 9.99 11.71 12.81 13.91 14.35 14.80 14.55 14.30 13.36 12.41 10.77 9.14 6.87 4.59 1.77 -1.06 -4.31 -7.57 -11.10 -14.63 -18.26 -21.89 -25.42
78.19 79.76 81.33 80.84 80.35 77.97 75.59 71.57 67.55 62.18 56.80 50.38 43.96 36.81 29.66 22.10 14.55 6.94 -0.66 -7.93 -15.21 -21.76 -28.31 -33.78 -39.24 -43.29 -47.33 -49.74 -52.15 -52.86 -53.57 -52.71 -51.84 -49.67 -47.50 -44.36 -41.23 -37.49 -33.75 -29.74 -25.72 -21.71 -17.69 -13.89 -10.08 -6.64 -3.20 -0.24 2.73 5.13 7.54 9.33 11.12 12.25 13.38 13.80 14.23 13.93 13.63 12.60 11.56 9.82 8.07 5.68 3.28 0.32 -2.63 -6.02 -9.40 -13.05 -16.71 -20.45 -24.19 -27.82
78.83 80.71 82.59 82.35 82.10 79.90 77.70 73.76 69.83 64.44 59.05 52.49 45.93 38.53 31.13 23.23 15.33 7.31 -0.71 -8.43 -16.15 -23.14 -30.14 -36.00 -41.86 -46.24 -50.61 -53.25 -55.89 -56.72 -57.55 -56.69 -55.84 -53.59 -51.34 -48.05 -44.76 -40.81 -36.87 -32.61 -28.36 -24.10 -19.84 -15.81 -11.77 -8.13 -4.49 -1.36 1.76 4.29 6.81 8.68 10.54 11.69 12.84 13.25 13.66 13.31 12.95 11.84 10.72 8.86 7.01 4.49 1.97 -1.12 -4.21 -7.72 -11.24 -15.01 -18.79 -22.64 -26.49 -30.22
80.44 82.63 84.81 84.84 84.88 82.90 80.92 77.14 73.36 68.03 62.70 56.10 49.50 41.94 34.38 26.23 18.07 9.73 1.39 -6.69 -14.78 -22.14 -29.50 -35.70 -41.89 -46.54 -51.19 -54.03 -56.86 -57.80 -58.74 -57.91 -57.08 -54.77 -52.46 -49.05 -45.65 -41.54 -37.44 -33.00 -28.57 -24.13 -19.69 -15.48 -11.28 -7.49 -3.70 -0.46 2.78 5.38 7.98 9.88 11.78 12.93 14.08 14.45 14.82 14.39 13.96 12.74 11.52 9.54 7.56 4.90 2.23 -1.00 -4.23 -7.89 -11.55 -15.46 -19.38 -23.35 -27.33 -31.17
82.05 84.55 87.04 87.34 87.65 85.90 84.14 80.52 76.89 71.62 66.35 59.71 53.06 45.34 37.63 29.22 20.81 12.15 3.48 -4.96 -13.40 -21.13 -28.86 -35.39 -41.92 -46.85 -51.78 -54.81 -57.84 -58.89 -59.93 -59.12 -58.31 -55.94 -53.58 -50.06 -46.53 -42.27 -38.01 -33.40 -28.79 -24.16 -19.53 -15.16 -10.78 -6.85 -2.91 0.44 3.79 6.47 9.15 11.08 13.02 14.17 15.32 15.65 15.98 15.47 14.97 13.64 12.32 10.21 8.11 5.31 2.50 -0.88 -4.26 -8.06 -11.87 -15.92 -19.97 -24.07 -28.17 -32.12
84.44 87.20 89.96 90.53 91.09 89.58 88.06 84.62 81.19 76.04 70.89 64.27 57.65 49.87 42.09 33.53 24.97 16.10 7.22 -1.47 -10.17 -18.15 -26.13 -32.90 -39.67 -44.79 -49.91 -53.07 -56.24 -57.36 -58.47 -57.67 -56.87 -54.45 -52.04 -48.43 -44.82 -40.45 -36.07 -31.34 -26.60 -21.85 -17.10 -12.61 -8.12 -4.10 -0.07 3.35 6.77 9.48 12.19 14.13 16.07 17.19 18.31 18.57 18.84 18.24 17.65 16.20 14.75 12.51 10.26 7.30 4.33 0.79 -2.76 -6.72 -10.69 -14.89 -19.09 -23.33 -27.57 -31.65
86.83 89.86 92.88 93.71 94.54 93.26 91.98 88.73 85.48 80.45 75.42 68.83 62.24 54.40 46.55 37.84 29.14 20.04 10.95 2.01 -6.93 -15.17 -23.40 -30.41 -37.41 -42.72 -48.04 -51.34 -54.64 -55.82 -57.01 -56.22 -55.42 -52.96 -50.51 -46.81 -43.11 -38.63 -34.14 -29.28 -24.42 -19.54 -14.67 -10.07 -5.47 -1.35 2.77 6.25 9.74 12.49 15.24 17.18 19.12 20.21 21.30 21.50 21.71 21.02 20.33 18.76 17.19 14.80 12.41 9.29 6.17 2.46 -1.25 -5.38 -9.51 -13.86 -18.22 -22.60 -26.98 -31.18
89.59 92.80 96.01 97.04 98.07 97.00 95.92 92.85 89.79 84.89 79.99 73.48 66.97 59.13 51.29 42.53 33.77 24.58 15.39 6.32 -2.74 -11.10 -19.47 -26.58 -33.70 -39.09 -44.48 -47.83 -51.18 -52.38 -53.57 -52.75 -51.93 -49.42 -46.91 -43.14 -39.37 -34.80 -30.23 -25.29 -20.34 -15.39 -10.44 -5.77 -1.10 3.07 7.24 10.75 14.26 17.02 19.77 21.69 23.61 24.65 25.69 25.81 25.93 25.13 24.33 22.63 20.93 18.38 15.83 12.53 9.24 5.35 1.46 -2.84 -7.15 -11.67 -16.20 -20.73 -25.27 -29.61
92.34 95.74 99.14 100.37 101.61 100.73 99.86 96.97 94.09 89.33 84.57 78.13 71.69 63.86 56.03 47.21 38.40 29.11 19.82 10.64 1.45 -7.04 -15.53 -22.75 -29.98 -35.46 -40.93 -44.33 -47.72 -48.93 -50.13 -49.28 -48.44 -45.87 -43.31 -39.47 -35.62 -30.97 -26.32 -21.29 -16.27 -11.23 -6.20 -1.47 3.27 7.49 11.70 15.25 18.79 21.55 24.31 26.20 28.10 29.09 30.07 30.12 30.16 29.25 28.34 26.50 24.66 21.96 19.25 15.78 12.32 8.25 4.18 -0.30 -4.79 -9.48 -14.17 -18.86 -23.55 -28.03
95.05 98.52 101.99 103.33 104.67 103.92 103.17 100.42 97.66 93.01 88.36 82.00 75.65 67.87 60.09 51.30 42.50 33.22 23.94 14.76 5.58 -2.90 -11.38 -18.58 -25.78 -31.21 -36.65 -39.99 -43.32 -44.46 -45.60 -44.68 -43.76 -41.11 -38.47 -34.55 -30.64 -25.92 -21.20 -16.11 -11.02 -5.93 -0.85 3.93 8.70 12.94 17.19 20.74 24.29 27.03 29.78 31.64 33.51 34.43 35.35 35.31 35.26 34.23 33.21 31.22 29.24 26.36 23.48 19.83 16.18 11.93 7.67 2.99 -1.68 -6.55 -11.43 -16.28 -21.13 -25.76
97.75 101.30 104.84 106.29 107.74 107.12 106.49 103.86 101.22 96.69 92.15 85.88 79.61 71.88 64.15 55.38 46.61 37.34 28.07 18.89 9.71 1.24 -7.22 -14.40 -21.58 -26.97 -32.36 -35.65 -38.93 -40.00 -41.07 -40.07 -39.08 -36.36 -33.64 -29.64 -25.65 -20.86 -16.07 -10.92 -5.77 -0.63 4.50 9.32 14.13 18.40 22.67 26.23 29.79 32.52 35.25 37.08 38.91 39.77 40.63 40.50 40.36 39.22 38.07 35.94 33.81 30.77 27.72 23.89 20.05 15.60 11.15 6.29 1.43 -3.63 -8.68 -13.70 -18.71 -23.48
100.14 103.63 107.12 108.55 109.97 109.36 108.74 106.14 103.54 99.05 94.57 88.35 82.14 74.47 66.81 58.12 49.43 40.25 31.08 22.02 12.96 4.63 -3.70 -10.72 -17.74 -22.97 -28.20 -31.32 -34.44 -35.36 -36.28 -35.16 -34.03 -31.20 -28.37 -24.29 -20.21 -15.35 -10.48 -5.28 -0.07 5.11 10.29 15.14 19.98 24.27 28.56 32.12 35.69 38.41 41.13 42.92 44.71 45.51 46.31 46.08 45.86 44.59 43.33 41.05 38.77 35.55 32.34 28.32 24.29 19.65 15.00 9.94 4.89 -0.35 -5.59 -10.78 -15.96 -20.88
102.53 105.96 109.39 110.80 112.21 111.60 111.00 108.43 105.86 101.42 96.98 90.82 84.67 77.07 69.47 60.86 52.25 43.17 34.09 25.15 16.20 8.02 -0.17 -7.03 -13.90 -18.96 -24.03 -26.99 -29.95 -30.72 -31.50 -30.24 -28.99 -26.05 -23.11 -18.94 -14.76 -9.83 -4.90 0.37 5.63 10.85 16.07 20.95 25.83 30.14 34.45 38.02 41.58 44.29 47.00 48.75 50.51 51.25 51.99 51.67 51.35 49.97 48.58 46.16 43.73 40.34 36.96 32.75 28.54 23.69 18.85 13.60 8.34 2.92 -2.50 -7.86 -13.21 -18.27
104.54 107.77 111.01 112.26 113.51 112.78 112.05 109.40 106.74 102.26 97.77 91.62 85.46 77.92 70.38 61.87 53.37 44.45 35.53 26.80 18.08 10.14 2.20 -4.39 -10.98 -15.77 -20.57 -23.27 -25.98 -26.54 -27.09 -25.66 -24.22 -21.14 -18.06 -13.78 -9.50 -4.49 0.53 5.86 11.18 16.45 21.72 26.64 31.56 35.90 40.24 43.82 47.41 50.11 52.82 54.55 56.28 56.97 57.65 57.25 56.85 55.36 53.86 51.29 48.72 45.17 41.61 37.22 32.82 27.79 22.75 17.30 11.86 6.25 0.65 -4.87 -10.39 -15.59
106.55 109.59 112.63 113.72 114.81 113.95 113.10 110.36 107.62 103.09 98.56 92.41 86.26 78.77 71.28 62.88 54.49 45.73 36.98 28.46 19.95 12.26 4.57 -1.75 -8.07 -12.59 -17.11 -19.56 -22.02 -22.35 -22.69 -21.07 -19.46 -16.24 -13.01 -8.63 -4.24 0.86 5.96 11.34 16.73 22.05 27.37 32.33 37.29 41.66 46.03 49.63 53.23 55.93 58.63 60.34 62.05 62.68 63.32 62.84 62.36 60.75 59.13 56.42 53.71 49.99 46.27 41.69 37.11 31.88 26.65 21.01 15.38 9.59 3.80 -1.88 -7.57 -12.92
108.29 111.01 113.73 114.53 115.32 114.20 113.09 110.13 107.18 102.50 97.82 91.60 85.38 77.91 70.44 62.16 53.88 45.34 36.79 28.55 20.32 12.97 5.62 -0.34 -6.30 -10.47 -14.63 -16.77 -18.90 -18.97 -19.03 -17.20 -15.37 -11.98 -8.59 -4.08 0.42 5.61 10.80 16.27 21.73 27.11 32.50 37.51 42.53 46.94 51.36 55.00 58.63 61.36 64.08 65.78 67.49 68.09 68.69 68.14 67.59 65.88 64.17 61.33 58.49 54.61 50.73 45.98 41.23 35.82 30.41 24.59 18.78 12.82 6.86 1.02 -4.82 -10.29
110.04 112.44 114.84 115.33 115.83 114.45 113.07 109.90 106.74 101.91 97.08 90.78 84.49 77.05 69.60 61.44 53.28 44.94 36.60 28.64 20.69 13.67 6.66 1.06 -4.54 -8.35 -12.16 -13.97 -15.79 -15.58 -15.37 -13.32 -11.28 -7.73 -4.18 0.46 5.09 10.37 15.65 21.19 26.72 32.17 37.62 42.69 47.76 52.23 56.69 60.36 64.04 66.78 69.53 71.23 72.92 73.49 74.06 73.44 72.83 71.01 69.20 66.23 63.26 59.23 55.20 50.27 45.35 39.76 34.17 28.17 22.18 16.05 9.92 3.93 -2.06 -7.67
111.74 113.72 115.71 115.79 115.87 114.11 112.35 108.85 105.35 100.27 95.19 88.75 82.31 74.85 67.39 59.33 51.28 43.16 35.05 27.42 19.79 13.16 6.53 1.34 -3.84 -7.25 -10.66 -12.11 -13.56 -13.05 -12.55 -10.27 -7.99 -4.27 -0.55 4.21 8.97 14.34 19.72 25.34 30.96 36.48 42.00 47.15 52.29 56.83 61.36 65.10 68.83 71.62 74.41 76.12 77.84 78.39 78.94 78.28 77.62 75.73 73.83 70.75 67.67 63.51 59.34 54.27 49.20 43.45 37.70 31.55 25.40 19.12 12.84 6.72 0.59 -5.13
113.45 115.01 116.57 116.25 115.92 113.78 111.63 107.80 103.97 98.63 93.30 86.72 80.14 72.65 65.17 57.22 49.28 41.39 33.50 26.19 18.88 12.64 6.40 1.63 -3.14 -6.15 -9.15 -10.24 -11.33 -10.53 -9.72 -7.22 -4.71 -0.82 3.08 7.96 12.84 18.32 23.80 29.50 35.19 40.79 46.39 51.61 56.83 61.43 66.03 69.83 73.62 76.45 79.28 81.02 82.75 83.29 83.83 83.12 82.41 80.44 78.47 75.28 72.09 67.79 63.49 58.27 53.04 47.14 41.23 34.92 28.61 22.19 15.76 9.50 3.24 -2.59
115.38 116.46 117.55 116.74 115.93 113.31 110.70 106.45 102.20 96.53 90.87 84.08 77.29 69.75 62.20 54.34 46.49 38.82 31.15 24.17 17.19 11.35 5.51 1.17 -3.17 -5.76 -8.36 -9.08 -9.81 -8.71 -7.61 -4.88 -2.15 1.90 5.95 10.95 15.95 21.51 27.08 32.86 38.64 44.32 49.99 55.29 60.59 65.28 69.96 73.84 77.71 80.60 83.49 85.26 87.03 87.58 88.13 87.39 86.66 84.63 82.60 79.33 76.06 71.66 67.26 61.92 56.58 50.55 44.52 38.09 31.66 25.11 18.57 12.20 5.84 -0.09
117.30 117.91 118.52 117.23 115.93 112.85 109.77 105.10 100.43 94.44 88.44 81.44 74.45 66.84 59.23 51.46 43.69 36.25 28.80 22.15 15.50 10.06 4.62 0.71 -3.21 -5.38 -7.56 -7.92 -8.29 -6.89 -5.50 -2.55 0.40 4.61 8.82 13.94 19.05 24.71 30.36 36.22 42.09 47.84 53.60 58.98 64.36 69.13 73.90 77.85 81.79 84.75 87.70 89.51 91.32 91.87 92.42 91.66 90.90 88.82 86.74 83.38 80.03 75.53 71.03 65.57 60.12 53.97 47.81 41.26 34.70 28.04 21.38 14.90 8.43 2.40
119.64 119.77 119.90 118.10 116.29 112.71 109.13 104.00 98.87 92.50 86.13 78.89 71.65 63.94 56.24 48.53 40.82 33.57 26.33 19.98 13.64 8.57 3.51 -0.00 -3.52 -5.31 -7.10 -7.13 -7.16 -5.51 -3.86 -0.72 2.42 6.76 11.10 16.31 21.51 27.24 32.97 38.90 44.82 50.65 56.47 61.93 67.39 72.24 77.09 81.12 85.15 88.17 91.19 93.05 94.91 95.48 96.06 95.30 94.53 92.42 90.31 86.91 83.51 78.95 74.38 68.85 63.32 57.09 50.86 44.23 37.59 30.84 24.10 17.55 11.00 4.91
121.99 121.63 121.27 118.96 116.66 112.57 108.49 102.90 97.31 90.57 83.83 76.34 68.85 61.05 53.25 45.60 37.95 30.90 23.85 17.81 11.78 7.09 2.40 -0.71 -3.82 -5.23 -6.64 -6.34 -6.04 -4.13 -2.21 1.12 4.45 8.92 13.39 18.68 23.98 29.78 35.57 41.57 47.56 53.45 59.35 64.89 70.42 75.35 80.28 84.39 88.50 91.59 94.68 96.59 98.49 99.09 99.70 98.93 98.16 96.02 93.88 90.44 86.99 82.36 77.73 72.13 66.53 60.22 53.91 47.19 40.47 33.65 26.83 20.20 13.57 7.42
124.80 123.99 123.19 120.40 117.62 113.05 108.48 102.44 96.41 89.29 82.18 74.43 66.69 58.78 50.86 43.25 35.63 28.74 21.85 16.07 10.30 5.93 1.56 -1.21 -3.99 -5.08 -6.17 -5.60 -5.02 -2.91 -0.79 2.68 6.15 10.71 15.27 20.61 25.96 31.80 37.63 43.66 49.69 55.63 61.58 67.17 72.76 77.76 82.75 86.93 91.11 94.26 97.41 99.37 101.32 101.96 102.59 101.84 101.09 98.95 96.81 93.36 89.90 85.25 80.61 74.98 69.36 63.02 56.69 49.93 43.18 36.32 29.46 22.80 16.13 9.94
