test/esri_led_20/synt_tma_3600m_led_20.esri
nrows             510
ncols             462
xllcorner      398000.00
yllcorner     7846000.00
cellsize          500.00
NODATA_value    -9999
[rows 352 to 383 of 510, columns 146 to 218 of 462]
71.27 70.41 69.55 67.88 66.21 63.82 61.43 58.45 55.47 52.00 48.54 44.73 40.91 37.03 33.14 29.58 26.01 23.10 20.20 18.16 16.12 14.99 13.86 13.59 13.32 13.79 14.25 15.32 16.38 17.90 19.41 21.20 22.99 24.89 26.78 28.71 30.63 32.64 34.65 36.85 39.05 41.50 43.95 46.66 49.37 52.28 55.18 58.10 61.03 63.70 66.37 68.56 70.74 72.30 73.85 74.63 75.42 75.25 75.08 73.90 72.71 70.69 68.67 66.11 63.55 60.69 57.82 54.77 51.72 48.55 45.37 42.10 38.84
68.17 67.20 66.24 64.44 62.64 60.11 57.58 54.46 51.34 47.77 44.19 40.30 36.41 32.49 28.56 25.00 21.43 18.57 15.71 13.77 11.82 10.84 9.85 9.76 9.66 10.34 11.01 12.31 13.62 15.39 17.17 19.24 21.31 23.48 25.66 27.85 30.04 32.30 34.55 36.96 39.36 41.96 44.56 47.36 50.15 53.08 56.00 58.91 61.82 64.46 67.09 69.24 71.38 72.91 74.43 75.22 76.01 75.89 75.77 74.68 73.60 71.72 69.84 67.47 65.09 62.43 59.76 56.92 54.07 51.09 48.11 45.00 41.89
63.88 62.77 61.65 59.73 57.82 55.20 52.58 49.40 46.22 42.62 39.02 35.14 31.27 27.39 23.52 20.03 16.53 13.77 11.00 9.17 7.34 6.49 5.64 5.69 5.74 6.58 7.42 8.90 10.39 12.38 14.36 16.65 18.93 21.33 23.73 26.15 28.56 31.03 33.49 36.06 38.64 41.35 44.06 46.90 49.73 52.65 55.56 58.41 61.26 63.83 66.40 68.48 70.56 72.06 73.55 74.35 75.15 75.12 75.08 74.15 73.23 71.57 69.92 67.81 65.70 63.32 60.94 58.38 55.82 53.10 50.38 47.50 44.61
59.59 58.33 57.06 55.03 53.00 50.29 47.58 44.34 41.10 37.47 33.84 29.98 26.12 22.30 18.47 15.05 11.64 8.97 6.30 4.58 2.86 2.14 1.42 1.62 1.82 2.82 3.82 5.50 7.17 9.36 11.55 14.05 16.55 19.18 21.80 24.44 27.08 29.75 32.43 35.17 37.92 40.74 43.56 46.44 49.32 52.22 55.11 57.91 60.71 63.20 65.70 67.73 69.75 71.21 72.67 73.49 74.30 74.35 74.39 73.62 72.85 71.43 70.00 68.15 66.31 64.22 62.12 59.84 57.56 55.11 52.66 50.00 47.33
54.28 52.87 51.45 49.34 47.23 44.50 41.76 38.55 35.33 31.76 28.19 24.43 20.67 16.97 13.27 9.99 6.70 4.16 1.62 0.02 -1.58 -2.19 -2.80 -2.50 -2.20 -1.09 0.02 1.81 3.61 5.93 8.24 10.89 13.54 16.32 19.10 21.91 24.71 27.54 30.37 33.25 36.12 39.02 41.92 44.82 47.71 50.57 53.43 56.15 58.87 61.30 63.72 65.68 67.65 69.08 70.52 71.37 72.22 72.37 72.53 71.97 71.41 70.26 69.11 67.59 66.07 64.31 62.54 60.59 58.64 56.49 54.34 51.93 49.51
48.97 47.41 45.84 43.65 41.46 38.70 35.95 32.75 29.56 26.05 22.54 18.88 15.21 11.64 8.07 4.92 1.77 -0.64 -3.06 -4.54 -6.02 -6.52 -7.03 -6.62 -6.21 -5.00 -3.78 -1.87 0.04 2.49 4.94 7.73 10.52 13.46 16.40 19.37 22.34 25.33 28.32 31.32 34.33 37.31 40.29 43.20 46.11 48.92 51.74 54.39 57.04 59.39 61.73 63.63 65.54 66.96 68.37 69.25 70.13 70.40 70.67 70.32 69.96 69.09 68.23 67.02 65.82 64.40 62.97 61.34 59.71 57.86 56.02 53.86 51.69
42.98 41.32 39.65 37.44 35.23 32.52 29.82 26.71 23.61 20.23 16.85 13.35 9.84 6.43 3.03 0.04 -2.95 -5.22 -7.50 -8.87 -10.24 -10.67 -11.10 -10.63 -10.17 -8.91 -7.65 -5.69 -3.74 -1.24 1.25 4.10 6.96 9.97 12.99 16.06 19.13 22.23 25.32 28.42 31.52 34.55 37.59 40.51 43.43 46.22 49.00 51.60 54.20 56.49 58.78 60.66 62.54 63.97 65.39 66.34 67.28 67.70 68.11 67.98 67.85 67.28 66.70 65.82 64.94 63.84 62.73 61.41 60.09 58.51 56.93 54.99 53.05
36.99 35.23 33.46 31.23 29.00 26.34 23.69 20.68 17.67 14.42 11.17 7.82 4.46 1.23 -2.01 -4.84 -7.66 -9.80 -11.94 -13.21 -14.47 -14.82 -15.17 -14.65 -14.13 -12.82 -11.51 -9.52 -7.52 -4.98 -2.43 0.48 3.39 6.49 9.58 12.75 15.93 19.13 22.33 25.52 28.70 31.80 34.89 37.82 40.75 43.51 46.26 48.81 51.35 53.60 55.84 57.69 59.54 60.98 62.41 63.43 64.44 64.99 65.55 65.65 65.74 65.46 65.18 64.62 64.07 63.28 62.50 61.48 60.46 59.15 57.84 56.12 54.41
30.69 28.91 27.13 24.96 22.80 20.26 17.72 14.86 12.01 8.93 5.85 2.68 -0.49 -3.55 -6.61 -9.28 -11.95 -13.97 -15.98 -17.16 -18.35 -18.65 -18.95 -18.43 -17.90 -16.61 -15.32 -13.36 -11.40 -8.90 -6.39 -3.51 -0.62 2.47 5.56 8.76 11.96 15.21 18.46 21.71 24.95 28.09 31.23 34.19 37.15 39.92 42.68 45.23 47.77 50.03 52.28 54.17 56.05 57.55 59.05 60.18 61.30 62.01 62.73 63.05 63.37 63.35 63.33 63.04 62.76 62.22 61.69 60.88 60.08 58.94 57.81 56.21 54.62
24.38 22.59 20.80 18.70 16.60 14.17 11.75 9.05 6.35 3.44 0.53 -2.46 -5.45 -8.33 -11.21 -13.72 -16.24 -18.13 -20.02 -21.12 -22.22 -22.48 -22.74 -22.21 -21.67 -20.40 -19.13 -17.21 -15.28 -12.81 -10.35 -7.49 -4.64 -1.55 1.54 4.77 7.99 11.29 14.60 17.90 21.20 24.39 27.57 30.56 33.55 36.33 39.10 41.65 44.20 46.46 48.73 50.64 52.56 54.13 55.69 56.92 58.15 59.04 59.92 60.46 61.00 61.24 61.48 61.46 61.44 61.16 60.88 60.29 59.70 58.73 57.77 56.30 54.84
18.10 16.40 14.71 12.75 10.79 8.55 6.31 3.79 1.28 -1.44 -4.15 -6.96 -9.77 -12.49 -15.21 -17.59 -19.97 -21.77 -23.56 -24.61 -25.65 -25.91 -26.16 -25.66 -25.16 -23.97 -22.77 -20.95 -19.13 -16.79 -14.44 -11.70 -8.96 -5.96 -2.96 0.23 3.41 6.71 10.01 13.34 16.67 19.91 23.14 26.19 29.24 32.08 34.92 37.55 40.17 42.52 44.87 46.89 48.92 50.61 52.30 53.68 55.06 56.11 57.17 57.90 58.63 59.07 59.51 59.67 59.84 59.69 59.55 59.04 58.54 57.61 56.68 55.21 53.73
11.81 10.22 8.62 6.80 4.99 2.92 0.86 -1.46 -3.78 -6.31 -8.84 -11.47 -14.10 -16.66 -19.21 -21.46 -23.71 -25.41 -27.11 -28.10 -29.09 -29.33 -29.58 -29.11 -28.65 -27.53 -26.41 -24.70 -22.98 -20.76 -18.53 -15.91 -13.29 -10.37 -7.45 -4.31 -1.17 2.13 5.43 8.79 12.14 15.42 18.70 21.81 24.92 27.84 30.75 33.45 36.14 38.58 41.01 43.14 45.27 47.09 48.91 50.43 51.96 53.19 54.41 55.34 56.26 56.90 57.54 57.88 58.23 58.22 58.22 57.80 57.38 56.48 55.59 54.11 52.63
5.95 4.53 3.12 1.50 -0.11 -1.97 -3.83 -5.96 -8.08 -10.43 -12.78 -15.25 -17.73 -20.16 -22.59 -24.73 -26.88 -28.51 -30.14 -31.10 -32.06 -32.32 -32.58 -32.18 -31.78 -30.78 -29.77 -28.21 -26.65 -24.61 -22.57 -20.14 -17.70 -14.93 -12.17 -9.12 -6.07 -2.82 0.44 3.80 7.17 10.50 13.83 17.04 20.24 23.28 26.32 29.16 32.00 34.59 37.18 39.47 41.77 43.76 45.75 47.45 49.14 50.53 51.92 52.99 54.06 54.81 55.57 55.99 56.41 56.42 56.43 55.95 55.48 54.49 53.49 51.88 50.27
0.09 -1.15 -2.39 -3.80 -5.22 -6.87 -8.52 -10.45 -12.37 -14.54 -16.72 -19.04 -21.36 -23.66 -25.96 -28.01 -30.05 -31.62 -33.18 -34.11 -35.04 -35.32 -35.59 -35.26 -34.92 -34.02 -33.13 -31.73 -30.33 -28.47 -26.62 -24.36 -22.11 -19.49 -16.88 -13.93 -10.98 -7.76 -4.54 -1.18 2.19 5.58 8.96 12.26 15.56 18.72 21.89 24.87 27.85 30.60 33.34 35.81 38.27 40.43 42.59 44.46 46.32 47.87 49.42 50.63 51.85 52.72 53.60 54.09 54.59 54.61 54.63 54.11 53.59 52.49 51.39 49.65 47.92
-4.90 -5.93 -6.95 -8.16 -9.37 -10.83 -12.30 -14.06 -15.82 -17.86 -19.90 -22.11 -24.32 -26.54 -28.76 -30.74 -32.72 -34.24 -35.76 -36.68 -37.59 -37.88 -38.18 -37.91 -37.64 -36.86 -36.09 -34.86 -33.64 -31.99 -30.35 -28.32 -26.29 -23.86 -21.43 -18.62 -15.80 -12.66 -9.51 -6.16 -2.80 0.64 4.08 7.50 10.92 14.25 17.58 20.75 23.93 26.87 29.82 32.48 35.14 37.49 39.84 41.86 43.89 45.56 47.23 48.52 49.82 50.72 51.62 52.08 52.53 52.46 52.38 51.69 51.01 49.70 48.39 46.44 44.49
-9.90 -10.70 -11.51 -12.52 -13.52 -14.80 -16.07 -17.67 -19.27 -21.17 -23.07 -25.18 -27.29 -29.42 -31.55 -33.47 -35.39 -36.87 -38.34 -39.24 -40.14 -40.45 -40.76 -40.56 -40.36 -39.70 -39.05 -38.00 -36.95 -35.52 -34.09 -32.28 -30.46 -28.23 -25.99 -23.31 -20.63 -17.56 -14.49 -11.14 -7.79 -4.29 -0.80 2.74 6.28 9.77 13.27 16.64 20.00 23.15 26.29 29.15 32.01 34.55 37.08 39.27 41.46 43.25 45.04 46.41 47.78 48.71 49.63 50.06 50.48 50.31 50.13 49.28 48.43 46.91 45.39 43.23 41.06
-13.69 -14.30 -14.91 -15.75 -16.59 -17.74 -18.89 -20.39 -21.90 -23.73 -25.57 -27.63 -29.68 -31.78 -33.87 -35.76 -37.65 -39.10 -40.54 -41.42 -42.30 -42.62 -42.93 -42.77 -42.61 -42.06 -41.52 -40.63 -39.74 -38.52 -37.30 -35.72 -34.13 -32.10 -30.07 -27.55 -25.02 -22.05 -19.07 -15.75 -12.43 -8.88 -5.34 -1.68 1.98 5.66 9.34 12.92 16.49 19.85 23.21 26.26 29.31 32.02 34.72 37.03 39.33 41.19 43.05 44.41 45.77 46.63 47.48 47.77 48.05 47.68 47.31 46.21 45.12 43.34 41.55 39.13 36.71
-17.48 -17.89 -18.30 -18.98 -19.65 -20.68 -21.71 -23.12 -24.53 -26.30 -28.06 -30.07 -32.08 -34.14 -36.20 -38.05 -39.91 -41.33 -42.75 -43.60 -44.46 -44.78 -45.10 -44.99 -44.87 -44.42 -43.98 -43.25 -42.53 -41.52 -40.51 -39.15 -37.80 -35.97 -34.15 -31.78 -29.41 -26.53 -23.65 -20.36 -17.07 -13.47 -9.88 -6.10 -2.31 1.55 5.41 9.20 12.98 16.55 20.12 23.37 26.62 29.48 32.35 34.78 37.21 39.13 41.05 42.41 43.76 44.54 45.32 45.47 45.63 45.06 44.49 43.15 41.81 39.76 37.71 35.04 32.37
-20.05 -20.31 -20.57 -21.16 -21.74 -22.72 -23.71 -25.11 -26.51 -28.28 -30.05 -32.06 -34.08 -36.14 -38.20 -40.05 -41.89 -43.29 -44.68 -45.51 -46.33 -46.63 -46.92 -46.81 -46.71 -46.33 -45.95 -45.36 -44.77 -43.95 -43.13 -41.99 -40.84 -39.22 -37.60 -35.40 -33.20 -30.44 -27.68 -24.44 -21.19 -17.58 -13.96 -10.07 -6.17 -2.15 1.88 5.86 9.84 13.59 17.34 20.75 24.15 27.13 30.11 32.60 35.09 37.00 38.91 40.19 41.46 42.08 42.70 42.64 42.58 41.76 40.94 39.32 37.71 35.38 33.05 30.13 27.22
-22.62 -22.73 -22.84 -23.34 -23.83 -24.77 -25.71 -27.10 -28.49 -30.26 -32.03 -34.06 -36.08 -38.14 -40.21 -42.04 -43.88 -45.25 -46.62 -47.41 -48.20 -48.47 -48.74 -48.64 -48.55 -48.23 -47.92 -47.47 -47.01 -46.38 -45.75 -44.82 -43.88 -42.46 -41.05 -39.02 -36.99 -34.35 -31.70 -28.51 -25.32 -21.68 -18.03 -14.04 -10.04 -5.85 -1.66 2.52 6.69 10.63 14.57 18.13 21.69 24.78 27.88 30.42 32.97 34.88 36.78 37.97 39.15 39.62 40.08 39.81 39.54 38.46 37.39 35.50 33.61 31.00 28.39 25.23 22.07
-24.38 -24.39 -24.41 -24.88 -25.34 -26.31 -27.27 -28.71 -30.15 -31.97 -33.79 -35.86 -37.92 -40.00 -42.09 -43.93 -45.76 -47.11 -48.45 -49.19 -49.94 -50.15 -50.37 -50.25 -50.13 -49.84 -49.56 -49.21 -48.85 -48.38 -47.90 -47.15 -46.40 -45.17 -43.93 -42.07 -40.21 -37.70 -35.19 -32.08 -28.98 -25.35 -21.72 -17.67 -13.62 -9.32 -5.02 -0.72 3.59 7.64 11.70 15.33 18.97 22.10 25.23 27.77 30.31 32.14 33.98 35.03 36.08 36.34 36.61 36.11 35.60 34.28 32.96 30.82 28.67 25.83 22.99 19.66 16.32
-26.13 -26.06 -25.98 -26.42 -26.86 -27.85 -28.83 -30.32 -31.80 -33.68 -35.55 -37.65 -39.76 -41.87 -43.98 -45.81 -47.65 -48.97 -50.28 -50.98 -51.67 -51.83 -52.00 -51.85 -51.70 -51.45 -51.20 -50.95 -50.69 -50.37 -50.05 -49.48 -48.92 -47.87 -46.82 -45.13 -43.44 -41.06 -38.68 -35.66 -32.63 -29.02 -25.40 -21.30 -17.19 -12.79 -8.38 -3.95 0.49 4.65 8.82 12.54 16.25 19.42 22.59 25.12 27.65 29.41 31.18 32.09 33.00 33.07 33.14 32.40 31.66 30.09 28.52 26.13 23.74 20.67 17.60 14.08 10.56
-27.75 -27.63 -27.51 -27.96 -28.40 -29.44 -30.47 -32.02 -33.56 -35.48 -37.41 -39.54 -41.68 -43.80 -45.92 -47.75 -49.58 -50.86 -52.14 -52.78 -53.41 -53.52 -53.62 -53.43 -53.24 -53.00 -52.75 -52.56 -52.37 -52.16 -51.95 -51.53 -51.10 -50.21 -49.31 -47.77 -46.23 -44.00 -41.76 -38.85 -35.94 -32.40 -28.87 -24.80 -20.73 -16.33 -11.93 -7.49 -3.06 1.10 5.26 8.94 12.62 15.72 18.83 21.28 23.72 25.37 27.02 27.79 28.55 28.45 28.35 27.44 26.52 24.79 23.06 20.52 17.99 14.80 11.62 8.04 4.45
-29.38 -29.21 -29.04 -29.49 -29.95 -31.03 -32.11 -33.71 -35.32 -37.29 -39.26 -41.43 -43.60 -45.73 -47.87 -49.69 -51.50 -52.75 -54.00 -54.58 -55.16 -55.20 -55.24 -55.01 -54.78 -54.54 -54.30 -54.17 -54.04 -53.95 -53.85 -53.57 -53.29 -52.55 -51.80 -50.42 -49.03 -46.93 -44.83 -42.04 -39.24 -35.79 -32.33 -28.31 -24.28 -19.88 -15.48 -11.04 -6.60 -2.45 1.70 5.34 8.98 12.02 15.07 17.43 19.79 21.33 22.87 23.49 24.11 23.84 23.57 22.48 21.39 19.49 17.59 14.91 12.23 8.93 5.63 1.99 -1.65
-31.50 -31.31 -31.13 -31.59 -32.06 -33.16 -34.26 -35.88 -37.49 -39.46 -41.44 -43.59 -45.74 -47.84 -49.94 -51.72 -53.49 -54.69 -55.89 -56.41 -56.94 -56.93 -56.93 -56.67 -56.41 -56.17 -55.93 -55.83 -55.73 -55.70 -55.67 -55.47 -55.27 -54.64 -54.00 -52.74 -51.48 -49.52 -47.56 -44.92 -42.28 -38.99 -35.70 -31.84 -27.97 -23.75 -19.52 -15.26 -10.99 -7.03 -3.06 0.40 3.85 6.72 9.59 11.79 14.00 15.40 16.80 17.31 17.82 17.47 17.12 15.98 14.84 12.93 11.01 8.36 5.71 2.47 -0.76 -4.29 -7.82
-33.61 -33.42 -33.22 -33.69 -34.17 -35.29 -36.41 -38.04 -39.67 -41.64 -43.61 -45.75 -47.88 -49.95 -52.02 -53.75 -55.49 -56.63 -57.78 -58.25 -58.73 -58.67 -58.62 -58.33 -58.04 -57.80 -57.56 -57.49 -57.43 -57.45 -57.48 -57.37 -57.26 -56.73 -56.21 -55.07 -53.93 -52.11 -50.29 -47.81 -45.32 -42.19 -39.06 -35.37 -31.67 -27.62 -23.56 -19.47 -15.39 -11.60 -7.82 -4.55 -1.27 1.42 4.11 6.15 8.20 9.47 10.74 11.14 11.54 11.11 10.67 9.48 8.29 6.37 4.44 1.81 -0.82 -3.98 -7.15 -10.57 -13.99
-36.47 -36.28 -36.09 -36.55 -37.00 -38.08 -39.16 -40.73 -42.30 -44.19 -46.08 -48.11 -50.15 -52.12 -54.09 -55.74 -57.38 -58.46 -59.54 -59.97 -60.40 -60.33 -60.26 -59.97 -59.68 -59.45 -59.22 -59.16 -59.10 -59.14 -59.18 -59.10 -59.02 -58.55 -58.08 -57.04 -55.99 -54.31 -52.63 -50.34 -48.04 -45.16 -42.28 -38.89 -35.51 -31.80 -28.10 -24.39 -20.68 -17.26 -13.84 -10.89 -7.95 -5.54 -3.14 -1.32 0.50 1.63 2.75 3.11 3.47 3.07 2.68 1.59 0.51 -1.26 -3.03 -5.44 -7.85 -10.76 -13.66 -16.78 -19.91
-39.33 -39.14 -38.96 -39.40 -39.84 -40.88 -41.92 -43.43 -44.93 -46.74 -48.55 -50.48 -52.42 -54.29 -56.16 -57.72 -59.28 -60.29 -61.30 -61.69 -62.08 -61.99 -61.90 -61.61 -61.32 -61.10 -60.87 -60.82 -60.77 -60.83 -60.88 -60.83 -60.78 -60.37 -59.96 -59.01 -58.06 -56.51 -54.97 -52.87 -50.76 -48.13 -45.50 -42.42 -39.34 -35.99 -32.65 -29.31 -25.97 -22.91 -19.85 -17.24 -14.63 -12.50 -10.38 -8.79 -7.20 -6.21 -5.23 -4.92 -4.60 -4.96 -5.31 -6.30 -7.28 -8.89 -10.49 -12.69 -14.89 -17.53 -20.17 -22.99 -25.82
-42.63 -42.45 -42.28 -42.67 -43.06 -43.99 -44.93 -46.29 -47.65 -49.29 -50.93 -52.69 -54.45 -56.16 -57.86 -59.28 -60.71 -61.64 -62.56 -62.92 -63.28 -63.20 -63.12 -62.86 -62.61 -62.41 -62.21 -62.17 -62.12 -62.16 -62.20 -62.15 -62.09 -61.71 -61.32 -60.44 -59.56 -58.15 -56.75 -54.86 -52.97 -50.66 -48.34 -45.68 -43.01 -40.15 -37.30 -34.48 -31.66 -29.10 -26.54 -24.35 -22.16 -20.40 -18.63 -17.29 -15.96 -15.11 -14.25 -13.92 -13.59 -13.81 -14.02 -14.78 -15.53 -16.85 -18.16 -19.99 -21.83 -24.06 -26.29 -28.69 -31.08
-45.92 -45.76 -45.59 -45.94 -46.28 -47.11 -47.93 -49.15 -50.37 -51.84 -53.32 -54.90 -56.48 -58.02 -59.56 -60.85 -62.14 -62.98 -63.82 -64.15 -64.47 -64.40 -64.34 -64.12 -63.90 -63.72 -63.55 -63.51 -63.46 -63.49 -63.52 -63.46 -63.40 -63.04 -62.68 -61.87 -61.06 -59.79 -58.52 -56.86 -55.19 -53.19 -51.19 -48.93 -46.68 -44.32 -41.95 -39.65 -37.36 -35.29 -33.22 -31.46 -29.70 -28.29 -26.87 -25.80 -24.72 -24.00 -23.28 -22.93 -22.58 -22.65 -22.73 -23.26 -23.79 -24.81 -25.82 -27.30 -28.77 -30.59 -32.41 -34.38 -36.34
-48.96 -48.79 -48.62 -48.88 -49.14 -49.81 -50.48 -51.49 -52.50 -53.74 -54.98 -56.33 -57.67 -58.99 -60.30 -61.43 -62.55 -63.29 -64.04 -64.34 -64.64 -64.61 -64.58 -64.42 -64.26 -64.14 -64.03 -64.00 -63.98 -64.00 -64.02 -63.96 -63.89 -63.55 -63.20 -62.46 -61.72 -60.59 -59.46 -58.02 -56.58 -54.93 -53.27 -51.47 -49.68 -47.85 -46.03 -44.30 -42.57 -41.03 -39.49 -38.18 -36.87 -35.81 -34.74 -33.91 -33.08 -32.46 -31.83 -31.43 -31.02 -30.90 -30.78 -31.03 -31.28 -31.95 -32.62 -33.68 -34.74 -36.10 -37.46 -38.95 -40.44
-51.99 -51.82 -51.65 -51.83 -52.00 -52.51 -53.02 -53.83 -54.63 -55.64 -56.65 -57.75 -58.86 -59.95 -61.05 -62.01 -62.96 -63.61 -64.26 -64.54 -64.81 -64.82 -64.82 -64.72 -64.63 -64.56 -64.50 -64.49 -64.49 -64.50 -64.52 -64.45 -64.37 -64.05 -63.73 -63.05 -62.38 -61.38 -60.39 -59.19 -57.98 -56.67 -55.35 -54.01 -52.67 -51.39 -50.10 -48.95 -47.79 -46.78 -45.77 -44.90 -44.04 -43.33 -42.61 -42.02 -41.44 -40.91 -40.39 -39.93 -39.46 -39.15 -38.83 -38.81 -38.78 -39.10 -39.42 -40.06 -40.71 -41.61 -42.51 -43.53 -44.54
