test/esri_led_20/synt_tma_3600m_led_20.esri
nrows             510
ncols             462
xllcorner      398000.00
yllcorner     7846000.00
cellsize          500.00
NODATA_value    -9999
[rows 320 to 351 of 510, columns 73 to 145 of 462]
-22.65 -19.64 -15.34 -11.04 -5.66 -0.28 5.70 11.69 17.63 23.57 28.85 34.14 38.43 42.73 46.03 49.32 51.79 54.25 56.06 57.86 59.09 60.33 60.99 61.64 61.60 61.55 60.58 59.60 57.48 55.36 52.01 48.65 44.04 39.43 33.60 27.76 20.91 14.06 6.70 -0.65 -7.75 -14.85 -20.95 -27.05 -31.73 -36.41 -39.63 -42.85 -44.81 -46.78 -47.75 -48.73 -48.95 -49.17 -48.87 -48.57 -47.97 -47.36 -46.58 -45.80 -44.86 -43.92 -42.75 -41.58 -40.04 -38.50 -36.45 -34.40 -31.80 -29.19 -26.19 -23.18 -20.04
-23.73 -20.70 -16.36 -12.03 -6.61 -1.20 4.82 10.84 16.81 22.77 28.05 33.33 37.60 41.86 45.10 48.34 50.74 53.14 54.89 56.65 57.85 59.06 59.73 60.39 60.39 60.39 59.49 58.59 56.59 54.59 51.39 48.19 43.77 39.35 33.73 28.11 21.49 14.88 7.77 0.66 -6.19 -13.04 -18.90 -24.76 -29.21 -33.66 -36.66 -39.66 -41.42 -43.18 -43.95 -44.72 -44.74 -44.75 -44.25 -43.75 -42.95 -42.14 -41.17 -40.20 -39.09 -37.98 -36.67 -35.36 -33.73 -32.09 -30.01 -27.92 -25.36 -22.80 -19.90 -17.00 -14.04
-24.14 -21.07 -16.75 -12.42 -7.04 -1.67 4.29 10.25 16.13 22.01 27.20 32.38 36.54 40.70 43.84 46.97 49.28 51.58 53.26 54.94 56.11 57.27 57.93 58.59 58.62 58.65 57.83 57.01 55.14 53.27 50.26 47.25 43.07 38.88 33.55 28.22 21.93 15.63 8.87 2.10 -4.40 -10.91 -16.46 -22.01 -26.20 -30.38 -33.16 -35.94 -37.51 -39.08 -39.67 -40.27 -40.12 -39.97 -39.30 -38.64 -37.67 -36.70 -35.56 -34.41 -33.14 -31.86 -30.40 -28.94 -27.20 -25.46 -23.34 -21.23 -18.73 -16.23 -13.48 -10.73 -8.00
-24.54 -21.45 -17.13 -12.81 -7.48 -2.14 3.75 9.65 15.45 21.25 26.34 31.43 35.49 39.54 42.57 45.60 47.82 50.03 51.63 53.23 54.36 55.48 56.13 56.78 56.85 56.91 56.17 55.43 53.70 51.96 49.14 46.31 42.37 38.42 33.38 28.33 22.36 16.38 9.97 3.55 -2.62 -8.79 -14.03 -19.27 -23.19 -27.11 -29.67 -32.22 -33.60 -34.97 -35.39 -35.81 -35.50 -35.18 -34.36 -33.53 -32.39 -31.26 -29.95 -28.63 -27.18 -25.73 -24.12 -22.51 -20.67 -18.82 -16.68 -14.53 -12.09 -9.65 -7.06 -4.46 -1.95
-24.26 -21.16 -16.90 -12.63 -7.40 -2.18 3.56 9.30 14.93 20.55 25.47 30.39 34.29 38.18 41.07 43.96 46.05 48.14 49.65 51.16 52.22 53.28 53.90 54.53 54.61 54.69 54.01 53.34 51.73 50.13 47.50 44.88 41.20 37.52 32.81 28.09 22.51 16.93 10.94 4.95 -0.79 -6.53 -11.39 -16.25 -19.86 -23.46 -25.77 -28.08 -29.26 -30.43 -30.68 -30.93 -30.47 -30.01 -29.05 -28.09 -26.81 -25.53 -24.07 -22.60 -21.00 -19.39 -17.63 -15.88 -13.94 -12.00 -9.85 -7.69 -5.35 -3.00 -0.60 1.81 4.04
-23.98 -20.87 -16.66 -12.45 -7.33 -2.22 3.37 8.95 14.40 19.86 24.60 29.35 33.08 36.82 39.56 42.31 44.28 46.24 47.66 49.08 50.07 51.07 51.67 52.28 52.37 52.46 51.85 51.25 49.77 48.30 45.87 43.44 40.03 36.62 32.24 27.86 22.67 17.48 11.92 6.36 1.04 -4.28 -8.75 -13.23 -16.53 -19.82 -21.88 -23.94 -24.91 -25.89 -25.97 -26.05 -25.45 -24.84 -23.74 -22.64 -21.22 -19.81 -18.19 -16.57 -14.81 -13.04 -11.14 -9.25 -7.21 -5.18 -3.01 -0.85 1.40 3.65 5.86 8.07 10.03
-23.01 -19.92 -15.81 -11.71 -6.77 -1.84 3.52 8.88 14.08 19.29 23.80 28.32 31.85 35.39 37.97 40.55 42.38 44.22 45.53 46.84 47.76 48.68 49.24 49.79 49.87 49.95 49.38 48.81 47.44 46.07 43.83 41.59 38.45 35.31 31.28 27.25 22.50 17.74 12.66 7.58 2.75 -2.09 -6.13 -10.17 -13.09 -16.02 -17.79 -19.56 -20.30 -21.04 -20.93 -20.83 -20.06 -19.30 -18.06 -16.83 -15.28 -13.72 -11.97 -10.21 -8.31 -6.41 -4.40 -2.38 -0.29 1.80 3.94 6.07 8.18 10.29 12.27 14.25 15.90
-22.04 -18.97 -14.97 -10.97 -6.21 -1.46 3.67 8.80 13.76 18.72 23.00 27.29 30.62 33.96 36.37 38.79 40.49 42.19 43.40 44.60 45.45 46.30 46.80 47.30 47.37 47.44 46.91 46.38 45.12 43.85 41.80 39.74 36.87 33.99 30.32 26.65 22.32 18.00 13.40 8.80 4.45 0.10 -3.50 -7.10 -9.66 -12.22 -13.70 -15.17 -15.68 -16.19 -15.89 -15.60 -14.68 -13.76 -12.39 -11.01 -9.33 -7.64 -5.75 -3.85 -1.81 0.22 2.35 4.48 6.63 8.78 10.89 12.99 14.96 16.94 18.68 20.42 21.77
-20.35 -17.34 -13.50 -9.66 -5.15 -0.64 4.19 9.02 13.67 18.33 22.33 26.34 29.46 32.57 34.82 37.07 38.64 40.22 41.32 42.43 43.19 43.94 44.37 44.80 44.82 44.84 44.31 43.78 42.58 41.38 39.48 37.57 34.94 32.31 28.99 25.66 21.78 17.91 13.81 9.72 5.90 2.07 -1.04 -4.15 -6.29 -8.43 -9.57 -10.70 -10.93 -11.15 -10.63 -10.11 -9.01 -7.90 -6.36 -4.83 -3.00 -1.17 0.85 2.87 5.02 7.16 9.36 11.55 13.71 15.87 17.88 19.90 21.69 23.48 24.95 26.42 27.44
-18.65 -15.71 -12.03 -8.35 -4.08 0.18 4.71 9.24 13.59 17.93 21.67 25.40 28.29 31.19 33.27 35.35 36.80 38.25 39.25 40.25 40.92 41.59 41.95 42.31 42.28 42.25 41.71 41.18 40.05 38.92 37.16 35.40 33.01 30.63 27.65 24.68 21.25 17.81 14.23 10.65 7.35 4.05 1.42 -1.20 -2.93 -4.65 -5.44 -6.22 -6.17 -6.12 -5.37 -4.62 -3.33 -2.04 -0.34 1.35 3.32 5.30 7.45 9.60 11.85 14.10 16.36 18.63 20.79 22.95 24.88 26.81 28.42 30.02 31.22 32.42 33.11
-16.25 -13.41 -9.94 -6.47 -2.51 1.45 5.62 9.78 13.77 17.75 21.17 24.59 27.26 29.93 31.86 33.79 35.13 36.48 37.39 38.31 38.88 39.46 39.72 39.98 39.86 39.75 39.17 38.58 37.47 36.35 34.69 33.03 30.85 28.67 26.02 23.37 20.38 17.38 14.33 11.27 8.51 5.76 3.66 1.55 0.29 -0.98 -1.38 -1.78 -1.40 -1.03 -0.02 1.00 2.51 4.02 5.90 7.78 9.91 12.03 14.30 16.57 18.89 21.22 23.50 25.78 27.88 29.99 31.79 33.58 34.96 36.33 37.23 38.13 38.49
-13.84 -11.11 -7.85 -4.59 -0.94 2.71 6.52 10.32 13.94 17.56 20.68 23.79 26.23 28.67 30.45 32.23 33.47 34.71 35.53 36.36 36.84 37.33 37.49 37.65 37.45 37.25 36.62 35.99 34.89 33.79 32.23 30.67 28.69 26.72 24.39 22.06 19.51 16.96 14.42 11.88 9.68 7.48 5.89 4.31 3.50 2.69 2.68 2.67 3.36 4.06 5.34 6.62 8.35 10.08 12.14 14.21 16.49 18.77 21.16 23.55 25.94 28.34 30.63 32.93 34.98 37.04 38.70 40.35 41.50 42.65 43.25 43.85 43.87
-10.88 -8.26 -5.24 -2.22 1.09 4.40 7.80 11.19 14.41 17.62 20.41 23.19 25.41 27.63 29.28 30.93 32.09 33.25 34.01 34.77 35.16 35.56 35.61 35.66 35.34 35.03 34.31 33.59 32.46 31.33 29.83 28.32 26.50 24.69 22.65 20.61 18.48 16.34 14.32 12.30 10.64 8.99 7.93 6.86 6.52 6.18 6.57 6.96 7.99 9.03 10.59 12.14 14.10 16.06 18.32 20.57 23.00 25.44 27.93 30.42 32.85 35.28 37.55 39.82 41.78 43.75 45.24 46.73 47.63 48.54 48.84 49.14 48.86
-7.91 -5.42 -2.63 0.15 3.12 6.08 9.07 12.06 14.87 17.69 20.14 22.60 24.59 26.58 28.10 29.62 30.71 31.80 32.49 33.17 33.48 33.79 33.73 33.66 33.23 32.80 32.00 31.20 30.04 28.88 27.42 25.97 24.32 22.66 20.91 19.16 17.45 15.73 14.23 12.72 11.61 10.50 9.96 9.42 9.55 9.67 10.46 11.25 12.63 14.00 15.83 17.67 19.85 22.04 24.49 26.93 29.52 32.11 34.70 37.29 39.76 42.23 44.47 46.71 48.58 50.46 51.78 53.11 53.77 54.43 54.43 54.44 53.85
-4.65 -2.24 0.32 2.88 5.50 8.12 10.68 13.25 15.65 18.04 20.16 22.28 24.06 25.83 27.25 28.66 29.69 30.73 31.37 32.01 32.24 32.47 32.30 32.13 31.58 31.02 30.11 29.20 27.99 26.77 25.34 23.90 22.37 20.84 19.34 17.84 16.51 15.17 14.14 13.11 12.51 11.91 11.85 11.80 12.36 12.92 14.07 15.23 16.91 18.59 20.67 22.75 25.14 27.52 30.13 32.73 35.44 38.15 40.81 43.47 45.95 48.42 50.62 52.81 54.58 56.35 57.51 58.68 59.13 59.57 59.33 59.10 58.27
-1.39 0.94 3.27 5.61 7.88 10.15 12.29 14.44 16.42 18.40 20.18 21.96 23.52 25.08 26.39 27.69 28.67 29.66 30.25 30.85 31.00 31.16 30.87 30.59 29.92 29.24 28.23 27.21 25.94 24.66 23.25 21.83 20.42 19.01 17.77 16.52 15.57 14.61 14.05 13.49 13.40 13.31 13.75 14.18 15.17 16.16 17.69 19.21 21.19 23.18 25.51 27.84 30.42 33.00 35.77 38.53 41.36 44.19 46.92 49.65 52.14 54.62 56.76 58.90 60.57 62.24 63.24 64.25 64.48 64.72 64.23 63.75 62.69
1.93 4.23 6.39 8.56 10.50 12.45 14.18 15.91 17.47 19.04 20.49 21.94 23.30 24.65 25.86 27.07 28.03 28.98 29.55 30.12 30.22 30.31 29.94 29.56 28.77 27.97 26.85 25.73 24.39 23.06 21.64 20.23 18.91 17.60 16.57 15.53 14.91 14.28 14.14 13.99 14.33 14.68 15.53 16.37 17.72 19.06 20.88 22.69 24.90 27.10 29.60 32.10 34.82 37.53 40.38 43.24 46.13 49.02 51.78 54.53 57.00 59.46 61.55 63.63 65.21 66.78 67.68 68.57 68.66 68.76 68.13 67.50 66.32
5.24 7.53 9.52 11.50 13.12 14.75 16.06 17.38 18.53 19.68 20.80 21.92 23.07 24.22 25.34 26.45 27.38 28.31 28.85 29.39 29.43 29.47 29.00 28.52 27.62 26.71 25.48 24.26 22.85 21.45 20.03 18.62 17.40 16.19 15.37 14.55 14.25 13.95 14.22 14.48 15.26 16.05 17.31 18.57 20.27 21.96 24.06 26.16 28.60 31.03 33.70 36.37 39.21 42.05 45.00 47.95 50.90 53.85 56.63 59.41 61.86 64.30 66.33 68.35 69.84 71.33 72.11 72.88 72.84 72.79 72.02 71.25 69.94
8.44 10.79 12.67 14.54 15.88 17.22 18.15 19.07 19.82 20.56 21.36 22.15 23.10 24.05 25.09 26.12 27.03 27.94 28.48 29.01 29.01 29.01 28.45 27.90 26.89 25.88 24.56 23.24 21.77 20.30 18.89 17.47 16.33 15.19 14.55 13.91 13.89 13.86 14.46 15.06 16.20 17.34 18.91 20.49 22.44 24.39 26.67 28.95 31.50 34.05 36.80 39.54 42.42 45.29 48.25 51.22 54.16 57.11 59.86 62.62 65.03 67.44 69.41 71.39 72.82 74.25 74.97 75.70 75.61 75.53 74.73 73.94 72.63
11.63 14.06 15.82 17.58 18.64 19.70 20.23 20.76 21.10 21.44 21.91 22.37 23.13 23.88 24.84 25.79 26.69 27.58 28.11 28.63 28.59 28.54 27.91 27.28 26.17 25.06 23.64 22.23 20.69 19.16 17.74 16.31 15.26 14.20 13.74 13.27 13.52 13.77 14.71 15.65 17.14 18.63 20.52 22.41 24.61 26.81 29.27 31.73 34.40 37.07 39.89 42.71 45.62 48.54 51.51 54.48 57.42 60.36 63.09 65.83 68.20 70.57 72.49 74.42 75.80 77.17 77.84 78.51 78.39 78.26 77.44 76.63 75.32
14.57 17.15 18.86 20.58 21.40 22.22 22.38 22.55 22.49 22.44 22.59 22.74 23.30 23.86 24.74 25.62 26.50 27.38 27.90 28.41 28.32 28.24 27.53 26.82 25.62 24.42 22.92 21.42 19.83 18.24 16.81 15.39 14.40 13.41 13.09 12.78 13.25 13.72 14.92 16.12 17.88 19.64 21.75 23.87 26.21 28.56 31.10 33.63 36.32 39.01 41.81 44.61 47.49 50.36 53.28 56.20 59.09 61.97 64.66 67.34 69.68 72.01 73.91 75.81 77.18 78.55 79.23 79.92 79.85 79.78 79.05 78.31 77.11
17.52 20.24 21.91 23.58 24.16 24.74 24.54 24.33 23.89 23.44 23.28 23.11 23.47 23.84 24.64 25.44 26.31 27.18 27.68 28.19 28.06 27.93 27.15 26.36 25.07 23.78 22.19 20.61 18.97 17.32 15.89 14.46 13.54 12.62 12.45 12.28 12.97 13.66 15.13 16.60 18.62 20.65 22.98 25.32 27.82 30.31 32.92 35.53 38.24 40.95 43.73 46.52 49.35 52.19 55.05 57.92 60.75 63.58 66.22 68.86 71.16 73.46 75.33 77.20 78.56 79.92 80.63 81.33 81.31 81.30 80.65 80.00 78.90
20.07 22.97 24.64 26.31 26.70 27.09 26.57 26.04 25.24 24.44 23.97 23.50 23.67 23.83 24.54 25.24 26.07 26.89 27.36 27.83 27.63 27.44 26.57 25.70 24.32 22.93 21.27 19.61 17.92 16.24 14.81 13.38 12.53 11.67 11.63 11.58 12.45 13.31 14.97 16.64 18.85 21.05 23.52 25.99 28.55 31.10 33.71 36.31 38.97 41.63 44.34 47.05 49.81 52.56 55.35 58.14 60.91 63.68 66.27 68.87 71.16 73.45 75.34 77.23 78.64 80.05 80.84 81.63 81.73 81.84 81.34 80.84 79.90
22.61 25.71 27.38 29.05 29.25 29.45 28.60 27.75 26.59 25.43 24.66 23.88 23.86 23.83 24.44 25.04 25.83 26.61 27.04 27.47 27.21 26.95 25.99 25.04 23.56 22.09 20.35 18.61 16.88 15.15 13.73 12.31 11.52 10.72 10.80 10.89 11.92 12.96 14.82 16.68 19.07 21.46 24.06 26.67 29.28 31.90 34.49 37.09 39.70 42.31 44.95 47.59 50.26 52.93 55.65 58.36 61.06 63.77 66.33 68.89 71.16 73.44 75.35 77.26 78.72 80.17 81.05 81.93 82.15 82.38 82.04 81.69 80.91
24.61 27.88 29.57 31.26 31.32 31.38 30.28 29.18 27.72 26.26 25.22 24.18 23.94 23.71 24.18 24.64 25.32 26.00 26.33 26.66 26.30 25.94 24.87 23.79 22.22 20.65 18.84 17.03 15.28 13.52 12.13 10.73 10.01 9.28 9.47 9.66 10.82 11.98 13.97 15.96 18.45 20.94 23.60 26.26 28.87 31.48 34.01 36.55 39.07 41.60 44.14 46.69 49.28 51.87 54.52 57.17 59.84 62.51 65.07 67.63 69.94 72.25 74.24 76.22 77.78 79.34 80.36 81.37 81.76 82.15 81.98 81.81 81.20
26.61 30.05 31.76 33.47 33.40 33.32 31.96 30.61 28.85 27.09 25.78 24.47 24.03 23.59 23.91 24.24 24.81 25.39 25.62 25.86 25.39 24.92 23.74 22.55 20.88 19.20 17.33 15.45 13.67 11.89 10.52 9.15 8.49 7.84 8.13 8.43 9.72 11.01 13.12 15.23 17.83 20.43 23.14 25.85 28.45 31.05 33.53 36.01 38.45 40.88 43.34 45.79 48.30 50.81 53.40 55.99 58.62 61.25 63.81 66.37 68.72 71.07 73.12 75.18 76.85 78.51 79.66 80.81 81.37 81.92 81.93 81.93 81.49
27.95 31.50 33.23 34.96 34.79 34.62 33.09 31.56 29.58 27.60 26.07 24.53 23.88 23.23 23.36 23.50 23.90 24.30 24.37 24.45 23.82 23.20 21.87 20.54 18.75 16.97 15.03 13.09 11.30 9.52 8.19 6.87 6.30 5.73 6.11 6.50 7.87 9.24 11.41 13.59 16.21 18.84 21.53 24.23 26.78 29.33 31.72 34.12 36.46 38.81 41.19 43.56 46.02 48.48 51.05 53.62 56.26 58.91 61.51 64.12 66.56 69.00 71.17 73.35 75.16 76.97 78.28 79.59 80.31 81.04 81.21 81.38 81.07
29.28 32.96 34.70 36.45 36.19 35.93 34.22 32.51 30.31 28.12 26.35 24.59 23.73 22.87 22.81 22.76 22.99 23.21 23.12 23.03 22.25 21.47 20.00 18.53 16.63 14.73 12.73 10.72 8.93 7.14 5.87 4.59 4.10 3.61 4.09 4.56 6.02 7.47 9.71 11.94 14.59 17.24 19.93 22.61 25.11 27.60 29.92 32.23 34.48 36.73 39.03 41.33 43.74 46.15 48.70 51.25 53.91 56.56 59.22 61.87 64.40 66.92 69.22 71.52 73.47 75.43 76.90 78.37 79.26 80.16 80.49 80.83 80.66
29.91 33.62 35.35 37.08 36.76 36.44 34.62 32.80 30.46 28.12 26.19 24.26 23.21 22.16 21.90 21.63 21.65 21.67 21.37 21.07 20.10 19.13 17.49 15.85 13.82 11.80 9.73 7.66 5.88 4.10 2.89 1.67 1.27 0.86 1.41 1.96 3.46 4.95 7.20 9.44 12.06 14.67 17.30 19.93 22.35 24.77 27.01 29.24 31.42 33.60 35.86 38.12 40.53 42.94 45.53 48.12 50.84 53.57 56.31 59.05 61.70 64.34 66.78 69.21 71.31 73.41 75.02 76.63 77.66 78.69 79.15 79.61 79.51
30.54 34.28 36.00 37.72 37.33 36.95 35.02 33.09 30.61 28.13 26.03 23.93 22.69 21.45 20.98 20.51 20.31 20.12 19.61 19.11 17.94 16.78 14.98 13.17 11.02 8.86 6.73 4.60 2.83 1.05 -0.10 -1.25 -1.57 -1.89 -1.27 -0.65 0.89 2.44 4.68 6.93 9.52 12.11 14.68 17.24 19.59 21.94 24.10 26.25 28.36 30.47 32.69 34.91 37.32 39.74 42.36 44.99 47.78 50.57 53.40 56.24 59.00 61.76 64.33 66.91 69.15 71.39 73.15 74.90 76.06 77.23 77.80 78.38 78.36
30.39 34.05 35.71 37.37 36.93 36.49 34.51 32.53 29.99 27.44 25.26 23.07 21.70 20.33 19.69 19.05 18.65 18.25 17.53 16.82 15.45 14.09 12.11 10.13 7.84 5.56 3.36 1.16 -0.60 -2.37 -3.46 -4.55 -4.81 -5.06 -4.39 -3.72 -2.18 -0.63 1.58 3.78 6.30 8.83 11.32 13.81 16.09 18.38 20.48 22.58 24.67 26.76 29.00 31.24 33.72 36.20 38.93 41.65 44.55 47.45 50.39 53.33 56.20 59.07 61.75 64.42 66.75 69.08 70.91 72.73 73.95 75.17 75.78 76.39 76.38
30.25 33.82 35.42 37.01 36.52 36.02 34.00 31.97 29.36 26.76 24.49 22.21 20.71 19.21 18.39 17.58 16.98 16.38 15.45 14.53 12.96 11.40 9.24 7.09 4.67 2.25 -0.01 -2.27 -4.03 -5.79 -6.82 -7.86 -8.04 -8.23 -7.51 -6.80 -5.25 -3.70 -1.53 0.64 3.09 5.55 7.96 10.38 12.59 14.81 16.86 18.92 20.98 23.05 25.32 27.58 30.12 32.67 35.49 38.32 41.32 44.32 47.38 50.43 53.41 56.39 59.16 61.94 64.36 66.78 68.67 70.57 71.84 73.12 73.76 74.40 74.39
