test/esri_led_20/synt_tma_6000m_led_20.esri
nrows             510
ncols             462
xllcorner      398000.00
yllcorner     7846000.00
cellsize          500.00
NODATA_value    -9999
[rows 448 to 479 of 510, columns 0 to 70 of 462]
-51.13 -49.67 -48.20 -47.14 -46.08 -45.03 -43.97 -43.61 -43.24 -44.23 -45.22 -46.94 -48.65 -50.43 -52.20 -54.55 -56.90 -60.29 -63.68 -67.39 -71.10 -74.61 -78.12 -82.39 -86.66 -92.20 -97.75 -103.10 -108.46 -112.52 -116.58 -120.80 -125.02 -130.64 -136.26 -141.97 -147.69 -152.23 -156.78 -161.28 -165.78 -170.69 -175.60 -178.18 -180.75 -179.08 -177.41 -174.29 -171.17 -170.26 -169.36 -171.02 -172.68 -176.24 -179.80 -186.09 -192.37 -200.31 -208.24 -212.48 -216.71 -213.44 -210.16 -202.37 -194.57 -187.00 -179.43 -173.05 -166.67 -160.77 -154.88
-34.49 -32.95 -31.41 -30.28 -29.15 -28.03 -26.91 -26.51 -26.12 -27.21 -28.30 -30.47 -32.64 -35.36 -38.08 -41.75 -45.42 -50.22 -55.03 -59.99 -64.96 -69.51 -74.06 -79.25 -84.44 -90.81 -97.19 -103.11 -109.03 -113.28 -117.53 -121.77 -126.01 -131.77 -137.54 -143.58 -149.63 -154.66 -159.70 -164.89 -170.09 -175.80 -181.52 -184.68 -187.85 -186.34 -184.83 -181.66 -178.49 -177.52 -176.55 -177.97 -179.38 -182.33 -185.27 -190.79 -196.30 -203.56 -210.82 -214.36 -217.89 -213.66 -209.42 -200.51 -191.60 -182.97 -174.35 -167.06 -159.78 -153.10 -146.42
-12.03 -10.48 -8.93 -7.78 -6.64 -5.81 -4.98 -5.02 -5.05 -6.55 -8.04 -10.84 -13.64 -17.50 -21.36 -26.49 -31.61 -37.80 -43.98 -50.12 -56.26 -61.83 -67.39 -73.38 -79.37 -86.30 -93.23 -99.59 -105.95 -110.68 -115.41 -120.11 -124.82 -130.98 -137.13 -143.65 -150.17 -155.88 -161.59 -167.51 -173.43 -179.70 -185.97 -189.44 -192.90 -191.46 -190.02 -186.64 -183.26 -181.80 -180.34 -181.14 -181.95 -184.25 -186.56 -191.31 -196.07 -202.45 -208.84 -211.67 -214.50 -209.96 -205.41 -196.35 -187.29 -178.37 -169.45 -161.64 -153.83 -146.42 -139.02
10.43 11.99 13.56 14.71 15.87 16.41 16.95 16.48 16.01 14.12 12.22 8.79 5.36 0.36 -4.64 -11.22 -17.80 -25.37 -32.93 -40.25 -47.57 -54.14 -60.71 -67.51 -74.30 -81.78 -89.27 -96.08 -102.88 -108.09 -113.30 -118.46 -123.62 -130.18 -136.73 -143.73 -150.72 -157.10 -163.47 -170.12 -176.78 -183.60 -190.43 -194.20 -197.96 -196.59 -195.22 -191.62 -188.02 -186.07 -184.13 -184.32 -184.51 -186.18 -187.84 -191.84 -195.84 -201.34 -206.85 -208.98 -211.11 -206.26 -201.40 -192.19 -182.98 -173.76 -164.54 -156.21 -147.87 -139.75 -131.62
37.12 38.77 40.42 41.64 42.86 42.87 42.88 41.67 40.45 38.05 35.64 31.54 27.44 21.11 14.77 6.50 -1.78 -10.84 -19.90 -28.38 -36.87 -44.40 -51.94 -59.46 -66.98 -74.94 -82.89 -90.16 -97.42 -103.29 -109.17 -115.10 -121.04 -128.30 -135.57 -143.27 -150.97 -158.17 -165.37 -172.87 -180.37 -187.82 -195.28 -199.28 -203.28 -201.68 -200.09 -195.86 -191.64 -188.82 -186.01 -185.34 -184.66 -185.57 -186.48 -189.71 -192.94 -197.64 -202.34 -203.94 -205.54 -200.70 -195.86 -186.98 -178.10 -169.08 -160.05 -151.47 -142.90 -133.97 -125.05
63.82 65.54 67.27 68.57 69.86 69.34 68.82 66.85 64.89 61.98 59.07 54.30 49.53 41.86 34.19 24.22 14.24 3.69 -6.87 -16.52 -26.17 -34.67 -43.17 -51.41 -59.66 -68.09 -76.52 -84.23 -91.95 -98.50 -105.04 -111.75 -118.45 -126.43 -134.40 -142.81 -151.21 -159.24 -167.27 -175.61 -183.96 -192.04 -200.12 -204.36 -208.59 -206.78 -204.97 -200.11 -195.25 -191.58 -187.90 -186.36 -184.81 -184.96 -185.11 -187.57 -190.04 -193.93 -197.83 -198.90 -199.97 -195.15 -190.33 -181.77 -173.22 -164.39 -155.56 -146.74 -137.92 -128.20 -118.48
89.46 91.43 93.40 94.93 96.46 95.46 94.47 91.83 89.19 85.96 82.74 77.49 72.25 63.30 54.35 42.64 30.93 18.87 6.81 -3.95 -14.71 -24.03 -33.36 -42.24 -51.13 -60.09 -69.06 -77.35 -85.63 -92.91 -100.18 -107.80 -115.43 -124.42 -133.42 -142.81 -152.20 -161.10 -170.00 -179.25 -188.50 -197.46 -206.41 -210.95 -215.50 -213.05 -210.61 -204.59 -198.57 -193.75 -188.94 -186.42 -183.89 -183.12 -182.35 -184.05 -185.75 -189.17 -192.60 -193.44 -194.27 -189.36 -184.46 -176.05 -167.65 -159.09 -150.54 -141.59 -132.65 -122.02 -111.39
115.10 117.32 119.53 121.29 123.06 121.59 120.12 116.80 113.49 109.95 106.41 100.69 94.97 84.74 74.51 61.07 47.63 34.05 20.48 8.62 -3.25 -13.40 -23.55 -33.07 -42.60 -52.10 -61.60 -70.46 -79.32 -87.31 -95.31 -103.86 -112.40 -122.42 -132.45 -142.81 -153.18 -162.96 -172.74 -182.89 -193.05 -202.87 -212.70 -217.55 -222.40 -219.33 -216.25 -209.06 -201.88 -195.93 -189.99 -186.48 -182.97 -181.28 -179.59 -180.53 -181.47 -184.42 -187.37 -187.97 -188.57 -183.58 -178.59 -170.33 -162.08 -153.80 -145.52 -136.45 -127.38 -115.84 -104.30
133.25 135.71 138.17 140.25 142.34 140.90 139.46 136.12 132.78 129.40 126.01 120.20 114.38 103.42 92.45 77.88 63.31 48.70 34.10 21.46 8.83 -1.88 -12.58 -22.52 -32.46 -42.37 -52.27 -61.68 -71.08 -79.88 -88.67 -98.27 -107.87 -119.07 -130.28 -141.72 -153.17 -163.81 -174.46 -185.37 -196.29 -206.74 -217.20 -222.13 -227.06 -223.20 -219.35 -210.86 -202.38 -195.15 -187.92 -183.28 -178.64 -175.94 -173.24 -173.38 -173.52 -175.98 -178.44 -178.78 -179.11 -173.98 -168.84 -160.61 -152.38 -144.21 -136.05 -126.80 -117.55 -105.28 -93.01
151.41 154.11 156.80 159.21 161.63 160.21 158.79 155.44 152.08 148.84 145.60 139.70 133.80 122.09 110.38 94.69 78.99 63.35 47.71 34.31 20.90 9.65 -1.61 -11.97 -22.33 -32.64 -42.95 -52.90 -62.85 -72.44 -82.03 -92.69 -103.34 -115.73 -128.11 -140.64 -153.16 -164.67 -176.18 -187.86 -199.53 -210.62 -221.70 -226.71 -231.72 -227.08 -222.44 -212.66 -202.89 -194.37 -185.84 -180.07 -174.30 -170.59 -166.89 -166.23 -165.57 -167.54 -169.51 -169.58 -169.65 -164.37 -159.09 -150.89 -142.69 -134.63 -126.57 -117.15 -107.73 -94.72 -81.71
159.27 162.04 164.81 167.56 170.31 169.71 169.12 166.79 164.46 162.02 159.58 154.08 148.57 136.90 125.22 109.32 93.42 77.49 61.55 47.87 34.18 22.70 11.22 0.77 -9.69 -20.03 -30.38 -40.68 -50.98 -61.53 -72.07 -84.05 -96.02 -109.69 -123.36 -136.96 -150.56 -162.94 -175.32 -187.52 -199.73 -210.84 -221.95 -226.55 -231.16 -225.79 -220.42 -209.48 -198.54 -188.51 -178.48 -171.30 -164.12 -159.39 -154.66 -153.12 -151.58 -152.63 -153.69 -153.15 -152.62 -147.32 -142.02 -133.98 -125.95 -117.78 -109.61 -99.87 -90.13 -76.78 -63.42
167.13 169.97 172.81 175.90 178.99 179.22 179.44 178.14 176.83 175.20 173.57 168.45 163.34 151.70 140.06 123.95 107.84 91.62 75.39 61.43 47.46 35.75 24.05 13.50 2.96 -7.42 -17.80 -28.46 -39.12 -50.62 -62.11 -75.41 -88.71 -103.66 -118.61 -133.28 -147.96 -161.21 -174.47 -187.19 -199.92 -211.06 -222.20 -226.40 -230.60 -224.50 -218.40 -206.29 -194.19 -182.65 -171.12 -162.53 -153.95 -148.18 -142.42 -140.00 -137.58 -137.72 -137.86 -136.72 -135.58 -130.26 -124.94 -117.08 -109.21 -100.94 -92.66 -82.60 -72.54 -58.83 -45.13
168.00 170.99 173.98 177.63 181.28 182.89 184.49 185.01 185.53 185.46 185.39 181.22 177.05 165.78 154.51 138.45 122.39 106.17 89.94 75.96 61.98 50.25 38.51 28.12 17.73 7.65 -2.43 -13.27 -24.11 -36.72 -49.33 -64.32 -79.31 -95.85 -112.39 -128.30 -144.21 -158.35 -172.48 -185.68 -198.88 -209.97 -221.06 -224.74 -228.41 -221.34 -214.27 -200.65 -187.02 -173.56 -160.11 -149.84 -139.58 -132.72 -125.86 -122.50 -119.13 -118.14 -117.15 -115.21 -113.27 -107.92 -102.57 -94.88 -87.19 -78.67 -70.15 -59.69 -49.23 -35.34 -21.45
168.86 172.00 175.14 179.36 183.57 186.56 189.54 191.88 194.22 195.72 197.21 193.99 190.77 179.86 168.95 152.95 136.94 120.71 104.49 90.50 76.50 64.74 52.98 42.74 32.51 22.72 12.93 1.92 -9.09 -22.82 -36.55 -53.23 -69.91 -88.04 -106.18 -123.32 -140.46 -155.48 -170.50 -184.17 -197.84 -208.89 -219.93 -223.08 -226.22 -218.18 -210.15 -195.00 -179.85 -164.47 -149.10 -137.15 -125.21 -117.26 -109.31 -104.99 -100.68 -98.56 -96.45 -93.70 -90.96 -85.58 -80.20 -72.68 -65.17 -56.40 -47.64 -36.78 -25.93 -11.85 2.23
167.63 171.20 174.77 179.89 185.01 189.54 194.07 198.48 202.89 206.46 210.04 208.13 206.23 195.50 184.78 168.40 152.02 135.54 119.07 105.00 90.94 79.18 67.42 57.44 47.46 38.12 28.79 17.73 6.68 -8.16 -23.00 -41.51 -60.01 -79.96 -99.92 -118.42 -136.93 -152.78 -168.63 -182.84 -197.05 -208.42 -219.79 -222.66 -225.52 -216.19 -206.86 -189.67 -172.48 -154.93 -137.39 -123.71 -110.03 -100.96 -91.89 -86.66 -81.43 -78.30 -75.17 -71.67 -68.16 -62.56 -56.96 -49.38 -41.80 -32.73 -23.66 -12.43 -1.20 13.10 27.41
166.39 170.39 174.40 180.42 186.45 192.52 198.60 205.08 211.55 217.21 222.87 222.28 221.69 211.14 200.60 183.85 167.10 150.37 133.64 119.51 105.38 93.62 81.86 72.13 62.41 53.52 44.64 33.54 22.45 6.50 -9.45 -29.78 -50.11 -71.89 -93.66 -113.53 -133.40 -150.08 -166.76 -181.50 -196.25 -207.95 -219.66 -222.24 -224.83 -214.20 -203.57 -184.34 -165.11 -145.39 -125.68 -110.27 -94.86 -84.67 -74.47 -68.32 -62.17 -58.04 -53.90 -49.63 -45.36 -39.54 -33.72 -26.08 -18.44 -9.06 0.32 11.93 23.53 38.06 52.58
164.82 169.37 173.93 181.00 188.07 195.69 203.30 211.72 220.14 227.74 235.33 235.92 236.52 226.01 215.49 198.11 180.74 163.44 146.14 131.72 117.31 105.55 93.80 84.40 75.00 66.61 58.22 47.22 36.22 19.56 2.91 -18.70 -40.32 -63.44 -86.57 -107.49 -128.40 -145.72 -163.04 -178.18 -193.32 -205.27 -217.22 -219.56 -221.90 -210.25 -198.60 -177.79 -156.99 -135.64 -114.29 -97.51 -80.73 -69.54 -58.34 -51.32 -44.31 -39.29 -34.28 -29.29 -24.30 -18.05 -11.81 -3.86 4.08 13.83 23.58 35.46 47.33 61.92 76.51
163.25 168.35 173.45 181.58 189.70 198.86 208.01 218.37 228.73 238.26 247.79 249.57 251.35 240.87 230.38 212.38 194.38 176.50 158.63 143.94 129.24 117.49 105.73 96.67 87.60 79.70 71.79 60.89 49.98 32.62 15.26 -7.63 -30.52 -55.00 -79.48 -101.44 -123.40 -141.36 -159.31 -174.85 -190.39 -202.58 -214.77 -216.88 -218.98 -206.30 -193.62 -171.25 -148.88 -125.88 -102.89 -84.75 -66.61 -54.41 -42.21 -34.32 -26.44 -20.55 -14.65 -8.94 -3.23 3.44 10.10 18.35 26.60 36.72 46.83 58.98 71.14 85.79 100.45
161.08 166.68 172.29 181.48 190.66 201.42 212.19 224.41 236.62 247.71 258.79 261.38 263.98 253.46 242.95 224.23 205.50 186.69 167.88 152.60 137.31 125.61 113.91 105.38 96.84 89.52 82.21 71.61 61.01 43.55 26.09 2.81 -20.47 -45.41 -70.36 -92.77 -115.19 -133.55 -151.91 -167.56 -183.21 -195.07 -206.94 -208.59 -210.24 -197.26 -184.28 -161.54 -138.80 -115.16 -91.52 -72.58 -53.63 -40.64 -27.64 -18.92 -10.21 -3.44 3.34 9.83 16.31 23.54 30.77 39.51 48.25 58.84 69.42 81.76 94.10 108.43 122.76
158.90 165.02 171.13 181.37 191.61 203.99 216.37 230.44 244.52 257.15 269.79 273.20 276.61 266.06 255.52 236.07 216.63 196.88 177.12 161.25 145.38 133.74 122.09 114.08 106.07 99.35 92.63 82.33 72.04 54.48 36.93 13.25 -10.42 -35.83 -61.23 -84.10 -106.97 -125.74 -144.50 -160.26 -176.03 -187.57 -199.11 -200.30 -201.49 -188.21 -174.94 -151.84 -128.73 -104.44 -80.14 -60.40 -40.66 -26.87 -13.07 -3.52 6.02 13.68 21.34 28.60 35.86 43.65 51.44 60.67 69.90 80.95 92.01 104.54 117.06 131.07 145.07
155.97 162.73 169.49 180.99 192.49 206.70 220.92 237.18 253.44 268.02 282.61 286.94 291.27 280.23 269.18 248.21 227.23 205.81 184.39 167.55 150.71 139.12 127.54 120.36 113.18 107.48 101.77 92.17 82.56 65.18 47.80 23.99 0.18 -25.40 -50.98 -74.06 -97.14 -116.20 -135.25 -151.07 -166.89 -178.07 -189.25 -190.07 -190.90 -177.63 -164.37 -141.30 -118.23 -93.62 -69.01 -48.73 -28.45 -14.07 0.31 10.57 20.84 29.43 38.01 46.14 54.26 62.68 71.10 80.95 90.80 102.56 114.32 127.10 139.88 153.23 166.58
153.04 160.44 167.85 180.60 193.36 209.42 225.47 243.92 262.37 278.90 295.42 300.68 305.93 294.39 282.85 260.34 237.84 214.75 191.66 173.85 156.03 144.51 132.99 126.64 120.29 115.60 110.91 102.00 93.09 75.89 58.68 34.73 10.78 -14.97 -40.73 -64.02 -87.32 -106.66 -126.00 -141.87 -157.75 -168.57 -179.39 -179.85 -180.31 -167.05 -153.79 -130.76 -107.73 -82.81 -57.88 -37.06 -16.24 -1.28 13.68 24.67 35.66 45.17 54.68 63.67 72.67 81.71 90.75 101.23 111.71 124.17 136.64 149.67 162.69 175.39 188.08
148.15 156.44 164.73 179.05 193.37 211.52 229.68 250.82 271.97 291.31 310.66 317.30 323.94 311.31 298.68 273.60 248.53 223.08 197.63 178.56 159.49 148.00 136.51 131.24 125.97 122.81 119.66 111.86 104.06 87.02 69.99 45.65 21.31 -4.85 -31.02 -54.63 -78.24 -97.87 -117.50 -133.63 -149.76 -160.76 -171.76 -172.29 -172.83 -159.47 -146.12 -122.77 -99.43 -73.97 -48.52 -27.19 -5.85 9.47 24.79 36.31 47.82 58.21 68.61 78.47 88.34 97.96 107.57 118.70 129.82 143.16 156.51 169.89 183.27 195.19 207.12
143.26 152.44 161.61 177.50 193.39 213.63 233.88 257.73 281.57 303.73 325.89 333.92 341.95 328.23 314.50 286.86 259.22 231.41 203.61 183.28 162.95 151.49 140.03 135.83 131.64 130.02 128.40 121.71 115.02 98.16 81.30 56.57 31.84 5.26 -21.31 -45.23 -69.15 -89.07 -108.99 -125.38 -141.76 -152.94 -164.13 -164.73 -165.34 -151.90 -138.45 -114.78 -91.12 -65.14 -39.16 -17.31 4.54 20.22 35.91 47.94 59.98 71.25 82.53 93.27 104.01 114.20 124.40 136.17 147.93 162.15 176.37 190.11 203.84 215.00 226.16
132.95 142.92 152.90 170.41 187.92 210.46 233.00 259.70 286.40 311.36 336.33 345.77 355.21 340.62 326.02 296.10 266.18 236.18 206.17 184.63 163.09 151.68 140.27 137.19 134.12 134.09 134.06 128.63 123.21 106.83 90.45 65.67 40.89 14.14 -12.60 -36.72 -60.83 -81.01 -101.19 -117.94 -134.68 -146.30 -157.91 -158.90 -159.88 -146.63 -133.37 -109.73 -86.10 -60.03 -33.96 -11.97 10.02 25.86 41.71 54.11 66.50 78.42 90.33 101.72 113.12 123.79 134.47 146.72 158.98 173.76 188.54 202.40 216.26 226.75 237.24
122.63 133.41 144.20 163.32 182.45 207.28 232.11 261.67 291.22 319.00 346.77 357.62 368.46 353.00 337.55 305.35 273.15 240.94 208.73 185.98 163.22 151.87 140.52 138.55 136.59 138.15 139.71 135.55 131.40 115.49 99.59 74.77 49.94 23.03 -3.89 -28.20 -52.51 -72.95 -93.39 -110.50 -127.60 -139.65 -151.70 -153.06 -154.43 -141.36 -128.29 -104.68 -81.08 -54.92 -28.77 -6.64 15.49 31.51 47.52 60.27 73.03 85.58 98.13 110.18 122.23 133.38 144.53 157.28 170.03 185.37 200.70 214.69 228.68 238.50 248.32
103.53 114.79 126.06 146.72 167.38 194.88 222.39 255.00 287.62 317.75 347.88 359.85 371.83 356.31 340.79 307.38 273.98 240.03 206.09 182.21 158.33 147.15 135.97 135.19 134.40 137.39 140.39 137.51 134.62 119.80 104.98 80.99 57.01 30.64 4.27 -19.87 -44.02 -64.66 -85.31 -102.77 -120.23 -132.59 -144.96 -146.79 -148.62 -136.43 -124.24 -101.77 -79.30 -54.16 -29.03 -7.47 14.10 30.11 46.13 59.19 72.25 85.09 97.93 110.28 122.64 134.19 145.74 158.76 171.79 187.05 202.30 215.95 229.59 238.91 248.23
84.43 96.17 107.92 130.11 152.31 182.49 212.66 248.34 284.01 316.50 348.98 362.09 375.21 359.62 344.03 309.42 274.81 239.12 203.44 178.44 153.43 142.43 131.43 131.82 132.21 136.64 141.06 139.46 137.85 124.11 110.37 87.22 64.07 38.25 12.42 -11.55 -35.52 -56.37 -77.23 -95.04 -112.85 -125.53 -138.21 -140.51 -142.82 -131.51 -120.20 -98.86 -77.52 -53.40 -29.29 -8.30 12.70 28.72 44.75 58.11 71.47 84.60 97.73 110.38 123.04 134.99 146.94 160.24 173.55 188.73 203.91 217.20 230.50 239.32 248.15
56.06 68.27 80.48 104.51 128.53 162.25 195.96 235.93 275.90 311.86 347.82 362.72 377.61 361.96 346.31 309.98 273.65 235.53 197.40 170.85 144.30 133.61 122.93 124.97 127.02 133.34 139.66 139.61 139.56 127.04 114.53 92.36 70.20 45.11 20.01 -3.67 -27.36 -48.50 -69.63 -88.00 -106.36 -119.56 -132.76 -135.74 -138.73 -128.59 -118.46 -98.67 -78.89 -56.29 -33.69 -13.64 6.40 22.29 38.17 51.76 65.34 78.59 91.84 104.61 117.37 129.59 141.81 155.28 168.75 183.68 198.61 211.42 224.24 232.56 240.88
27.69 40.37 53.05 78.90 104.74 142.00 179.27 223.53 267.79 307.23 346.66 363.34 380.02 364.31 348.59 310.54 272.49 231.93 191.37 163.27 135.17 124.80 114.42 118.13 121.83 130.04 138.25 139.76 141.27 129.98 118.69 97.51 76.33 51.97 27.60 4.20 -19.20 -40.62 -62.04 -80.95 -99.86 -113.58 -127.30 -130.97 -134.64 -125.68 -116.71 -98.49 -80.26 -59.18 -38.10 -18.99 0.11 15.86 31.60 45.41 59.22 72.59 85.96 98.83 111.70 124.20 136.69 150.32 163.95 178.63 193.31 205.65 217.99 225.80 233.61
-8.37 5.10 18.58 46.90 75.21 117.14 159.06 209.42 259.78 304.94 350.10 369.94 389.79 373.51 357.24 315.98 274.71 230.43 186.14 155.79 125.44 115.26 105.08 110.74 116.40 126.97 137.55 140.82 144.09 133.60 123.12 102.28 81.45 57.41 33.38 10.11 -13.17 -34.97 -56.77 -76.45 -96.13 -110.75 -125.37 -129.92 -134.48 -126.40 -118.32 -101.15 -83.98 -64.06 -44.14 -25.90 -7.66 7.79 23.23 37.06 50.89 64.29 77.69 90.56 103.44 115.99 128.55 142.26 155.97 170.64 185.30 197.37 209.43 216.62 223.81
-44.44 -30.16 -15.88 14.90 45.68 92.27 138.85 195.31 251.77 302.65 353.53 376.54 399.56 382.72 365.89 321.41 276.93 228.92 180.91 148.31 115.70 105.72 95.73 103.35 110.96 123.91 136.85 141.88 146.90 137.22 127.54 107.05 86.56 62.86 39.16 16.01 -7.14 -29.32 -51.49 -71.95 -92.40 -107.92 -123.44 -128.87 -134.31 -127.12 -119.93 -103.81 -87.69 -68.94 -50.19 -32.81 -15.43 -0.29 14.85 28.71 42.56 55.99 69.41 82.29 95.17 107.79 120.41 134.21 148.00 162.65 177.29 189.09 200.88 207.45 214.02
