test/esri_led_0/equivalent_source_led_0.esri
nrows             255
ncols             231
xllcorner      398000.00
yllcorner     7846000.00
cellsize         1000.00
NODATA_value    -9999
[rows 216 to 251 of 255, columns 81 to 161 of 231]
3.32 3.89 3.77 3.65 3.09 2.54 1.57 0.59 1.10 1.61 1.86 2.12 1.55 0.98 1.14 1.29 0.92 0.55 -0.19 -0.93 -0.44 0.05 -0.56 -1.17 -1.09 -1.01 -0.63 -0.26 0.26 0.78 0.68 0.57 0.56 0.55 0.29 0.02 0.90 1.79 2.00 2.22 2.81 3.41 2.57 1.74 0.96 0.18 -1.27 -2.72 -1.47 -0.22 0.63 1.47 2.06 2.65 2.89 3.12 3.45 3.78 2.86 1.93 1.51 1.09 1.31 1.54 3.11 4.69 1.88 -0.92 -0.83 -0.75 -0.84 -0.94 0.86 2.67 2.03 1.39 1.11 0.84 0.18 -0.49 -0.90
4.14 4.03 3.91 3.79 3.24 2.26 1.29 0.32 0.83 1.33 1.84 2.10 1.53 0.96 0.39 0.54 0.17 -0.57 -1.31 -2.04 -1.56 -1.07 -0.58 -1.19 -1.11 -0.73 -0.36 0.02 0.54 0.43 0.32 0.22 0.21 0.20 0.19 -0.07 0.81 1.69 2.58 2.79 3.39 2.55 1.72 0.88 0.10 -1.35 -2.80 -4.25 -2.99 -1.74 -0.49 0.35 0.95 1.54 2.13 2.36 2.70 1.77 0.84 -0.09 -0.51 -0.93 -1.35 -1.12 0.45 2.03 3.60 0.80 0.89 0.98 1.06 0.97 2.77 2.13 1.49 0.85 0.57 0.30 0.02 -0.64 -1.05
4.29 4.17 4.05 3.93 2.96 1.99 1.02 0.05 0.56 1.06 1.57 2.07 1.50 0.93 0.36 -0.21 -0.94 -1.68 -2.42 -3.16 -2.67 -2.18 -1.69 -1.21 -0.83 -0.45 -0.08 0.30 0.19 0.08 -0.03 -0.13 -0.14 -0.15 -0.16 -0.16 0.72 1.60 2.49 3.37 2.53 1.70 0.86 0.03 -1.42 -2.87 -4.32 -5.77 -4.52 -3.27 -2.01 -0.76 -0.17 0.42 1.01 1.61 0.68 -0.25 -1.18 -2.11 -2.53 -2.95 -3.36 -3.78 -2.21 -0.63 0.94 2.52 2.61 2.70 2.79 2.87 2.23 1.59 0.95 0.31 0.04 -0.24 -0.51 -0.79 -0.83
3.53 3.41 3.30 3.18 2.21 1.24 0.27 0.11 0.61 1.12 1.63 1.99 1.42 0.85 0.28 -0.31 -0.27 -1.01 -1.75 -2.48 -2.00 -1.51 -1.02 -0.14 -1.14 -0.77 -0.39 -0.02 -0.12 -0.23 -0.34 -0.48 -0.49 -0.50 -0.51 0.44 1.32 2.20 3.09 2.16 1.64 0.80 -0.03 -0.87 -2.32 -3.77 -5.22 -4.29 -5.91 -4.66 -3.41 -2.16 -1.56 -0.97 -0.38 0.89 -0.04 -0.97 -1.90 -2.06 -2.76 -3.17 -3.59 -4.01 -1.50 0.07 1.65 3.22 3.31 3.40 3.49 2.77 0.73 0.09 -0.55 -1.19 0.46 0.18 -0.09 -0.37 0.31
2.74 2.66 2.54 2.43 1.46 0.48 0.32 0.17 0.67 1.18 1.54 1.91 1.34 0.76 0.17 -0.42 -0.37 -0.33 -1.07 -1.81 -1.32 -0.83 0.04 0.92 -0.08 -1.08 -0.71 -0.33 -0.44 -0.55 -0.69 -0.83 -0.84 -0.85 0.09 1.04 1.92 2.81 1.88 0.95 0.43 -0.09 -0.93 -1.76 -3.21 -4.66 -3.74 -2.81 -4.43 -6.06 -4.80 -3.55 -2.96 -2.37 -1.10 0.17 -0.76 -1.69 -1.85 -2.01 -2.70 -3.40 -3.82 -4.24 -1.73 0.78 2.35 3.93 4.02 4.11 3.38 2.66 0.62 -1.42 -2.06 -2.70 -1.05 0.60 0.33 0.06 0.73
1.94 1.87 1.79 1.67 0.70 0.54 0.38 0.22 0.73 1.09 1.46 1.82 1.25 0.66 0.07 -0.52 -0.48 -0.44 -0.40 -1.13 -0.65 0.23 1.11 1.98 0.98 -0.02 -1.02 -0.65 -0.75 -0.90 -1.04 -1.18 -1.19 -0.25 0.70 1.64 2.52 1.60 0.67 -0.26 -0.78 -1.30 -1.82 -2.66 -4.11 -3.18 -2.26 -1.33 -2.95 -4.58 -6.20 -4.95 -4.36 -3.09 -1.82 -0.55 -1.48 -1.64 -1.80 -1.96 -2.65 -3.35 -4.05 -4.46 -1.96 0.55 3.06 4.63 4.72 4.00 3.27 2.55 0.51 -1.53 -3.56 -4.21 -2.55 -0.90 0.75 0.48 1.15
1.15 1.07 1.00 0.92 0.76 0.60 0.44 0.28 0.65 1.01 1.37 1.74 1.15 0.56 -0.04 -0.63 -0.58 -0.54 -0.50 -0.46 0.42 1.29 2.17 3.04 2.04 1.04 0.04 -0.96 -1.10 -1.25 -1.39 -1.53 -0.59 0.35 1.30 2.24 1.32 0.39 -0.54 -1.47 -1.99 -2.51 -3.03 -3.55 -2.63 -1.70 -0.78 0.15 -1.48 -3.10 -4.72 -6.34 -5.07 -3.81 -2.54 -1.27 -1.43 -1.59 -1.75 -1.90 -2.60 -3.30 -3.99 -4.69 -2.18 0.32 2.83 5.34 4.61 3.89 3.16 2.44 0.40 -1.64 -3.67 -5.71 -4.06 -2.41 -0.75 0.90 1.58
1.12 1.05 0.97 0.89 0.74 0.58 0.42 0.15 0.47 0.83 1.20 1.56 1.52 0.93 0.34 -0.25 -0.21 -0.17 -0.13 -0.24 -0.41 0.46 1.34 2.22 1.21 0.21 -0.79 -1.57 -0.28 -0.43 -0.57 -0.71 -1.34 -0.39 0.55 1.49 0.57 -0.36 -1.29 -3.14 1.11 0.58 0.06 -0.46 0.47 1.39 2.32 3.97 2.35 0.73 -0.90 -4.86 -3.23 -1.96 -0.69 0.58 -0.06 -0.22 -0.38 -0.53 -1.23 -1.93 -2.62 -5.21 -2.71 -0.20 2.31 1.47 2.29 1.56 0.84 0.11 2.10 0.06 -1.98 -4.02 -4.12 -2.47 -0.81 0.84 -0.38
0.66 1.02 0.95 0.87 0.71 0.55 0.28 0.02 0.34 0.66 1.02 1.38 1.34 1.30 0.71 0.12 0.16 0.20 0.10 -0.01 -0.19 -0.36 0.51 1.39 0.39 -0.61 -1.40 -2.18 -0.89 0.39 0.25 0.11 -0.52 -1.14 -0.20 0.75 -0.18 -1.11 -2.96 -4.81 -0.57 3.68 3.16 2.63 3.56 4.49 6.14 7.80 6.17 4.55 0.58 -3.38 -1.75 -0.11 1.16 2.42 1.79 1.15 0.99 0.84 0.14 -0.56 -3.15 -5.73 -3.23 -0.72 -1.56 -2.40 -1.58 -0.77 -1.49 -2.22 -0.23 1.75 -0.28 -2.32 -2.42 -2.52 -0.87 0.78 -0.44
0.20 0.56 0.92 0.85 0.69 0.42 0.15 -0.12 0.20 0.52 0.84 1.21 1.17 1.13 1.09 0.49 0.54 0.43 0.32 0.21 0.04 -0.14 -0.32 0.56 -0.44 -1.22 -2.00 -2.78 -1.50 -0.21 1.07 0.93 0.30 -0.32 -0.94 0.00 -0.93 -2.78 -4.63 -6.48 -2.24 2.01 6.25 5.73 6.66 8.31 9.97 11.62 10.00 6.03 2.07 -1.90 -0.27 1.37 3.00 4.27 3.63 3.00 2.36 2.21 1.51 -1.08 -3.67 -6.26 -3.75 -4.59 -5.43 -6.27 -5.45 -4.64 -3.82 -4.54 -2.56 -0.57 1.41 -0.63 -0.73 -0.83 -0.93 0.72 -0.50
-0.26 0.10 0.46 0.82 0.55 0.29 0.02 -0.25 0.07 0.39 0.71 1.03 0.99 0.95 0.91 0.87 0.76 0.65 0.55 0.44 0.26 0.08 -0.09 -0.27 -1.05 -1.83 -2.61 -3.39 -2.11 -0.82 0.46 1.75 1.13 0.50 -0.12 -0.75 -2.60 -4.45 -6.30 -8.15 -3.91 0.34 4.58 8.82 10.48 12.13 13.79 15.45 11.48 7.51 3.55 -0.42 1.21 2.85 4.48 6.12 5.48 4.85 4.21 3.57 0.99 -1.60 -4.19 -6.78 -7.62 -8.46 -9.30 -10.13 -9.32 -8.50 -7.69 -6.87 -4.89 -2.90 -0.92 1.07 0.97 0.87 0.76 0.66 -0.56
0.08 0.44 0.80 1.06 0.27 0.00 -0.27 -0.53 -0.21 0.11 0.43 1.33 1.29 1.25 1.21 0.70 0.05 -0.06 -0.17 -0.28 -0.45 -0.63 -0.80 -1.75 -0.64 -1.43 -2.21 -2.99 -1.86 -0.57 0.71 2.00 1.37 0.75 0.12 -1.72 -1.52 -3.38 -5.23 -7.08 -2.84 1.41 5.65 8.30 5.71 7.37 9.02 10.68 9.20 5.23 1.27 -2.70 -0.91 0.72 2.36 3.99 4.09 3.45 2.81 2.18 -0.41 -3.00 -5.59 -4.20 -5.03 -5.87 -6.71 -5.01 -4.20 -3.38 -2.57 -2.44 -5.55 -3.57 -1.58 0.40 0.30 0.20 0.10 0.31 -0.91
0.42 0.78 1.04 1.30 0.51 -0.28 -0.55 -0.82 -0.50 -0.18 0.72 1.63 1.58 1.54 1.04 0.54 -0.12 -0.77 -0.88 -0.99 -1.17 -1.34 -2.28 -3.22 -2.12 -1.02 -1.80 -2.58 -1.46 -0.33 0.96 2.24 1.62 0.99 -0.85 -2.69 -2.50 -2.30 -4.15 -6.01 -1.76 2.48 5.13 7.78 5.19 2.60 4.26 5.91 4.43 2.95 -1.01 -4.98 -3.19 -1.40 0.24 1.87 1.96 2.05 1.42 0.78 -1.81 -4.40 -3.00 -1.61 -2.45 -3.29 -1.59 0.11 0.92 1.74 1.86 1.99 -1.12 -4.23 -2.25 -0.26 -0.36 -0.47 -0.25 -0.04 -1.26
0.76 1.02 1.28 1.54 0.75 -0.04 -0.84 -1.10 -0.78 0.12 1.02 1.92 1.88 1.38 0.88 0.38 -0.28 -0.94 -1.60 -1.70 -1.88 -2.82 -3.76 -4.70 -3.60 -2.50 -1.40 -2.18 -1.05 0.08 1.20 2.49 1.87 0.02 -1.82 -3.66 -3.47 -3.27 -3.08 -4.93 -0.69 1.96 4.61 7.26 4.67 2.08 -0.51 1.15 -0.33 -1.81 -3.29 -7.26 -5.47 -3.68 -1.89 -0.25 -0.16 -0.07 0.02 -0.62 -3.20 -1.81 -0.42 0.97 0.13 1.83 3.53 5.23 6.04 6.17 6.30 6.42 3.31 0.20 -2.91 -0.93 -1.03 -0.82 -0.61 -0.40 -1.61
1.00 1.26 1.53 1.79 0.99 0.20 -0.59 -1.39 -0.49 0.42 1.32 2.22 1.72 1.22 0.71 0.21 -0.45 -1.10 -1.76 -2.42 -3.36 -4.30 -5.24 -6.18 -5.08 -3.98 -2.88 -1.78 -0.65 0.48 1.61 2.74 0.89 -0.95 -2.79 -4.63 -4.44 -4.24 -4.05 -3.86 -1.21 1.44 4.09 6.74 4.15 1.56 -1.03 -3.62 -5.10 -6.58 -8.06 -9.54 -7.75 -5.96 -4.17 -2.38 -2.29 -2.19 -2.10 -2.01 -0.62 0.77 2.16 3.56 5.25 6.95 8.65 10.34 10.47 10.60 10.73 10.86 7.74 4.63 1.52 -1.59 -1.38 -1.17 -0.96 -0.75 0.77
0.83 1.09 1.35 1.19 0.78 -0.02 -0.81 -1.60 -0.41 0.49 1.39 2.29 1.79 1.29 0.79 -0.01 0.56 -0.10 -0.75 -1.41 -2.35 -3.29 -4.23 -3.88 -2.61 -1.51 -0.41 0.69 1.81 2.94 4.07 1.67 1.29 -0.55 -2.39 -4.23 -2.37 -2.17 -1.98 -1.79 0.86 3.51 6.16 5.39 2.80 0.21 -2.38 -4.36 -2.34 -3.83 -5.31 -6.79 -5.00 -3.21 -1.41 -0.83 -0.74 -0.65 -0.56 -1.49 -2.35 -0.96 0.43 1.82 3.52 5.22 6.91 6.93 7.52 7.65 7.78 7.90 5.79 2.68 -0.43 -3.54 -3.33 -3.12 -2.91 -1.45 -0.20
0.66 0.92 0.75 0.59 0.18 -0.23 -1.02 -1.82 -0.63 0.56 1.46 2.36 1.86 1.36 0.56 -0.24 0.33 0.91 0.25 -0.41 -1.35 -2.29 -1.94 -1.59 -0.32 0.95 2.05 3.15 4.28 5.41 3.00 0.60 0.22 -0.16 -2.00 -3.84 -1.97 -0.10 0.09 0.28 2.93 5.58 4.81 4.04 1.45 -1.13 -3.12 -5.11 -3.09 -1.07 -2.55 -4.03 -2.24 -0.45 0.13 0.71 0.80 0.89 -0.04 -0.97 -1.83 -2.70 -1.31 0.09 1.78 3.48 3.50 3.52 4.11 4.70 4.82 4.95 2.84 0.73 -2.38 -5.49 -5.28 -5.07 -3.62 -2.16 -0.90
0.49 0.32 0.16 -0.01 -0.42 -0.83 -1.24 -2.03 -0.84 0.35 1.54 2.44 1.94 1.13 0.33 -0.47 0.11 0.68 1.26 0.60 -0.34 0.01 0.36 0.70 1.97 3.24 4.51 5.61 6.74 4.34 1.93 -0.48 -0.85 -1.23 -1.60 -3.44 -1.57 0.29 2.16 2.35 5.00 4.23 3.46 2.70 0.11 -1.88 -3.87 -5.86 -3.84 -1.82 0.20 -1.28 0.51 1.09 1.67 2.25 2.35 1.42 0.48 -0.45 -1.31 -2.18 -3.04 -1.65 0.05 0.07 0.09 0.11 0.70 1.29 1.87 2.00 -0.11 -2.22 -4.33 -7.45 -7.23 -5.78 -4.32 -2.87 -1.61
-0.11 -0.28 -0.44 -0.61 -1.02 -1.43 -1.84 -2.25 -1.06 0.13 1.32 2.51 1.71 0.91 0.11 -0.70 -0.12 0.46 1.03 1.61 1.95 2.30 2.65 3.00 4.27 5.54 6.81 8.08 5.67 3.27 0.86 -1.55 -1.92 -2.30 -2.67 -3.05 -1.18 0.69 2.55 4.42 3.65 2.88 2.12 1.35 -0.64 -2.63 -4.61 -6.60 -4.58 -2.56 -0.54 1.47 2.06 2.64 3.22 3.80 2.87 1.94 1.01 0.08 -0.79 -1.65 -2.52 -3.39 -3.36 -3.34 -3.32 -3.30 -2.71 -2.12 -1.54 -0.95 -3.06 -5.17 -7.29 -9.40 -7.94 -6.48 -5.03 -3.57 -2.31
0.07 -0.09 -0.26 -0.43 -0.93 -1.34 -1.74 -2.15 -0.96 0.22 1.41 2.13 1.87 1.06 0.26 -0.54 0.04 0.61 1.19 1.11 1.28 1.63 1.98 2.33 3.60 4.86 6.13 6.55 4.52 2.11 -0.29 -2.70 -1.16 -1.53 -1.91 -2.28 -1.22 0.65 2.51 4.38 3.61 2.84 2.08 1.19 0.93 -1.06 -3.04 -5.03 -3.01 -0.99 1.03 2.19 1.60 2.18 2.76 3.34 2.12 1.19 0.26 -0.68 -1.54 -2.41 -3.27 -2.94 -2.72 -2.70 -2.68 -2.65 -3.40 -2.81 -2.23 -1.64 -3.75 -5.86 -7.97 -6.01 -4.56 -3.10 -1.65 -1.27 -3.28
0.22 0.09 -0.08 -0.24 -0.74 -1.24 -1.65 -2.06 -0.87 0.32 1.03 1.75 1.48 1.22 0.42 -0.38 0.19 0.77 0.70 0.62 0.79 0.96 1.31 1.65 2.92 4.19 4.61 5.02 2.99 0.96 -1.45 -3.85 -2.31 -0.76 -1.14 -1.51 -0.45 0.61 2.47 4.34 3.57 2.80 1.92 1.04 0.77 0.51 -1.47 -3.46 -1.44 0.58 1.74 2.91 2.31 1.72 2.30 2.88 1.66 0.44 -0.50 -1.43 -2.29 -3.16 -2.83 -2.50 -2.28 -2.06 -2.04 -2.01 -2.76 -3.50 -2.91 -2.33 -4.44 -6.55 -4.59 -2.63 -1.18 0.28 0.66 1.04 -0.98
0.36 0.23 0.11 -0.06 -0.56 -1.06 -1.56 -1.97 -0.78 -0.06 0.65 1.36 1.10 0.84 0.58 -0.22 0.35 0.28 0.20 0.13 0.30 0.46 0.63 0.98 2.25 2.67 3.08 3.50 1.46 -0.57 -2.60 -5.01 -3.46 -1.92 -0.37 -0.75 0.31 1.37 2.43 4.30 3.53 2.65 1.77 0.88 0.62 0.36 0.10 -1.89 0.13 1.29 2.46 3.63 3.03 2.44 1.84 2.42 1.20 -0.02 -1.25 -2.18 -3.04 -2.71 -2.38 -2.05 -1.83 -1.61 -1.39 -1.37 -2.11 -2.86 -3.60 -3.02 -5.13 -3.17 -1.21 0.75 2.20 2.58 2.96 3.34 1.33
0.50 0.38 0.25 0.12 -0.38 -0.88 -1.37 -1.87 -1.16 -0.45 0.27 0.98 0.72 0.46 0.19 -0.07 -0.14 -0.22 -0.29 -0.36 -0.20 -0.03 0.14 0.31 0.72 1.14 1.55 1.97 -0.06 -2.10 -4.13 -6.16 -4.62 -3.07 -1.53 0.02 1.08 2.14 3.20 4.26 3.38 2.49 1.61 0.73 0.46 0.20 -0.06 -0.32 0.84 2.01 3.18 4.34 3.75 3.15 2.56 1.96 0.74 -0.48 -1.70 -2.93 -2.60 -2.27 -1.94 -1.61 -1.39 -1.17 -0.95 -0.73 -1.47 -2.22 -2.96 -3.70 -1.74 0.21 2.17 4.13 4.51 4.89 5.27 5.64 3.63
0.47 0.34 0.22 0.44 -0.06 -0.56 -1.06 -0.59 0.13 0.84 1.55 0.81 0.55 0.28 0.02 -1.36 0.22 0.14 0.07 -0.01 -0.25 -0.08 0.09 0.26 0.67 1.09 1.50 0.75 1.39 -0.64 -2.68 -4.71 -3.16 -1.62 -0.07 0.91 1.97 3.03 4.09 2.96 2.90 2.02 1.14 0.25 1.30 1.04 0.78 0.52 -0.37 0.79 1.96 3.13 2.53 1.94 1.34 0.17 -1.05 -2.27 -3.49 -2.49 -0.37 -0.04 0.29 0.62 1.12 1.34 1.56 1.78 1.03 0.29 -0.45 -3.06 -2.68 -0.72 1.24 3.19 3.57 3.95 4.33 4.01 1.99
0.44 0.31 0.53 0.76 0.26 -0.24 0.23 0.70 1.42 2.13 1.38 0.63 0.37 0.11 -1.27 -2.66 -1.08 0.50 0.42 0.35 0.11 -0.13 0.03 0.20 0.62 1.03 0.28 -0.48 0.17 0.81 -1.22 -3.26 -1.71 -0.16 0.82 1.80 2.86 3.92 2.79 1.66 1.60 1.54 0.66 -0.22 0.83 1.88 1.61 1.35 0.46 -0.42 0.74 1.91 1.31 0.72 -0.45 -1.62 -2.84 -4.06 -3.06 -2.06 0.06 2.18 2.51 2.84 3.34 3.84 4.06 4.28 3.54 2.79 0.19 -2.42 -2.04 -1.66 0.30 2.26 2.64 3.01 2.69 2.37 0.36
0.40 0.63 0.85 1.08 0.58 1.05 1.52 1.99 2.70 1.96 1.21 0.46 0.20 -1.18 -2.57 -3.95 -2.38 -0.80 0.78 0.71 0.46 0.22 -0.02 0.15 0.57 -0.19 -0.95 -1.70 -1.06 -0.41 0.23 -1.80 -0.26 0.73 1.71 2.70 3.76 2.62 1.49 0.36 0.30 0.24 0.19 -0.70 0.35 1.40 2.45 2.19 1.30 0.41 -0.48 0.69 0.10 -1.07 -2.24 -3.41 -4.63 -3.63 -2.63 -1.63 0.49 2.61 4.73 5.06 5.56 6.07 6.57 6.79 6.04 3.44 0.83 -1.78 -1.40 -1.02 -0.64 1.32 1.70 1.38 1.05 0.73 -1.28
0.72 0.95 1.17 1.40 1.87 2.34 2.81 3.28 2.53 1.78 1.04 0.29 -1.10 -2.48 -3.86 -5.25 -3.67 -2.09 -0.51 1.06 0.82 0.58 0.34 0.10 -0.66 -1.42 -2.17 -2.93 -2.28 -1.64 -0.99 -0.35 0.64 1.62 2.60 3.59 2.46 1.32 0.19 -0.94 -1.00 -1.06 -1.11 -1.17 -0.12 0.93 1.98 3.03 2.14 1.25 0.36 -0.53 -1.70 -2.86 -4.03 -5.20 -4.20 -3.20 -2.20 -1.19 0.93 3.05 5.17 7.29 7.79 8.29 8.79 9.29 6.68 4.08 1.47 -1.14 -0.76 -0.38 0.00 0.38 0.06 -0.26 -0.58 -0.90 -0.57
-0.21 0.01 0.24 0.46 1.51 1.98 2.45 2.92 2.17 1.43 0.68 0.18 -1.20 -2.58 -3.97 -4.86 -3.10 -1.53 0.05 1.63 1.39 1.15 0.90 0.23 0.41 -0.35 -1.11 -1.86 -1.22 -0.57 0.07 0.79 0.37 1.35 2.33 3.32 2.18 1.05 -0.08 -1.43 -0.70 -0.76 -0.81 -0.87 -0.10 0.95 2.00 3.05 2.16 1.27 0.38 -1.26 -0.13 -1.29 -2.46 -3.63 -2.63 -1.63 -0.63 0.47 -2.40 -0.28 1.84 3.96 4.46 4.96 5.46 5.67 5.76 3.15 0.55 -2.06 -1.68 -1.30 -0.92 0.11 -0.95 -1.27 -1.59 -1.91 -1.58
0.14 -0.92 -0.70 -0.47 0.58 1.63 2.10 2.57 1.82 1.07 0.58 0.08 -1.30 -2.69 -3.58 -4.47 -2.72 -0.96 0.62 2.19 1.95 1.71 1.04 0.37 0.54 0.71 -0.04 -0.80 -0.15 0.49 1.20 1.92 1.50 1.08 2.06 3.05 1.91 0.78 -0.56 -1.91 -1.18 -0.46 -0.51 -0.57 0.20 0.97 2.02 3.07 2.18 1.29 -0.35 -1.99 -0.86 0.27 -0.89 -2.06 -1.06 -0.06 1.04 2.14 -0.73 -3.61 -1.49 0.63 1.14 1.64 1.84 2.05 2.14 2.23 -0.37 -2.98 -2.60 -2.22 -1.19 -0.16 -1.22 -2.28 -2.60 -2.92 -2.58
0.50 -0.56 -1.63 -1.40 -0.36 0.69 1.74 2.21 1.46 0.97 0.47 -0.02 -1.41 -2.30 -3.19 -4.08 -2.33 -0.57 1.18 2.76 2.52 1.85 1.18 0.50 0.68 0.85 1.02 0.27 0.91 1.62 2.34 3.05 2.63 2.21 1.79 2.78 1.64 0.30 -1.05 -2.39 -1.67 -0.94 -0.21 -0.27 0.50 1.27 2.04 3.08 2.20 0.56 -1.08 -2.72 -1.59 -0.46 0.67 -0.49 0.51 1.61 2.70 3.80 0.93 -1.94 -4.81 -2.69 -2.19 -1.98 -1.78 -1.57 -1.48 -1.39 -1.30 -3.90 -3.52 -2.49 -1.46 -0.43 -1.49 -2.55 -3.61 -3.93 -3.59
0.86 -0.21 -1.27 -2.34 -1.29 -0.24 0.81 1.86 1.36 0.86 0.37 -0.13 -1.02 -1.91 -2.80 -3.69 -1.94 -0.18 1.57 3.33 2.65 1.98 1.31 0.64 0.81 0.99 1.16 1.33 2.04 2.76 3.47 4.18 3.76 3.34 2.92 2.50 1.16 -0.19 -1.53 -2.88 -2.15 -1.42 -0.70 0.03 0.80 1.57 2.34 3.10 1.46 -0.17 -1.81 -3.45 -2.32 -1.19 -0.06 1.07 2.17 3.27 4.37 5.47 2.60 -0.27 -3.15 -6.02 -5.81 -5.60 -5.40 -5.19 -5.10 -5.01 -4.92 -4.83 -3.79 -2.76 -1.73 -0.70 -1.76 -2.82 -3.88 -4.93 -4.09
2.42 1.35 0.29 -2.01 -0.97 0.08 1.13 1.16 1.64 1.14 0.65 0.15 -0.74 -1.63 -2.52 -2.04 -0.29 1.47 3.22 3.29 1.90 1.23 0.56 -0.12 0.06 0.23 0.40 1.00 0.74 1.46 2.17 2.88 2.46 2.04 1.62 1.22 -0.13 -1.47 -2.82 -2.48 -1.74 -1.02 -0.29 0.44 1.21 1.98 2.74 2.13 1.14 -0.50 -2.14 -3.78 -2.65 -1.51 -0.38 1.80 0.87 1.97 3.07 4.17 1.29 -1.58 -4.45 -5.62 -5.42 -5.21 -5.00 -3.35 -2.69 -2.60 -2.51 -2.42 -1.62 -0.59 0.45 1.48 0.42 -0.64 -1.70 -3.34 -2.91
3.98 2.92 0.61 -1.69 -0.64 0.41 0.44 0.47 0.95 1.42 0.93 0.43 -0.46 -1.35 -0.87 -0.39 1.36 3.11 3.19 3.26 1.86 0.47 -0.20 -0.87 -0.70 -0.53 0.07 0.66 0.41 0.15 0.87 1.58 1.16 0.74 0.34 -0.07 -1.42 -2.76 -2.42 -2.09 -1.35 -0.61 0.12 0.85 1.62 2.38 1.77 1.15 0.16 -0.82 -2.46 -4.10 -2.97 -1.84 0.34 2.52 1.59 0.66 1.76 2.86 -0.01 -2.88 -4.06 -5.23 -5.02 -4.81 -3.17 -1.52 -0.85 -0.19 -0.10 -0.01 0.79 1.59 2.62 3.66 2.60 1.54 -0.10 -1.74 -1.31
5.54 3.24 0.94 -1.37 -0.32 -0.29 -0.26 -0.23 0.25 0.73 1.21 0.71 -0.18 0.30 0.78 1.25 3.01 3.08 3.15 3.22 1.83 0.44 -0.96 -1.63 -1.46 -0.86 -0.27 0.33 0.07 -0.18 -0.44 0.28 -0.14 -0.55 -0.95 -1.36 -2.70 -2.37 -2.03 -1.69 -0.95 -0.21 0.53 1.26 2.03 1.41 0.79 0.17 -0.81 -1.80 -2.78 -4.42 -3.29 -1.11 1.06 3.24 2.31 1.38 0.46 1.56 -1.32 -2.49 -3.66 -4.83 -4.63 -2.98 -1.33 0.32 0.98 1.65 2.31 2.40 3.20 4.00 4.80 5.83 4.77 3.13 1.49 -0.14 0.28
5.87 3.56 1.26 -1.05 -1.01 -0.98 -0.95 -0.92 -0.44 0.04 0.51 0.99 1.47 1.95 2.42 2.90 2.97 3.04 3.12 3.19 1.80 0.40 -0.99 -2.38 -1.79 -1.19 -0.60 -0.00 -0.26 -0.51 -0.77 -1.02 -1.43 -1.83 -2.24 -2.64 -2.31 -1.97 -1.63 -1.30 -0.56 0.18 0.93 1.67 1.05 0.43 -0.19 -0.80 -1.79 -2.77 -3.76 -4.75 -2.57 -0.39 1.78 3.96 3.03 2.11 1.18 0.25 -0.92 -2.09 -3.27 -4.44 -2.79 -1.14 0.50 2.15 2.82 3.48 4.15 4.81 5.61 6.41 7.21 8.01 6.37 4.73 3.09 1.45 1.88
5.99 3.69 1.38 -0.92 -0.89 -0.86 -0.83 -0.22 0.26 0.74 1.22 1.18 -0.82 -0.34 0.14 0.62 2.18 2.25 2.32 2.39 1.00 -0.40 -1.79 -1.60 -1.82 -1.22 -0.63 -0.03 -0.29 -0.54 -0.80 -0.88 -0.32 -0.73 -1.13 -1.54 -1.20 -0.86 -0.53 -0.59 0.15 0.89 1.63 1.04 1.14 0.52 -0.10 -0.71 -0.32 -1.30 -2.29 -3.27 -1.10 1.08 3.26 2.63 0.99 0.06 -0.87 -1.79 -2.97 -4.14 -5.31 -2.17 -0.52 1.12 2.77 1.84 0.15 0.81 1.48 2.14 3.74 4.54 5.34 6.14 4.50 2.86 1.23 0.28 0.71
