test/esri_led_0/equivalent_source_led_0.esri
nrows             255
ncols             231
xllcorner      398000.00
yllcorner     7846000.00
cellsize         1000.00
NODATA_value    -9999
[rows 180 to 215 of 255, columns 0 to 80 of 231]
-0.00 0.07 0.15 0.17 0.18 0.10 0.02 0.01 -0.01 -0.13 -0.25 -0.32 -0.40 -0.23 -0.07 0.08 0.22 -0.06 -0.35 -0.59 -0.84 -0.75 -0.65 -0.36 -0.07 0.13 0.33 0.47 0.62 0.30 -0.03 -0.06 -0.10 -0.15 -0.20 0.04 0.28 0.13 -0.02 -0.18 -0.34 -0.11 0.11 0.14 0.18 0.07 -0.04 -0.10 -0.16 -0.22 -0.28 -0.33 -0.39 -0.26 -0.13 -0.13 -0.13 -0.17 -0.20 -0.26 -0.33 -0.12 0.10 0.18 0.27 0.40 0.52 0.48 0.44 0.28 0.12 0.15 0.17 0.10 0.03 0.07 0.10 0.10 0.10 -0.01 -0.12
0.08 0.15 0.17 0.19 0.21 0.12 0.11 0.10 0.08 -0.04 -0.16 -0.28 -0.35 -0.19 -0.05 0.10 0.24 -0.05 -0.29 -0.54 -0.78 -0.69 -0.59 -0.50 -0.21 -0.01 0.19 0.38 0.53 0.21 0.17 0.13 0.09 0.04 -0.01 -0.06 0.18 0.03 -0.12 -0.28 -0.44 -0.21 0.01 0.23 0.27 0.16 0.05 -0.07 -0.12 -0.19 -0.24 -0.29 -0.34 -0.21 -0.21 -0.21 -0.22 -0.25 -0.28 -0.32 -0.38 -0.17 0.04 0.25 0.34 0.47 0.43 0.39 0.35 0.19 0.03 -0.13 -0.11 -0.18 -0.14 -0.11 -0.07 -0.07 -0.07 -0.07 -0.18
0.16 0.18 0.19 0.21 0.23 0.21 0.20 0.19 0.17 0.05 -0.07 -0.19 -0.31 -0.17 -0.03 0.11 0.26 0.01 -0.23 -0.48 -0.73 -0.63 -0.54 -0.44 -0.35 -0.15 0.04 0.24 0.44 0.40 0.36 0.33 0.29 0.24 0.19 0.14 0.09 -0.07 -0.23 -0.38 -0.54 -0.32 -0.09 0.13 0.36 0.25 0.14 0.02 -0.09 -0.14 -0.19 -0.24 -0.29 -0.29 -0.29 -0.30 -0.30 -0.33 -0.37 -0.40 -0.44 -0.22 -0.01 0.20 0.41 0.38 0.34 0.30 0.26 0.10 -0.06 -0.22 -0.39 -0.35 -0.32 -0.28 -0.24 -0.24 -0.24 -0.24 -0.24
0.17 0.19 0.21 0.23 0.20 0.23 0.22 0.20 0.19 0.02 -0.11 -0.23 -0.35 -0.21 -0.06 0.08 0.14 0.14 -0.10 -0.35 -0.59 -0.50 -0.41 -0.31 -0.53 -0.33 -0.14 0.06 0.02 0.26 0.22 0.18 0.15 0.24 0.19 0.14 0.09 0.09 -0.06 -0.22 -0.38 -0.31 -0.09 0.14 0.36 0.25 0.14 0.03 -0.12 -0.16 -0.21 -0.26 -0.31 -0.32 -0.32 -0.33 -0.33 -0.24 -0.27 -0.31 -0.34 -0.13 0.08 0.30 0.31 0.23 0.19 0.15 0.11 -0.05 -0.21 -0.37 -0.33 -0.30 -0.26 -0.22 -0.10 -0.10 -0.10 -0.09 -0.20
0.19 0.21 0.22 0.19 0.16 0.20 0.23 0.22 0.20 0.03 -0.14 -0.26 -0.39 -0.24 -0.10 -0.04 0.03 0.03 0.03 -0.22 -0.46 -0.37 -0.27 -0.49 -0.71 -0.52 -0.32 -0.35 -0.39 -0.16 0.08 0.04 0.00 0.10 0.19 0.14 0.09 0.10 0.10 -0.06 -0.21 -0.15 -0.08 0.14 0.36 0.25 0.14 -0.00 -0.15 -0.18 -0.22 -0.27 -0.32 -0.34 -0.35 -0.36 -0.36 -0.27 -0.18 -0.21 -0.24 -0.03 0.18 0.20 0.22 0.13 0.04 0.00 -0.04 -0.20 -0.36 -0.32 -0.28 -0.24 -0.20 -0.08 0.04 0.05 0.05 -0.06 -0.16
0.20 0.22 0.19 0.16 0.13 0.17 0.20 0.23 0.22 0.05 -0.13 -0.30 -0.42 -0.28 -0.21 -0.15 -0.09 -0.09 -0.09 -0.09 -0.33 -0.24 -0.46 -0.68 -0.89 -0.70 -0.73 -0.77 -0.81 -0.57 -0.34 -0.10 -0.14 -0.05 0.05 0.14 0.09 0.10 0.10 0.11 -0.05 0.01 0.08 0.14 0.37 0.26 0.11 -0.03 -0.18 -0.21 -0.25 -0.29 -0.34 -0.36 -0.37 -0.39 -0.39 -0.30 -0.21 -0.11 -0.15 0.06 0.08 0.10 0.12 0.03 -0.06 -0.15 -0.19 -0.35 -0.31 -0.26 -0.22 -0.18 -0.06 0.06 0.19 0.19 0.08 -0.02 -0.12
0.22 0.19 0.16 0.13 0.10 0.13 0.17 0.20 0.24 0.06 -0.11 -0.28 -0.46 -0.39 -0.33 -0.26 -0.20 -0.20 -0.20 -0.20 -0.20 -0.42 -0.64 -0.86 -1.08 -1.11 -1.15 -1.18 -1.22 -0.99 -0.75 -0.52 -0.28 -0.19 -0.09 -0.00 0.09 0.10 0.10 0.11 0.11 0.18 0.24 0.31 0.37 0.23 0.08 -0.06 -0.20 -0.24 -0.28 -0.32 -0.36 -0.38 -0.39 -0.40 -0.42 -0.33 -0.24 -0.14 -0.05 -0.03 -0.02 0.00 0.02 -0.07 -0.16 -0.25 -0.34 -0.29 -0.25 -0.21 -0.16 -0.04 0.08 0.21 0.33 0.23 0.12 0.02 -0.09
0.32 0.10 0.07 0.04 0.01 0.04 0.08 0.11 0.24 0.07 -0.11 -0.28 -0.32 -0.50 -0.44 -0.37 -0.31 -0.22 -0.22 -0.22 -0.22 -0.44 -0.66 -0.88 -0.90 -0.94 -0.97 -1.01 -0.92 -0.92 -0.69 -0.45 -0.22 -0.13 -0.03 0.06 -0.18 0.06 0.07 0.07 0.08 0.14 0.21 0.27 0.34 0.21 0.07 -0.08 -0.22 -0.13 -0.17 -0.21 -0.25 -0.26 -0.27 -0.29 -0.37 -0.28 -0.18 -0.09 -0.12 -0.15 -0.13 -0.11 -0.10 -0.18 -0.27 -0.36 -0.28 -0.21 -0.17 -0.13 -0.08 -0.11 0.01 0.13 0.26 0.10 -0.00 -0.11 -0.21
0.42 0.20 -0.02 -0.05 -0.08 -0.05 -0.01 0.12 0.24 0.07 -0.10 -0.14 -0.18 -0.36 -0.54 -0.48 -0.41 -0.33 -0.25 -0.25 -0.25 -0.47 -0.69 -0.70 -0.72 -0.76 -0.79 -0.71 -0.62 -0.62 -0.63 -0.39 -0.16 -0.06 0.03 -0.21 -0.45 -0.21 0.04 0.04 0.05 0.11 0.18 0.24 0.30 0.18 0.05 -0.09 -0.24 -0.14 -0.05 -0.09 -0.13 -0.15 -0.16 -0.24 -0.32 -0.23 -0.13 -0.16 -0.18 -0.21 -0.24 -0.23 -0.21 -0.30 -0.39 -0.31 -0.23 -0.16 -0.09 -0.04 -0.00 -0.03 -0.06 0.06 0.19 0.03 -0.13 -0.23 -0.34
0.52 0.30 0.08 -0.14 -0.17 -0.14 -0.01 0.12 0.25 0.07 0.04 -0.00 -0.04 -0.22 -0.40 -0.58 -0.52 -0.44 -0.35 -0.27 -0.27 -0.49 -0.51 -0.53 -0.54 -0.58 -0.50 -0.41 -0.32 -0.33 -0.33 -0.33 -0.09 -0.00 -0.24 -0.48 -0.71 -0.47 -0.23 0.01 0.01 0.08 0.14 0.20 0.26 0.14 0.02 -0.11 -0.25 -0.16 -0.07 0.02 -0.02 -0.03 -0.11 -0.19 -0.27 -0.18 -0.20 -0.22 -0.24 -0.28 -0.31 -0.34 -0.32 -0.41 -0.33 -0.25 -0.17 -0.10 -0.03 0.04 0.08 0.05 0.02 -0.01 0.11 -0.04 -0.20 -0.36 -0.46
0.62 0.40 0.18 -0.04 -0.26 -0.13 -0.01 0.12 0.25 0.21 0.17 0.14 0.10 -0.08 -0.26 -0.44 -0.63 -0.54 -0.46 -0.38 -0.30 -0.31 -0.33 -0.35 -0.37 -0.28 -0.20 -0.11 -0.02 -0.03 -0.03 -0.03 -0.03 -0.27 -0.51 -0.75 -0.98 -0.74 -0.50 -0.26 -0.02 0.04 0.11 0.17 0.23 0.11 -0.02 -0.14 -0.27 -0.17 -0.08 0.01 0.10 0.02 -0.06 -0.14 -0.22 -0.24 -0.26 -0.28 -0.31 -0.34 -0.37 -0.40 -0.44 -0.36 -0.28 -0.20 -0.12 -0.05 0.02 0.09 0.16 0.13 0.10 0.07 0.04 -0.12 -0.27 -0.43 -0.59
0.61 0.39 0.17 -0.05 -0.37 -0.25 -0.12 0.01 0.13 0.23 0.19 0.15 0.12 -0.07 -0.25 -0.43 -0.62 -0.53 -0.45 -0.37 -0.36 -0.42 -0.44 -0.46 -0.48 -0.36 -0.27 -0.19 -0.10 -0.03 -0.03 -0.03 -0.03 -0.27 -0.51 -0.75 -0.74 -0.50 -0.26 -0.02 0.19 0.08 0.14 0.20 0.27 0.13 0.01 -0.11 -0.24 -0.15 -0.05 0.04 0.09 -0.01 -0.08 -0.16 -0.24 -0.26 -0.29 -0.31 -0.30 -0.38 -0.41 -0.44 -0.47 -0.39 -0.31 -0.23 -0.24 -0.17 -0.10 -0.03 -0.08 -0.11 -0.14 -0.17 -0.14 -0.30 -0.46 -0.62 -0.50
0.60 0.38 0.16 -0.16 -0.47 -0.36 -0.24 -0.11 0.02 0.11 0.21 0.17 0.13 -0.05 -0.24 -0.42 -0.60 -0.52 -0.44 -0.43 -0.43 -0.49 -0.55 -0.57 -0.59 -0.47 -0.35 -0.26 -0.18 -0.11 -0.03 -0.04 -0.04 -0.28 -0.51 -0.51 -0.50 -0.26 -0.02 0.19 0.40 0.29 0.18 0.24 0.30 0.17 0.04 -0.08 -0.21 -0.12 -0.03 0.03 0.09 -0.01 -0.11 -0.19 -0.27 -0.29 -0.31 -0.30 -0.29 -0.37 -0.44 -0.48 -0.51 -0.43 -0.35 -0.36 -0.36 -0.29 -0.22 -0.27 -0.32 -0.35 -0.39 -0.36 -0.33 -0.49 -0.64 -0.53 -0.41
0.59 0.37 0.06 -0.26 -0.58 -0.46 -0.34 -0.23 -0.10 -0.00 0.09 0.19 0.15 -0.04 -0.22 -0.41 -0.59 -0.51 -0.51 -0.50 -0.50 -0.56 -0.62 -0.68 -0.69 -0.58 -0.46 -0.34 -0.25 -0.18 -0.11 -0.04 -0.04 -0.28 -0.27 -0.27 -0.27 -0.02 0.19 0.40 0.61 0.50 0.39 0.28 0.34 0.21 0.08 -0.06 -0.18 -0.09 -0.03 0.03 0.08 -0.02 -0.12 -0.22 -0.29 -0.32 -0.30 -0.29 -0.28 -0.36 -0.44 -0.51 -0.54 -0.47 -0.47 -0.48 -0.49 -0.42 -0.47 -0.52 -0.57 -0.60 -0.57 -0.54 -0.51 -0.67 -0.55 -0.44 -0.32
0.58 0.27 -0.05 -0.37 -0.69 -0.57 -0.45 -0.33 -0.22 -0.12 -0.02 0.07 0.17 -0.02 -0.21 -0.40 -0.58 -0.58 -0.57 -0.57 -0.57 -0.62 -0.68 -0.74 -0.80 -0.68 -0.57 -0.45 -0.33 -0.26 -0.19 -0.12 -0.04 -0.04 -0.04 -0.03 -0.03 0.19 0.40 0.61 0.82 0.71 0.60 0.49 0.38 0.25 0.11 -0.02 -0.15 -0.09 -0.04 0.02 0.08 -0.02 -0.12 -0.22 -0.32 -0.31 -0.30 -0.28 -0.27 -0.35 -0.43 -0.50 -0.58 -0.59 -0.59 -0.60 -0.61 -0.66 -0.71 -0.76 -0.81 -0.78 -0.75 -0.73 -0.70 -0.58 -0.46 -0.34 -0.23
0.43 0.47 0.15 -0.17 -0.49 -0.37 -0.25 -0.13 -0.18 -0.09 0.01 0.10 0.13 -0.06 -0.25 -0.43 -0.51 -0.47 -0.46 -0.46 -0.45 -0.55 -0.61 -0.67 -0.73 -0.61 -0.49 -0.37 -0.41 -0.34 -0.27 -0.19 -0.09 0.03 0.04 0.04 0.05 0.16 0.37 0.59 0.80 0.69 0.58 0.47 0.42 0.29 0.16 0.02 0.03 -0.12 -0.06 -0.00 0.05 -0.05 -0.15 -0.25 -0.27 -0.16 -0.14 -0.13 -0.12 -0.20 -0.28 -0.35 -0.58 -0.36 -0.37 -0.38 -0.39 -0.30 -0.35 -0.40 -0.45 -0.57 -0.54 -0.51 -0.48 -0.40 -0.28 -0.16 -0.04
0.27 0.31 0.36 0.04 -0.28 -0.16 -0.04 -0.10 -0.15 -0.06 0.04 0.06 0.09 -0.10 -0.28 -0.36 -0.44 -0.39 -0.35 -0.34 -0.34 -0.44 -0.53 -0.59 -0.65 -0.53 -0.42 -0.45 -0.49 -0.42 -0.34 -0.24 -0.14 -0.01 0.11 0.12 0.12 0.24 0.35 0.56 0.77 0.66 0.55 0.51 0.46 0.33 0.20 0.20 0.20 0.06 -0.08 -0.03 0.03 -0.07 -0.17 -0.20 -0.22 -0.11 0.01 0.02 0.03 -0.05 -0.12 -0.35 -0.58 -0.36 -0.15 -0.15 -0.16 -0.07 0.02 -0.03 -0.08 -0.20 -0.32 -0.30 -0.27 -0.18 -0.09 0.02 0.14
0.11 0.15 0.20 0.24 -0.08 0.04 -0.01 -0.07 -0.12 -0.02 0.00 0.03 0.05 -0.14 -0.21 -0.29 -0.36 -0.32 -0.28 -0.23 -0.23 -0.32 -0.42 -0.52 -0.58 -0.46 -0.50 -0.53 -0.57 -0.49 -0.39 -0.29 -0.19 -0.06 0.06 0.19 0.20 0.31 0.42 0.54 0.75 0.64 0.59 0.55 0.51 0.37 0.38 0.38 0.38 0.24 0.09 -0.05 0.00 -0.10 -0.12 -0.15 -0.17 -0.06 0.06 0.17 0.18 0.11 -0.12 -0.35 -0.58 -0.37 -0.15 0.07 0.06 0.15 0.24 0.33 0.28 0.16 0.04 -0.08 -0.05 0.03 0.12 0.21 0.33
-0.05 -0.01 0.04 0.08 0.13 0.07 0.02 -0.03 -0.09 -0.06 -0.04 -0.01 0.01 -0.06 -0.14 -0.21 -0.29 -0.25 -0.20 -0.16 -0.12 -0.21 -0.31 -0.41 -0.50 -0.54 -0.57 -0.61 -0.64 -0.54 -0.44 -0.34 -0.24 -0.11 0.02 0.14 0.27 0.38 0.50 0.61 0.73 0.68 0.64 0.59 0.55 0.55 0.55 0.55 0.56 0.41 0.27 0.12 -0.02 -0.05 -0.07 -0.10 -0.12 -0.01 0.11 0.22 0.33 0.11 -0.12 -0.35 -0.58 -0.37 -0.15 0.07 0.29 0.37 0.46 0.55 0.64 0.52 0.40 0.28 0.16 0.25 0.34 0.42 0.51
-0.32 -0.28 -0.23 -0.19 0.05 -0.03 -0.09 -0.14 -0.19 0.01 0.04 0.06 0.09 0.01 -0.07 -0.14 -0.28 -0.30 -0.26 -0.22 -0.17 -0.05 -0.14 -0.24 -0.34 -0.37 -0.41 -0.44 -0.42 -0.31 -0.21 -0.11 -0.01 -0.02 0.11 0.24 0.37 0.48 0.59 0.71 0.67 0.60 0.55 0.51 0.46 0.53 0.53 0.53 0.53 0.42 0.28 0.13 -0.01 -0.04 -0.06 -0.09 -0.12 -0.08 0.04 0.15 0.26 0.04 -0.19 -0.42 -0.65 -0.53 -0.31 -0.09 0.12 0.20 0.29 0.38 0.47 0.43 0.31 0.19 0.07 0.17 0.25 0.34 0.43
-0.60 -0.55 -0.51 -0.27 -0.03 -0.11 -0.19 -0.25 -0.30 -0.10 0.11 0.13 0.16 0.08 0.01 -0.13 -0.27 -0.29 -0.32 -0.27 -0.23 -0.10 0.02 -0.07 -0.17 -0.21 -0.24 -0.22 -0.20 -0.09 0.02 0.12 0.23 0.22 0.21 0.34 0.46 0.58 0.69 0.65 0.61 0.54 0.47 0.42 0.38 0.44 0.50 0.51 0.51 0.40 0.29 0.14 -0.00 -0.03 -0.05 -0.09 -0.12 -0.08 -0.03 0.08 0.20 -0.03 -0.26 -0.49 -0.72 -0.59 -0.47 -0.25 -0.04 0.04 0.11 0.20 0.29 0.26 0.22 0.10 -0.02 0.08 0.17 0.26 0.34
-0.87 -0.82 -0.58 -0.34 -0.10 -0.19 -0.27 -0.35 -0.41 -0.20 0.00 0.21 0.23 0.16 0.02 -0.12 -0.26 -0.28 -0.30 -0.33 -0.28 -0.16 -0.03 0.09 -0.01 -0.04 -0.02 0.00 0.03 0.14 0.25 0.36 0.46 0.45 0.44 0.43 0.56 0.67 0.63 0.59 0.55 0.48 0.41 0.34 0.29 0.35 0.42 0.48 0.48 0.37 0.26 0.15 0.01 -0.02 -0.05 -0.09 -0.12 -0.08 -0.03 0.01 0.13 -0.10 -0.33 -0.56 -0.78 -0.66 -0.54 -0.41 -0.20 -0.12 -0.05 0.03 0.12 0.08 0.05 0.01 -0.11 -0.01 0.08 0.17 0.26
-1.14 -0.90 -0.66 -0.42 -0.18 -0.26 -0.35 -0.43 -0.51 -0.31 -0.10 0.10 0.30 0.17 0.03 -0.11 -0.25 -0.27 -0.29 -0.32 -0.34 -0.21 -0.09 0.04 0.16 0.18 0.21 0.23 0.25 0.36 0.47 0.58 0.69 0.68 0.67 0.66 0.66 0.62 0.58 0.54 0.49 0.42 0.35 0.28 0.21 0.27 0.33 0.40 0.46 0.35 0.24 0.13 0.02 -0.02 -0.05 -0.09 -0.13 -0.08 -0.03 0.01 0.06 -0.17 -0.40 -0.62 -0.85 -0.73 -0.60 -0.48 -0.36 -0.28 -0.21 -0.13 -0.06 -0.09 -0.13 -0.16 -0.20 -0.10 -0.01 0.08 0.18
-1.16 -0.88 -0.64 -0.40 -0.16 -0.25 -0.33 -0.41 -0.58 -0.36 -0.16 0.04 0.25 0.11 -0.03 -0.16 -0.22 -0.25 -0.27 -0.29 -0.26 -0.14 -0.01 0.11 0.25 0.18 0.20 0.22 0.24 0.28 0.39 0.50 0.61 0.60 0.60 0.59 0.58 0.58 0.54 0.50 0.46 0.39 0.32 0.24 0.16 0.23 0.29 0.35 0.40 0.29 0.18 0.07 0.11 0.02 -0.02 -0.05 -0.09 -0.04 0.00 0.05 0.04 0.08 -0.15 -0.37 -0.60 -0.71 -0.58 -0.46 -0.34 -0.26 -0.19 -0.11 -0.12 0.03 -0.00 -0.04 -0.07 0.02 0.11 0.21 0.21
-1.19 -0.91 -0.63 -0.39 -0.14 -0.23 -0.31 -0.48 -0.64 -0.43 -0.22 -0.01 0.19 0.06 -0.08 -0.14 -0.20 -0.22 -0.25 -0.22 -0.19 -0.06 0.06 0.20 0.34 0.26 0.19 0.21 0.24 0.27 0.31 0.42 0.53 0.52 0.52 0.51 0.50 0.50 0.51 0.47 0.43 0.35 0.28 0.20 0.12 0.18 0.25 0.29 0.34 0.23 0.12 0.17 0.21 0.11 0.02 -0.02 -0.05 -0.01 0.04 0.03 0.02 0.06 0.10 -0.13 -0.35 -0.46 -0.57 -0.44 -0.32 -0.24 -0.17 -0.18 -0.19 -0.03 0.13 0.09 0.05 0.15 0.24 0.24 0.24
-1.21 -0.93 -0.65 -0.37 -0.13 -0.21 -0.38 -0.54 -0.71 -0.49 -0.28 -0.07 0.14 0.00 -0.06 -0.12 -0.18 -0.20 -0.17 -0.14 -0.11 0.01 0.15 0.29 0.42 0.35 0.28 0.21 0.23 0.27 0.30 0.34 0.45 0.44 0.44 0.43 0.42 0.43 0.43 0.43 0.39 0.32 0.24 0.16 0.08 0.14 0.19 0.24 0.28 0.17 0.22 0.26 0.31 0.21 0.11 0.02 -0.02 0.03 0.02 0.01 -0.00 0.04 0.08 0.12 -0.11 -0.21 -0.32 -0.42 -0.30 -0.23 -0.24 -0.25 -0.26 -0.10 0.06 0.22 0.18 0.27 0.27 0.28 0.28
-1.23 -0.95 -0.67 -0.39 -0.11 -0.28 -0.44 -0.61 -0.77 -0.56 -0.34 -0.13 0.08 0.02 -0.03 -0.09 -0.15 -0.12 -0.10 -0.07 -0.04 0.10 0.24 0.37 0.51 0.44 0.37 0.29 0.22 0.26 0.30 0.33 0.37 0.36 0.36 0.35 0.34 0.35 0.35 0.35 0.36 0.28 0.20 0.12 0.04 0.08 0.13 0.18 0.23 0.27 0.32 0.36 0.40 0.31 0.21 0.11 0.02 0.01 -0.00 -0.01 -0.02 0.02 0.06 0.10 0.14 0.04 -0.07 -0.18 -0.28 -0.29 -0.30 -0.31 -0.32 -0.17 -0.01 0.15 0.31 0.31 0.31 0.31 0.31
-1.47 -1.19 -0.91 -0.63 -0.06 -0.22 -0.38 -0.55 -0.71 -0.57 -0.36 -0.14 0.07 0.01 -0.05 -0.11 -0.03 0.00 0.03 0.06 0.11 0.09 0.22 0.36 0.50 0.36 0.29 0.22 0.15 0.18 0.22 0.26 0.28 0.27 0.26 0.26 0.33 0.43 0.43 0.43 0.43 0.29 0.21 0.13 0.05 0.10 0.15 0.19 0.13 0.17 0.21 0.26 0.36 0.26 0.17 0.07 0.05 0.04 0.03 0.02 -0.02 0.01 0.05 0.09 0.13 0.09 -0.02 -0.13 -0.23 -0.24 -0.25 -0.26 -0.11 0.05 0.20 0.36 0.20 0.20 0.20 0.21 -0.06
-1.70 -1.42 -1.14 -0.58 -0.01 -0.16 -0.32 -0.49 -0.65 -0.51 -0.37 -0.16 0.06 -0.00 -0.06 0.02 0.10 0.13 0.15 0.21 0.26 0.23 0.21 0.35 0.49 0.35 0.22 0.14 0.07 0.11 0.15 0.16 0.18 0.17 0.17 0.25 0.33 0.42 0.51 0.51 0.51 0.37 0.23 0.15 0.07 0.12 0.16 0.09 0.02 0.07 0.11 0.21 0.31 0.22 0.12 0.10 0.08 0.07 0.07 0.02 -0.02 0.01 0.03 0.07 0.11 0.07 0.03 -0.07 -0.18 -0.19 -0.20 -0.05 0.10 0.26 0.42 0.26 0.10 0.10 0.10 -0.16 -0.43
-1.94 -1.66 -1.09 -0.52 0.05 -0.11 -0.27 -0.43 -0.60 -0.45 -0.31 -0.17 0.04 -0.02 0.06 0.14 0.22 0.25 0.30 0.35 0.40 0.38 0.36 0.34 0.48 0.34 0.20 0.07 -0.00 0.03 0.05 0.07 0.09 0.08 0.16 0.24 0.32 0.41 0.50 0.59 0.59 0.45 0.31 0.17 0.09 0.13 0.06 -0.01 -0.08 -0.03 0.07 0.17 0.27 0.17 0.15 0.14 0.12 0.11 0.07 0.02 -0.02 0.01 0.03 0.06 0.10 0.06 0.02 -0.02 -0.13 -0.14 0.01 0.17 0.32 0.48 0.31 0.15 -0.01 -0.00 -0.27 -0.53 -0.80
-2.18 -1.61 -1.04 -0.47 0.10 -0.06 -0.22 -0.38 -0.54 -0.40 -0.25 -0.11 0.03 0.11 0.19 0.27 0.35 0.40 0.45 0.50 0.55 0.53 0.51 0.49 0.46 0.33 0.19 0.06 -0.08 -0.06 -0.04 -0.03 -0.01 0.07 0.15 0.23 0.31 0.40 0.49 0.58 0.67 0.53 0.39 0.24 0.10 0.03 -0.04 -0.11 -0.18 -0.08 0.02 0.12 0.22 0.20 0.19 0.17 0.15 0.11 0.06 0.02 -0.02 0.01 0.03 0.06 0.09 0.05 0.00 -0.04 -0.08 0.08 0.23 0.38 0.53 0.37 0.21 0.05 -0.11 -0.37 -0.64 -0.90 -1.17
-2.34 -1.68 -1.11 -0.54 0.03 -0.13 -0.29 -0.45 -0.72 -0.58 -0.44 -0.29 -0.19 -0.08 -0.00 0.08 0.16 0.13 0.19 0.24 0.29 0.26 0.24 0.22 0.24 0.10 -0.03 -0.17 -0.13 0.07 0.08 0.10 0.12 0.04 0.12 0.20 0.28 0.37 0.46 0.55 0.39 0.25 0.11 -0.03 -0.10 -0.12 -0.19 -0.26 -0.33 -0.23 -0.13 -0.03 -0.02 -0.04 -0.06 -0.08 -0.03 0.07 0.02 -0.02 -0.06 -0.04 -0.01 0.02 0.10 0.06 0.02 -0.02 -0.11 -0.15 -0.00 0.15 0.30 0.13 -0.03 -0.19 -0.35 -0.62 -0.88 -1.15 -0.60
-2.49 -1.83 -1.18 -0.61 -0.04 -0.20 -0.35 -0.63 -0.90 -0.76 -0.62 -0.52 -0.41 -0.30 -0.20 -0.11 -0.03 -0.06 -0.08 -0.03 0.02 0.00 -0.02 -0.00 0.02 -0.12 -0.26 -0.22 -0.18 0.01 0.21 0.23 0.25 0.17 0.09 0.17 0.25 0.34 0.43 0.27 0.12 -0.03 -0.17 -0.24 -0.31 -0.33 -0.35 -0.42 -0.49 -0.39 -0.29 -0.28 -0.27 -0.28 -0.30 -0.25 -0.20 -0.11 -0.02 -0.06 -0.10 -0.08 -0.05 0.04 0.12 0.08 0.04 -0.05 -0.13 -0.18 -0.23 -0.08 0.07 -0.10 -0.28 -0.44 -0.60 -0.86 -1.13 -0.58 -0.02
-2.65 -1.99 -1.33 -0.67 -0.10 -0.26 -0.54 -0.81 -1.08 -0.94 -0.84 -0.74 -0.63 -0.52 -0.42 -0.31 -0.23 -0.25 -0.27 -0.29 -0.24 -0.26 -0.25 -0.23 -0.21 -0.34 -0.31 -0.27 -0.23 -0.04 0.16 0.36 0.37 0.30 0.22 0.14 0.22 0.31 0.15 -0.00 -0.16 -0.30 -0.37 -0.44 -0.51 -0.53 -0.55 -0.58 -0.65 -0.55 -0.53 -0.52 -0.51 -0.53 -0.48 -0.43 -0.38 -0.29 -0.20 -0.10 -0.15 -0.12 -0.03 0.06 0.14 0.10 0.01 -0.07 -0.16 -0.21 -0.26 -0.31 -0.15 -0.33 -0.51 -0.68 -0.84 -1.11 -0.56 -0.00 0.55
-2.81 -2.15 -1.49 -0.83 -0.17 -0.44 -0.72 -0.99 -1.26 -1.16 -1.06 -0.96 -0.85 -0.74 -0.64 -0.53 -0.42 -0.44 -0.46 -0.49 -0.51 -0.49 -0.47 -0.45 -0.43 -0.39 -0.36 -0.32 -0.29 -0.09 0.11 0.30 0.50 0.42 0.35 0.27 0.19 0.03 -0.12 -0.28 -0.44 -0.51 -0.58 -0.64 -0.71 -0.74 -0.76 -0.78 -0.80 -0.79 -0.78 -0.77 -0.76 -0.71 -0.66 -0.61 -0.56 -0.47 -0.37 -0.28 -0.19 -0.10 -0.01 0.07 0.16 0.07 -0.01 -0.10 -0.19 -0.24 -0.29 -0.33 -0.38 -0.56 -0.74 -0.91 -1.09 -0.54 0.02 0.57 1.12
-2.52 -2.06 -1.40 -0.74 -0.08 -0.36 -0.63 -0.90 -1.19 -1.06 -0.96 -0.85 -0.75 -0.75 -0.64 -0.53 -0.42 -0.45 -0.47 -0.49 -0.64 -0.43 -0.41 -0.39 -0.37 -0.41 -0.37 -0.34 -0.30 -0.10 0.09 0.29 0.16 0.09 0.01 -0.07 -0.18 -0.34 -0.50 -0.66 -0.67 -0.74 -0.81 -0.87 -0.67 -0.69 -0.71 -0.73 -0.80 -0.83 -0.81 -0.80 -0.79 -0.61 -0.56 -0.51 -0.46 -0.37 -0.28 -0.18 -0.04 -0.02 0.07 0.15 0.24 0.20 0.12 0.03 -0.06 -0.11 -0.16 -0.20 -0.26 -0.43 -0.61 -0.79 -0.70 0.28 0.84 1.39 1.94
