test/esri_led_0/equivalent_source_led_0.esri
nrows             255
ncols             231
xllcorner      398000.00
yllcorner     7846000.00
cellsize         1000.00
NODATA_value    -9999
[rows 216 to 251 of 255, columns 0 to 80 of 231]
-2.23 -1.77 -1.32 -0.66 0.00 -0.27 -0.54 -0.83 -1.11 -0.98 -0.85 -0.75 -0.65 -0.65 -0.64 -0.54 -0.43 -0.45 -0.47 -0.62 -0.78 -0.56 -0.35 -0.33 -0.31 -0.35 -0.39 -0.35 -0.31 -0.12 0.08 -0.05 -0.17 -0.25 -0.33 -0.44 -0.56 -0.71 -0.87 -0.89 -0.90 -0.97 -1.04 -0.83 -0.62 -0.64 -0.66 -0.73 -0.80 -0.82 -0.85 -0.84 -0.83 -0.64 -0.46 -0.41 -0.36 -0.27 -0.18 -0.03 0.11 0.13 0.15 0.23 0.32 0.28 0.24 0.16 0.07 0.02 -0.03 -0.08 -0.13 -0.31 -0.48 -0.39 -0.30 0.68 1.66 2.21 2.76
-1.95 -1.49 -1.03 -0.57 0.09 -0.18 -0.47 -0.75 -1.04 -0.91 -0.78 -0.65 -0.54 -0.54 -0.54 -0.54 -0.43 -0.45 -0.61 -0.76 -0.91 -0.70 -0.49 -0.27 -0.26 -0.29 -0.33 -0.36 -0.33 -0.13 -0.26 -0.39 -0.51 -0.59 -0.70 -0.82 -0.93 -1.09 -1.10 -1.12 -1.13 -1.20 -0.99 -0.78 -0.57 -0.59 -0.66 -0.73 -0.80 -0.82 -0.85 -0.87 -0.86 -0.68 -0.50 -0.32 -0.27 -0.17 -0.03 0.12 0.27 0.28 0.30 0.31 0.40 0.36 0.32 0.29 0.20 0.15 0.10 0.05 -0.00 -0.18 -0.09 0.00 0.09 1.07 2.05 3.03 3.58
-1.66 -1.20 -0.74 -0.28 0.18 -0.11 -0.39 -0.68 -0.96 -0.83 -0.70 -0.57 -0.44 -0.44 -0.44 -0.44 -0.44 -0.59 -0.74 -0.89 -1.05 -0.83 -0.62 -0.41 -0.20 -0.23 -0.27 -0.31 -0.34 -0.47 -0.60 -0.72 -0.85 -0.97 -1.08 -1.19 -1.31 -1.32 -1.33 -1.34 -1.36 -1.15 -0.94 -0.73 -0.53 -0.59 -0.66 -0.73 -0.79 -0.82 -0.84 -0.87 -0.90 -0.71 -0.53 -0.35 -0.17 -0.02 0.12 0.27 0.42 0.43 0.45 0.47 0.48 0.44 0.40 0.37 0.33 0.28 0.23 0.18 0.13 0.22 0.31 0.40 0.49 1.47 2.45 3.42 4.40
-1.65 -1.19 -0.73 -0.28 0.04 0.01 -0.28 -0.56 -0.85 -0.72 -0.59 -0.45 -0.41 -0.41 -0.41 -0.41 -0.39 -0.52 -0.67 -0.82 -0.97 -0.85 -0.64 -0.43 -0.22 -0.25 -0.29 -0.33 -0.46 -0.53 -0.66 -0.79 -0.92 -1.03 -1.14 -1.26 -1.07 -1.12 -1.13 -1.15 -1.16 -1.23 -1.02 -0.81 -0.60 -0.72 -0.78 -0.85 -0.92 -0.94 -0.97 -0.99 -0.75 -0.57 -0.39 -0.21 0.02 0.01 0.16 0.31 0.45 0.30 0.32 0.33 0.35 0.39 0.35 0.32 0.28 0.37 0.32 0.27 0.21 0.31 0.40 0.49 0.38 1.36 2.34 3.32 3.61
-1.65 -1.19 -0.73 -0.41 -0.10 -0.13 -0.16 -0.44 -0.73 -0.60 -0.47 -0.43 -0.38 -0.38 -0.38 -0.37 -0.35 -0.47 -0.60 -0.75 -0.90 -0.78 -0.66 -0.45 -0.24 -0.27 -0.31 -0.45 -0.59 -0.66 -0.72 -0.85 -0.98 -1.09 -1.21 -1.02 -0.84 -0.89 -0.94 -0.95 -0.96 -1.03 -1.09 -0.89 -0.68 -0.79 -0.90 -0.97 -1.04 -1.06 -1.09 -0.85 -0.61 -0.43 -0.25 -0.02 0.20 0.20 0.20 0.34 0.49 0.34 0.18 0.20 0.22 0.26 0.30 0.27 0.23 0.32 0.41 0.36 0.30 0.40 0.49 0.38 0.28 1.26 2.24 2.53 2.81
-1.64 -1.18 -0.87 -0.55 -0.24 -0.27 -0.30 -0.33 -0.61 -0.48 -0.44 -0.40 -0.36 -0.35 -0.34 -0.33 -0.31 -0.43 -0.55 -0.68 -0.83 -0.71 -0.59 -0.47 -0.26 -0.29 -0.43 -0.57 -0.71 -0.78 -0.85 -0.92 -1.04 -1.16 -0.97 -0.79 -0.61 -0.66 -0.71 -0.75 -0.77 -0.83 -0.90 -0.96 -0.75 -0.87 -0.98 -1.09 -1.16 -1.19 -0.95 -0.71 -0.47 -0.29 -0.06 0.16 0.39 0.38 0.38 0.38 0.53 0.38 0.22 0.07 0.09 0.13 0.17 0.22 0.18 0.27 0.36 0.44 0.39 0.49 0.38 0.28 0.18 1.15 1.44 1.73 2.02
-1.63 -1.32 -1.00 -0.69 -0.37 -0.40 -0.43 -0.46 -0.49 -0.45 -0.41 -0.37 -0.33 -0.31 -0.30 -0.28 -0.27 -0.39 -0.51 -0.63 -0.76 -0.64 -0.52 -0.40 -0.28 -0.42 -0.55 -0.69 -0.83 -0.90 -0.97 -1.04 -1.11 -0.92 -0.74 -0.56 -0.38 -0.42 -0.47 -0.52 -0.57 -0.64 -0.70 -0.77 -0.83 -0.94 -1.06 -1.17 -1.28 -1.04 -0.80 -0.57 -0.33 -0.10 0.12 0.35 0.57 0.57 0.57 0.57 0.57 0.41 0.26 0.11 -0.05 -0.00 0.04 0.08 0.13 0.22 0.31 0.39 0.48 0.38 0.28 0.17 0.07 0.36 0.65 0.94 1.23
-1.03 -1.16 -0.84 -0.53 -0.21 -0.24 -0.27 -0.30 -0.31 -0.53 -0.49 -0.44 -0.40 -0.37 -0.35 -0.34 -0.32 -0.45 -0.57 -0.69 -0.78 -0.66 -0.54 -0.42 -0.44 -0.43 -0.57 -0.71 -0.84 -0.91 -0.98 -1.05 -1.06 -0.88 -0.70 -0.52 -0.35 -0.44 -0.48 -0.53 -0.58 -0.65 -0.71 -0.78 -0.81 -0.93 -1.04 -1.15 -1.08 -0.97 -0.74 -0.50 -0.26 -0.36 -0.13 0.09 0.32 0.32 0.32 0.31 0.48 0.56 0.41 0.26 0.10 -0.02 0.02 0.07 0.11 0.20 0.29 0.38 0.32 0.23 0.13 0.03 -0.08 0.21 0.50 0.79 0.76
-0.43 -0.55 -0.68 -0.36 -0.05 -0.08 -0.11 -0.12 -0.14 -0.35 -0.56 -0.52 -0.48 -0.44 -0.41 -0.39 -0.38 -0.50 -0.62 -0.71 -0.80 -0.68 -0.56 -0.59 -0.61 -0.59 -0.58 -0.72 -0.86 -0.92 -0.99 -1.01 -1.02 -0.84 -0.66 -0.49 -0.32 -0.41 -0.49 -0.54 -0.59 -0.66 -0.72 -0.76 -0.80 -0.91 -1.03 -0.95 -0.87 -0.77 -0.67 -0.43 -0.19 -0.29 -0.38 -0.16 0.06 0.06 0.06 0.22 0.39 0.47 0.56 0.41 0.25 0.13 0.00 0.05 0.09 0.18 0.27 0.21 0.16 0.07 -0.02 -0.12 -0.22 0.06 0.35 0.33 0.30
0.17 0.05 -0.08 -0.20 0.12 0.09 0.07 0.06 0.04 -0.17 -0.38 -0.60 -0.55 -0.52 -0.48 -0.45 -0.43 -0.55 -0.64 -0.74 -0.83 -0.71 -0.73 -0.75 -0.77 -0.76 -0.74 -0.73 -0.87 -0.94 -0.95 -0.97 -0.98 -0.80 -0.63 -0.46 -0.29 -0.38 -0.47 -0.55 -0.60 -0.67 -0.71 -0.75 -0.78 -0.90 -0.82 -0.74 -0.67 -0.56 -0.46 -0.36 -0.12 -0.22 -0.31 -0.41 -0.19 -0.19 -0.03 0.14 0.30 0.38 0.47 0.56 0.40 0.28 0.15 0.03 0.07 0.16 0.11 0.05 -0.00 -0.09 -0.18 -0.27 -0.37 -0.08 -0.11 -0.13 -0.16
0.77 0.65 0.52 0.40 0.28 0.27 0.25 0.24 0.22 0.01 -0.20 -0.42 -0.63 -0.59 -0.56 -0.52 -0.48 -0.58 -0.67 -0.76 -0.85 -0.87 -0.90 -0.92 -0.94 -0.92 -0.91 -0.89 -0.88 -0.89 -0.91 -0.92 -0.94 -0.77 -0.60 -0.43 -0.26 -0.35 -0.44 -0.52 -0.61 -0.65 -0.69 -0.73 -0.77 -0.69 -0.62 -0.54 -0.46 -0.36 -0.26 -0.15 -0.05 -0.15 -0.24 -0.34 -0.44 -0.28 -0.12 0.05 0.21 0.30 0.38 0.47 0.55 0.43 0.30 0.18 0.05 -0.00 -0.06 -0.11 -0.16 -0.25 -0.34 -0.43 -0.52 -0.55 -0.57 -0.59 -0.62
1.12 1.00 0.88 0.76 0.24 0.38 0.37 0.36 0.34 0.17 -0.04 -0.25 -0.47 -0.43 -0.39 -0.36 -0.42 -0.65 -0.74 -0.83 -0.92 -0.88 -0.90 -0.92 -0.94 -0.93 -0.91 -0.90 -0.71 -0.90 -0.91 -0.93 -0.94 -0.70 -0.53 -0.35 -0.18 -0.27 -0.36 -0.45 -0.29 -0.32 -0.35 -0.39 -0.43 -0.35 -0.28 -0.20 -0.13 -0.02 0.08 0.19 0.15 0.04 -0.05 -0.15 -0.25 -0.04 0.13 0.29 0.45 0.54 0.62 0.71 0.66 0.53 0.41 0.28 -0.02 -0.15 -0.20 -0.26 -0.31 -0.40 -0.49 -0.58 -0.38 -0.20 -0.23 -0.25 -0.28
1.48 1.36 1.23 0.72 0.20 0.34 0.49 0.47 0.46 0.29 0.12 -0.09 -0.30 -0.27 -0.23 -0.30 -0.36 -0.59 -0.81 -0.90 -0.99 -0.95 -0.91 -0.93 -0.95 -0.93 -0.92 -0.73 -0.53 -0.72 -0.91 -0.93 -0.94 -0.70 -0.45 -0.28 -0.11 -0.20 -0.29 -0.13 0.02 0.00 -0.02 -0.06 -0.09 -0.02 0.06 0.14 0.21 0.32 0.42 0.38 0.34 0.24 0.14 0.04 -0.06 0.15 0.37 0.53 0.69 0.78 0.86 0.81 0.76 0.64 0.51 0.20 -0.10 -0.23 -0.35 -0.40 -0.46 -0.55 -0.64 -0.44 -0.24 -0.06 0.11 0.09 0.06
1.83 1.71 1.19 0.68 0.16 0.30 0.45 0.59 0.58 0.41 0.24 0.08 -0.14 -0.10 -0.17 -0.24 -0.30 -0.53 -0.75 -0.97 -1.06 -1.02 -0.97 -0.93 -0.95 -0.94 -0.75 -0.55 -0.36 -0.55 -0.74 -0.93 -0.95 -0.70 -0.45 -0.21 -0.04 -0.13 0.03 0.19 0.34 0.32 0.30 0.28 0.24 0.32 0.40 0.47 0.55 0.65 0.62 0.58 0.54 0.44 0.33 0.23 0.13 0.34 0.56 0.77 0.93 1.02 0.97 0.92 0.87 0.74 0.43 0.13 -0.18 -0.30 -0.43 -0.55 -0.60 -0.69 -0.49 -0.29 -0.09 0.08 0.25 0.43 0.40
2.19 1.67 1.15 0.63 0.12 0.26 0.41 0.55 0.70 0.53 0.36 0.19 0.03 -0.04 -0.11 -0.18 -0.24 -0.46 -0.69 -0.91 -1.13 -1.09 -1.04 -1.00 -0.96 -0.77 -0.57 -0.38 -0.19 -0.38 -0.57 -0.76 -0.95 -0.70 -0.46 -0.21 0.03 0.19 0.35 0.51 0.66 0.64 0.62 0.60 0.58 0.66 0.73 0.81 0.89 0.85 0.81 0.77 0.73 0.63 0.53 0.42 0.32 0.53 0.75 0.96 1.17 1.12 1.07 1.02 0.97 0.66 0.36 0.05 -0.26 -0.38 -0.50 -0.63 -0.75 -0.55 -0.35 -0.15 0.05 0.22 0.40 0.57 0.74
2.18 1.67 1.15 0.63 0.18 0.33 0.47 0.62 0.86 0.69 0.52 0.35 0.23 0.09 0.03 -0.04 -0.11 -0.46 -0.69 -0.91 -1.13 -1.09 -1.04 -1.00 -0.86 -0.67 -0.48 -0.28 0.07 -0.02 -0.21 -0.40 -0.59 -0.35 -0.10 0.14 0.34 0.38 0.54 0.69 0.85 0.83 0.81 0.79 0.58 0.66 0.73 0.81 0.62 0.67 0.63 0.59 0.55 0.70 0.60 0.49 0.39 0.31 0.52 0.73 0.95 0.90 0.84 0.79 0.72 0.41 0.11 -0.20 -0.29 -0.38 -0.51 -0.63 -0.75 -0.55 -0.35 -0.15 0.11 0.05 0.22 0.40 0.57
2.18 1.66 1.14 0.70 0.25 0.39 0.54 0.78 1.02 0.85 0.68 0.56 0.44 0.30 0.16 0.09 0.03 -0.33 -0.69 -0.91 -1.13 -1.09 -1.04 -0.91 -0.77 -0.58 -0.38 -0.03 0.32 0.23 0.14 -0.05 -0.24 0.01 0.25 0.45 0.65 0.69 0.73 0.88 1.04 1.02 1.00 0.79 0.58 0.65 0.73 0.54 0.35 0.40 0.45 0.41 0.37 0.52 0.66 0.56 0.46 0.37 0.29 0.50 0.72 0.67 0.62 0.54 0.47 0.16 -0.14 -0.23 -0.32 -0.42 -0.51 -0.63 -0.76 -0.56 -0.36 -0.09 0.18 0.11 0.05 0.23 0.40
2.18 1.66 1.21 0.76 0.31 0.46 0.70 0.94 1.18 1.01 0.89 0.77 0.65 0.51 0.37 0.23 0.16 -0.20 -0.55 -0.91 -1.13 -1.09 -0.95 -0.81 -0.68 -0.48 -0.13 0.22 0.58 0.49 0.40 0.31 0.12 0.36 0.56 0.76 0.95 0.99 1.03 1.07 1.23 1.21 1.00 0.79 0.58 0.65 0.46 0.27 0.09 0.13 0.18 0.23 0.19 0.33 0.48 0.63 0.52 0.44 0.36 0.28 0.49 0.44 0.37 0.29 0.22 -0.09 -0.18 -0.27 -0.36 -0.45 -0.54 -0.64 -0.76 -0.56 -0.29 -0.03 0.24 0.18 0.12 0.05 0.23
2.17 1.72 1.28 0.83 0.38 0.62 0.86 1.10 1.34 1.22 1.10 0.98 0.86 0.72 0.58 0.43 0.29 -0.06 -0.42 -0.77 -1.13 -0.99 -0.86 -0.72 -0.58 -0.23 0.12 0.48 0.83 0.74 0.65 0.56 0.47 0.67 0.87 1.06 1.26 1.30 1.34 1.38 1.42 1.21 1.00 0.79 0.57 0.39 0.20 0.01 -0.18 -0.14 -0.09 -0.04 0.01 0.15 0.30 0.45 0.59 0.51 0.43 0.34 0.26 0.19 0.12 0.04 -0.03 -0.12 -0.21 -0.30 -0.39 -0.48 -0.58 -0.67 -0.76 -0.50 -0.23 0.04 0.30 0.24 0.18 0.12 0.05
2.19 1.94 1.50 1.05 0.60 0.84 1.08 1.32 1.21 1.09 0.97 0.85 0.75 0.77 0.63 0.49 0.35 0.09 -0.27 -0.62 -0.98 -0.94 -0.80 -0.67 -0.53 -0.18 0.18 0.53 0.71 0.62 0.53 0.44 0.52 0.68 0.87 1.07 1.27 1.31 1.35 1.39 1.35 1.29 1.08 0.87 0.66 0.47 0.28 0.09 0.05 0.04 0.09 0.14 0.18 0.33 0.48 0.63 0.58 0.50 0.42 0.34 -0.01 0.30 0.22 0.15 0.08 -0.04 -0.13 -0.22 -0.31 -0.41 -0.50 -0.59 -0.93 -0.32 -0.05 0.21 0.48 0.42 0.35 0.29 0.20
2.20 1.96 1.71 1.27 0.82 1.06 1.30 1.19 1.08 0.96 0.84 0.74 0.65 0.66 0.68 0.54 0.40 0.14 -0.11 -0.47 -0.82 -0.79 -0.75 -0.61 -0.48 -0.12 0.23 0.41 0.60 0.51 0.42 0.49 0.57 0.73 0.88 1.08 1.28 1.32 1.36 1.32 1.28 1.22 1.16 0.95 0.74 0.55 0.36 0.33 0.29 0.28 0.27 0.32 0.36 0.51 0.66 0.62 0.58 0.49 0.41 0.07 -0.27 0.03 0.33 0.26 0.19 0.06 -0.06 -0.15 -0.24 -0.33 -0.43 -0.76 -1.10 -0.49 0.12 0.39 0.65 0.59 0.53 0.43 0.34
2.22 1.97 1.73 1.49 1.04 1.28 1.17 1.06 0.95 0.83 0.73 0.64 0.54 0.56 0.58 0.59 0.45 0.20 -0.06 -0.32 -0.67 -0.63 -0.60 -0.56 -0.42 -0.07 0.11 0.30 0.48 0.39 0.47 0.54 0.62 0.78 0.93 1.09 1.28 1.32 1.29 1.25 1.22 1.16 1.10 1.04 0.83 0.64 0.60 0.56 0.52 0.51 0.50 0.50 0.54 0.69 0.65 0.61 0.57 0.48 0.14 -0.20 -0.54 -0.24 0.07 0.37 0.29 0.17 0.05 -0.07 -0.16 -0.26 -0.60 -0.94 -1.27 -0.66 -0.05 0.56 0.83 0.76 0.67 0.58 0.48
2.23 1.99 1.74 1.50 1.26 1.15 1.04 0.93 0.82 0.72 0.63 0.53 0.43 0.45 0.47 0.49 0.51 0.25 -0.01 -0.26 -0.52 -0.48 -0.45 -0.41 -0.37 -0.19 -0.00 0.18 0.37 0.44 0.52 0.59 0.67 0.83 0.98 1.14 1.29 1.26 1.22 1.18 1.15 1.09 1.03 0.97 0.91 0.87 0.83 0.80 0.76 0.75 0.74 0.73 0.72 0.68 0.64 0.60 0.56 0.22 -0.12 -0.46 -0.80 -0.50 -0.20 0.10 0.40 0.28 0.16 0.03 -0.09 -0.43 -0.77 -1.11 -1.44 -0.83 -0.22 0.39 1.00 0.91 0.81 0.72 0.63
1.27 1.99 1.75 1.51 1.26 1.15 1.05 0.94 0.72 0.70 0.60 0.51 0.41 0.43 0.45 0.47 0.48 0.22 -0.03 -0.29 -0.60 -0.57 -0.53 -0.49 -0.49 -0.26 -0.07 0.11 0.30 0.37 0.45 0.52 0.62 0.77 0.93 1.09 1.12 1.08 1.05 1.01 0.97 0.96 0.90 0.84 0.78 0.74 0.70 0.67 0.69 0.68 0.67 0.66 0.66 0.75 0.71 0.67 0.63 0.29 -0.05 -0.39 -0.84 -0.28 0.02 0.32 0.62 0.59 0.47 0.35 0.22 -0.12 -0.45 -0.79 -1.72 -0.86 -0.25 0.37 0.98 0.88 0.79 0.70 0.60
0.31 1.04 1.76 1.51 1.27 1.16 1.05 0.84 0.63 0.61 0.58 0.49 0.39 0.41 0.43 0.44 0.45 0.19 -0.06 -0.38 -0.69 -0.65 -0.62 -0.61 -0.60 -0.37 -0.14 0.04 0.22 0.30 0.38 0.47 0.57 0.72 0.88 0.92 0.95 0.91 0.87 0.83 0.80 0.78 0.77 0.71 0.65 0.61 0.57 0.60 0.62 0.62 0.61 0.60 0.59 0.68 0.78 0.74 0.70 0.36 0.02 -0.43 -0.88 -0.32 0.24 0.54 0.84 0.81 0.78 0.66 0.54 0.20 -0.14 -1.07 -2.00 -1.14 -0.27 0.34 0.95 0.86 0.77 0.67 0.56
-0.65 0.08 0.80 1.52 1.28 1.17 0.96 0.75 0.53 0.51 0.49 0.46 0.37 0.39 0.40 0.41 0.42 0.17 -0.15 -0.46 -0.77 -0.74 -0.73 -0.72 -0.72 -0.49 -0.26 -0.03 0.15 0.23 0.33 0.42 0.52 0.67 0.71 0.75 0.78 0.74 0.70 0.66 0.62 0.61 0.59 0.58 0.52 0.48 0.51 0.53 0.56 0.55 0.54 0.53 0.52 0.62 0.71 0.81 0.77 0.43 -0.02 -0.47 -0.91 -0.36 0.20 0.76 1.06 1.03 1.00 0.97 0.85 0.51 -0.42 -1.35 -2.28 -1.41 -0.55 0.32 0.93 0.84 0.73 0.63 0.53
-1.60 -0.88 -0.16 0.56 1.28 1.07 0.86 0.65 0.44 0.42 0.39 0.37 0.35 0.36 0.37 0.38 0.40 0.08 -0.23 -0.54 -0.86 -0.85 -0.84 -0.84 -0.83 -0.60 -0.37 -0.15 0.08 0.18 0.27 0.37 0.47 0.50 0.54 0.58 0.61 0.57 0.53 0.49 0.45 0.43 0.42 0.40 0.39 0.42 0.44 0.47 0.49 0.48 0.47 0.47 0.46 0.55 0.65 0.74 0.84 0.39 -0.06 -0.50 -0.95 -0.39 0.17 0.72 1.28 1.25 1.22 1.19 1.16 0.23 -0.70 -1.63 -2.56 -1.69 -0.83 0.04 0.91 0.80 0.70 0.60 0.50
-2.40 -0.12 0.60 1.32 2.04 1.67 1.46 1.25 1.04 1.02 0.99 0.97 0.57 0.42 0.43 0.44 0.46 0.22 -0.09 -0.41 -0.72 -0.71 -0.71 -0.70 -0.53 -0.73 -0.50 -0.27 -0.04 0.05 0.15 0.25 0.18 0.22 0.26 0.29 0.35 0.33 0.29 0.25 0.21 0.51 0.50 0.48 0.47 0.49 0.52 0.55 0.26 0.25 0.24 0.23 0.02 0.44 0.53 0.63 0.72 0.28 -0.17 -0.62 -0.89 -0.75 -0.19 0.37 0.92 0.89 0.87 0.84 1.79 0.86 -0.07 -1.00 -2.44 -1.57 -0.70 0.16 0.76 1.16 1.06 0.96 0.85
-3.20 -0.92 1.36 2.08 2.80 2.43 2.06 1.85 1.64 1.61 1.59 1.19 0.78 0.64 0.49 0.50 0.51 0.28 0.04 -0.27 -0.58 -0.58 -0.57 -0.40 -0.24 -0.43 -0.62 -0.40 -0.17 -0.07 0.02 -0.04 -0.10 -0.06 -0.02 0.03 0.09 0.07 0.05 0.01 -0.03 0.27 0.58 0.56 0.55 0.57 0.60 0.31 0.03 0.02 0.01 -0.20 -0.42 0.00 0.42 0.52 0.61 0.16 -0.28 -0.56 -0.84 -0.69 -0.55 0.01 0.57 0.54 0.51 1.46 2.42 1.48 0.55 -0.88 -2.31 -1.45 -0.58 0.02 0.62 1.01 1.41 1.31 1.21
-4.00 -1.72 0.56 2.84 3.56 3.19 2.82 2.45 2.24 2.21 1.81 1.41 1.00 0.86 0.71 0.56 0.57 0.34 0.10 -0.13 -0.45 -0.44 -0.27 -0.11 0.06 -0.13 -0.33 -0.52 -0.29 -0.20 -0.26 -0.32 -0.38 -0.34 -0.29 -0.23 -0.18 -0.19 -0.21 -0.23 -0.27 0.03 0.34 0.64 0.63 0.65 0.37 0.08 -0.20 -0.21 -0.43 -0.64 -0.85 -0.43 -0.02 0.40 0.50 0.05 -0.23 -0.51 -0.78 -0.64 -0.49 -0.35 0.21 0.18 1.14 2.09 3.04 2.11 0.68 -0.76 -2.19 -1.32 -0.72 -0.13 0.47 0.87 1.27 1.67 1.57
-4.79 -2.52 -0.24 2.04 4.32 3.95 3.58 3.21 2.84 2.43 2.03 1.63 1.22 1.08 0.93 0.78 0.63 0.40 0.16 -0.07 -0.31 -0.14 0.02 0.19 0.36 0.16 -0.03 -0.23 -0.42 -0.48 -0.54 -0.60 -0.66 -0.61 -0.55 -0.49 -0.44 -0.46 -0.47 -0.49 -0.51 -0.21 0.10 0.40 0.71 0.42 0.14 -0.15 -0.44 -0.65 -0.86 -1.07 -1.29 -0.87 -0.45 -0.03 0.38 0.11 -0.17 -0.45 -0.73 -0.58 -0.44 -0.29 -0.15 0.81 1.76 2.71 3.67 2.23 0.80 -0.63 -2.06 -1.47 -0.87 -0.27 0.32 0.72 1.12 1.52 1.92
-5.08 -2.28 0.00 2.28 4.56 4.19 3.82 3.45 2.31 1.82 1.42 1.02 0.61 0.96 0.81 0.66 0.51 0.66 0.42 0.18 -0.05 0.11 0.28 0.45 0.75 0.55 0.36 0.16 -0.24 -0.11 -0.17 -0.23 -0.30 -0.43 -0.38 -0.32 -0.27 -0.28 -0.30 -0.32 -0.55 -0.24 0.06 0.37 0.74 0.07 -0.21 -0.50 -0.78 -0.37 -0.58 -0.79 -1.01 -0.59 -0.17 0.25 0.48 0.17 -0.11 -0.39 -0.67 -0.52 -0.38 -0.23 -0.70 0.24 1.19 2.15 3.10 2.40 0.97 -0.46 -1.90 -1.30 -0.70 -0.10 -0.62 -0.22 0.18 0.58 3.48
-5.36 -2.56 0.24 2.52 4.80 4.43 4.06 2.92 1.78 1.30 0.81 0.41 0.00 0.35 0.69 0.54 0.39 0.53 0.68 0.44 0.20 0.37 0.54 0.84 1.14 0.94 0.75 0.34 -0.06 0.07 0.19 0.13 0.07 -0.07 -0.21 -0.15 -0.10 -0.11 -0.13 -0.36 -0.58 -0.28 0.03 0.40 0.77 0.11 -0.56 -0.85 -1.13 -0.72 -0.30 -0.51 -0.73 -0.31 0.11 0.35 0.58 0.27 -0.05 -0.33 -0.61 -0.46 -0.31 -0.78 -1.25 -0.31 0.63 1.58 2.54 1.84 1.14 -0.30 -1.73 -1.13 -0.53 -1.05 -1.56 -1.16 -0.76 2.14 5.05
-5.64 -2.84 -0.04 2.76 5.04 4.67 3.53 2.39 1.26 0.77 0.28 -0.20 -0.61 -0.27 0.08 0.42 0.27 0.41 0.56 0.70 0.46 0.63 0.93 1.23 1.53 1.33 0.93 0.52 0.12 0.24 0.37 0.50 0.44 0.30 0.16 0.02 0.08 0.06 -0.17 -0.39 -0.62 -0.31 0.06 0.43 0.81 0.14 -0.53 -1.20 -1.48 -1.07 -0.65 -0.23 -0.44 -0.03 0.21 0.44 0.68 0.36 0.05 -0.27 -0.54 -0.40 -0.87 -1.34 -1.81 -0.87 0.07 1.02 1.97 1.27 0.57 -0.13 -1.56 -0.96 -1.48 -1.99 -2.50 -2.10 0.80 3.70 6.61
-5.92 -3.12 -0.32 2.48 5.28 4.14 3.00 1.87 0.73 0.24 -0.24 -0.73 -1.22 -0.88 -0.53 -0.19 0.15 0.29 0.43 0.58 0.72 1.02 1.32 1.62 1.91 1.51 1.11 0.70 0.30 0.42 0.55 0.68 0.80 0.66 0.53 0.39 0.25 0.02 -0.20 -0.43 -0.65 -0.28 0.09 0.47 0.84 0.17 -0.50 -1.16 -1.83 -1.41 -1.00 -0.58 -0.16 0.07 0.31 0.54 0.78 0.46 0.15 -0.17 -0.48 -0.95 -1.42 -1.89 -2.36 -1.42 -0.48 0.46 1.40 0.70 0.00 -0.69 -1.39 -1.91 -2.42 -2.93 -3.45 -0.54 2.36 5.27 8.17
-6.40 -3.60 -0.80 2.00 5.57 4.32 3.19 2.05 0.91 0.66 0.18 -0.31 -0.80 -0.46 -0.11 0.23 0.64 0.79 0.93 1.07 0.47 -0.05 0.25 0.55 0.85 0.25 -0.15 -0.56 -0.96 -0.72 -0.59 -0.47 -0.34 -0.24 -0.38 -0.52 -0.66 -0.88 -1.11 -1.33 -0.84 -0.28 0.09 0.47 0.84 -0.10 -0.76 -1.43 -2.10 -1.68 -1.26 -0.85 0.70 0.49 0.72 0.96 1.19 1.10 0.78 0.46 0.15 -0.32 -0.79 -1.26 -1.59 -1.68 -0.74 0.20 1.14 0.45 -0.25 -0.95 1.16 -2.70 -3.21 -3.72 -4.24 -1.29 1.61 4.52 7.42
