test/esri_led_0/equivalent_source_led_0.esri
nrows             255
ncols             231
xllcorner      398000.00
yllcorner     7846000.00
cellsize         1000.00
NODATA_value    -9999
[rows 144 to 179 of 255, columns 0 to 80 of 231]
0.77 -0.06 -0.90 -0.78 -0.67 -1.07 -1.47 -1.22 -0.97 -1.13 -1.30 -0.78 -0.27 -0.02 0.23 0.32 0.41 0.39 0.37 0.29 0.21 0.43 0.65 0.56 0.47 0.40 0.34 0.15 -0.03 -0.21 -0.38 -0.22 -0.07 0.06 0.19 0.11 0.03 0.13 0.23 0.13 0.03 -0.02 -0.08 0.11 0.29 0.43 0.56 0.59 0.62 0.73 0.84 0.81 0.79 0.74 0.70 0.77 0.84 0.97 1.10 0.93 0.76 0.39 0.02 -0.18 -0.39 -0.62 -0.85 -0.81 -0.77 -0.43 -0.09 0.13 0.35 0.14 -0.07 0.01 0.08 0.39 0.71 0.67 0.64
0.53 -0.30 -1.14 -1.97 -1.86 -2.26 -2.01 -1.76 -1.51 -1.68 -1.16 -0.64 -0.13 0.12 0.21 0.30 0.39 0.37 0.29 0.20 0.12 0.35 0.57 0.79 0.70 0.64 0.57 0.51 0.32 0.15 -0.03 -0.20 -0.05 0.08 0.00 -0.08 -0.16 -0.06 0.04 0.14 0.04 -0.01 0.17 0.36 0.54 0.68 0.81 0.95 0.98 1.09 1.20 1.31 1.28 1.23 1.19 1.14 1.21 1.34 1.17 1.00 0.83 0.46 0.09 -0.28 -0.48 -0.71 -0.67 -0.64 -0.60 -0.26 0.08 0.43 0.65 0.44 0.23 0.03 0.10 0.41 0.73 1.04 1.01
0.29 -0.55 -1.38 -2.22 -3.05 -2.80 -2.55 -2.30 -2.05 -1.54 -1.02 -0.50 0.01 0.10 0.19 0.28 0.37 0.29 0.20 0.12 0.04 0.26 0.49 0.71 0.93 0.87 0.81 0.74 0.68 0.50 0.33 0.15 -0.02 -0.11 -0.19 -0.27 -0.35 -0.25 -0.15 -0.05 0.06 0.24 0.43 0.61 0.79 0.93 1.06 1.20 1.34 1.44 1.55 1.66 1.77 1.73 1.68 1.63 1.59 1.42 1.25 1.08 0.91 0.54 0.17 -0.20 -0.57 -0.54 -0.50 -0.46 -0.43 -0.09 0.26 0.60 0.94 0.74 0.53 0.32 0.12 0.43 0.75 1.06 1.38
0.52 -0.31 -1.15 -1.98 -2.40 -2.13 -1.88 -1.63 -1.38 -1.41 -0.89 -0.37 0.14 -0.02 0.07 0.16 0.25 0.17 0.08 0.00 0.04 0.06 0.29 0.51 0.73 0.67 0.61 0.54 0.58 0.56 0.38 0.21 0.03 -0.05 -0.13 -0.22 -0.16 -0.15 -0.05 0.05 0.15 0.34 0.52 0.70 0.66 0.79 0.93 1.06 1.07 1.18 1.29 1.40 1.51 1.47 1.42 1.37 1.23 1.05 0.88 0.71 0.54 0.17 -0.20 -0.57 -0.74 -0.57 -0.53 -0.50 -0.46 -0.18 0.17 0.51 0.85 0.65 0.44 0.23 -0.05 0.26 0.58 0.89 1.01
0.76 -0.08 -0.91 -1.33 -1.76 -1.48 -1.21 -0.96 -0.71 -0.73 -0.76 -0.24 0.27 0.11 -0.05 0.04 0.13 0.04 -0.04 0.00 0.04 0.06 0.09 0.31 0.53 0.47 0.41 0.45 0.49 0.46 0.43 0.26 0.08 0.00 -0.08 -0.03 0.03 0.03 0.04 0.14 0.25 0.43 0.61 0.57 0.52 0.66 0.79 0.80 0.81 0.92 1.03 1.14 1.25 1.21 1.16 1.01 0.87 0.69 0.50 0.33 0.16 -0.21 -0.58 -0.74 -0.91 -0.74 -0.57 -0.53 -0.50 -0.21 0.08 0.42 0.76 0.56 0.35 0.07 -0.22 0.09 0.41 0.52 0.64
0.99 0.15 -0.27 -0.69 -1.11 -0.83 -0.56 -0.28 -0.03 -0.06 -0.09 -0.11 0.40 0.24 0.08 -0.08 0.01 -0.08 -0.04 0.00 0.04 0.07 0.09 0.11 0.33 0.27 0.31 0.35 0.39 0.37 0.34 0.31 0.14 0.05 0.11 0.16 0.21 0.22 0.23 0.24 0.34 0.52 0.48 0.43 0.39 0.52 0.53 0.54 0.55 0.66 0.77 0.88 0.99 0.95 0.80 0.65 0.50 0.32 0.14 -0.04 -0.21 -0.58 -0.74 -0.91 -1.07 -0.90 -0.74 -0.57 -0.53 -0.24 0.04 0.33 0.68 0.47 0.18 -0.10 -0.39 -0.07 0.04 0.15 0.27
1.22 0.80 0.38 -0.04 -0.46 -0.18 0.09 0.36 0.64 0.61 0.59 0.56 0.53 0.37 0.21 0.05 -0.12 -0.08 -0.04 0.00 0.04 0.07 0.09 0.11 0.13 0.17 0.22 0.26 0.30 0.27 0.24 0.22 0.19 0.24 0.30 0.35 0.40 0.41 0.42 0.43 0.43 0.39 0.34 0.30 0.25 0.26 0.27 0.28 0.29 0.40 0.51 0.62 0.73 0.58 0.44 0.29 0.14 -0.04 -0.22 -0.40 -0.58 -0.74 -0.91 -1.08 -1.24 -1.07 -0.90 -0.73 -0.56 -0.28 0.01 0.30 0.59 0.30 0.01 -0.27 -0.56 -0.44 -0.33 -0.22 -0.10
0.86 0.82 0.40 -0.02 -0.44 -0.20 0.08 0.35 0.63 0.42 0.40 0.37 0.34 0.18 0.02 -0.14 -0.07 0.14 0.18 0.22 0.26 0.29 0.31 0.33 -0.05 -0.00 0.04 0.08 0.14 0.11 0.08 0.05 0.06 0.08 0.14 0.19 0.24 0.25 0.26 0.27 0.32 0.33 0.28 0.24 0.19 0.19 0.20 0.21 0.22 0.29 0.40 0.51 0.62 0.47 0.33 0.18 0.06 -0.12 -0.31 -0.49 -0.54 -0.54 -0.70 -0.87 -1.03 -1.14 -0.97 -0.80 -0.63 -0.35 -0.06 0.23 0.28 0.34 0.06 -0.23 -0.52 -0.41 -0.30 -0.19 -0.07
0.49 0.46 0.42 0.00 -0.42 -0.18 0.06 0.34 0.61 0.41 0.20 0.18 0.15 -0.01 -0.17 -0.10 -0.03 0.19 0.40 0.44 0.48 0.51 0.53 0.15 -0.22 -0.18 -0.14 -0.08 -0.03 -0.05 -0.08 -0.08 -0.08 -0.05 -0.02 0.03 0.09 0.10 0.10 0.15 0.21 0.21 0.22 0.18 0.13 0.13 0.13 0.14 0.15 0.22 0.29 0.40 0.51 0.36 0.21 0.09 -0.03 -0.21 -0.39 -0.45 -0.50 -0.50 -0.49 -0.66 -0.82 -0.93 -1.04 -0.87 -0.70 -0.42 -0.13 -0.08 -0.03 0.03 0.10 -0.19 -0.47 -0.37 -0.27 -0.16 -0.04
0.13 0.09 0.06 0.02 -0.40 -0.16 0.08 0.32 0.60 0.40 0.19 -0.01 -0.04 -0.20 -0.13 -0.05 0.02 0.23 0.45 0.66 0.70 0.72 0.35 -0.03 -0.40 -0.36 -0.30 -0.25 -0.19 -0.22 -0.21 -0.21 -0.21 -0.18 -0.15 -0.12 -0.07 -0.06 -0.01 0.04 0.09 0.10 0.11 0.11 0.07 0.07 0.07 0.06 0.07 0.15 0.22 0.29 0.40 0.25 0.13 0.00 -0.12 -0.30 -0.35 -0.41 -0.46 -0.46 -0.45 -0.45 -0.62 -0.72 -0.83 -0.94 -0.77 -0.48 -0.44 -0.39 -0.34 -0.27 -0.21 -0.15 -0.43 -0.33 -0.23 -0.13 -0.01
-0.24 -0.27 -0.31 -0.34 -0.38 -0.14 0.10 0.34 0.59 0.38 0.18 -0.03 -0.23 -0.16 -0.08 -0.01 0.07 0.28 0.49 0.71 0.92 0.55 0.17 -0.20 -0.58 -0.52 -0.47 -0.41 -0.35 -0.35 -0.35 -0.34 -0.34 -0.31 -0.28 -0.26 -0.23 -0.18 -0.13 -0.07 -0.02 -0.01 -0.01 -0.00 0.01 0.01 0.00 0.00 0.00 0.07 0.14 0.22 0.29 0.16 0.04 -0.08 -0.21 -0.26 -0.32 -0.37 -0.42 -0.42 -0.42 -0.41 -0.41 -0.52 -0.62 -0.73 -0.84 -0.79 -0.74 -0.70 -0.65 -0.58 -0.52 -0.46 -0.39 -0.29 -0.19 -0.09 0.02
-0.08 -0.12 -0.16 -0.19 -0.42 -0.26 -0.02 0.22 0.46 0.25 0.05 -0.15 -0.13 -0.16 -0.09 -0.01 0.06 0.27 0.49 0.70 0.74 0.55 0.18 -0.20 -0.57 -0.52 -0.46 -0.40 -0.16 -0.16 -0.16 -0.16 -0.24 -0.41 -0.39 -0.36 -0.33 -0.28 -0.23 -0.18 0.01 0.01 0.02 0.03 0.16 0.12 0.12 0.12 0.12 0.19 0.26 0.33 0.37 0.15 0.03 -0.09 -0.22 -0.33 -0.39 -0.44 -0.50 -0.49 -0.49 -0.49 -0.32 -0.43 -0.54 -0.65 -0.72 -0.69 -0.64 -0.59 -0.54 -0.44 -0.38 -0.31 -0.25 -0.15 -0.04 0.06 0.13
0.07 0.03 -0.01 -0.23 -0.45 -0.30 -0.15 0.09 0.33 0.13 -0.08 -0.05 -0.02 -0.06 -0.09 -0.02 0.05 0.27 0.48 0.52 0.56 0.37 0.18 -0.19 -0.57 -0.51 -0.45 -0.21 0.02 0.03 0.03 -0.05 -0.14 -0.31 -0.49 -0.46 -0.43 -0.38 -0.33 -0.15 0.04 0.04 0.05 0.18 0.30 0.27 0.23 0.23 0.23 0.30 0.37 0.41 0.45 0.24 0.02 -0.10 -0.23 -0.34 -0.46 -0.52 -0.57 -0.57 -0.56 -0.40 -0.24 -0.35 -0.46 -0.52 -0.59 -0.56 -0.53 -0.49 -0.44 -0.34 -0.23 -0.17 -0.11 -0.00 0.10 0.17 0.24
0.22 0.18 -0.04 -0.27 -0.49 -0.34 -0.19 -0.04 0.20 0.00 0.03 0.05 0.08 0.05 0.01 -0.03 0.05 0.26 0.30 0.34 0.39 0.20 0.01 -0.19 -0.56 -0.50 -0.26 -0.03 0.21 0.21 0.13 0.05 -0.04 -0.21 -0.39 -0.56 -0.53 -0.48 -0.30 -0.12 0.07 0.07 0.20 0.33 0.45 0.42 0.38 0.35 0.34 0.42 0.45 0.49 0.53 0.32 0.10 -0.11 -0.24 -0.35 -0.47 -0.59 -0.64 -0.64 -0.48 -0.32 -0.16 -0.26 -0.33 -0.40 -0.46 -0.44 -0.41 -0.38 -0.33 -0.23 -0.13 -0.03 0.04 0.14 0.21 0.28 0.35
0.37 0.14 -0.08 -0.31 -0.53 -0.38 -0.23 -0.07 0.08 0.10 0.13 0.16 0.19 0.15 0.11 0.08 0.04 0.08 0.12 0.17 0.21 0.02 -0.17 -0.36 -0.55 -0.32 -0.08 0.16 0.40 0.32 0.23 0.15 0.06 -0.11 -0.29 -0.46 -0.64 -0.45 -0.27 -0.09 0.10 0.22 0.35 0.48 0.60 0.57 0.53 0.49 0.46 0.50 0.54 0.58 0.61 0.40 0.18 -0.03 -0.24 -0.36 -0.48 -0.60 -0.72 -0.56 -0.39 -0.23 -0.07 -0.14 -0.20 -0.27 -0.34 -0.31 -0.28 -0.26 -0.23 -0.13 -0.02 0.08 0.18 0.25 0.32 0.39 0.46
0.30 0.23 0.00 -0.22 -0.45 -0.39 -0.24 -0.08 0.07 0.09 0.12 0.15 0.19 0.06 0.02 -0.02 -0.05 -0.01 0.03 0.07 0.11 -0.08 -0.27 -0.46 -0.55 -0.53 -0.29 -0.05 0.19 0.10 0.02 -0.07 -0.00 -0.18 -0.35 -0.53 -0.66 -0.46 -0.27 -0.09 0.09 0.15 0.28 0.40 0.53 0.50 0.46 0.42 0.39 0.51 0.55 0.59 0.63 0.50 0.29 0.07 -0.14 -0.27 -0.38 -0.50 -0.62 -0.46 -0.30 -0.14 -0.06 -0.10 -0.16 -0.23 -0.30 -0.27 -0.24 -0.21 -0.11 -0.01 0.09 0.20 0.21 0.21 0.28 0.35 0.42
0.24 0.16 0.08 -0.14 -0.36 -0.31 -0.25 -0.10 0.06 0.08 0.11 0.15 0.18 0.06 -0.07 -0.11 -0.14 -0.10 -0.06 -0.02 0.01 -0.18 -0.37 -0.46 -0.55 -0.53 -0.50 -0.26 -0.03 -0.11 -0.19 -0.13 -0.07 -0.25 -0.42 -0.55 -0.67 -0.48 -0.28 -0.10 0.09 0.15 0.21 0.33 0.46 0.42 0.39 0.35 0.32 0.44 0.57 0.61 0.65 0.52 0.39 0.18 -0.04 -0.16 -0.29 -0.41 -0.52 -0.36 -0.20 -0.12 -0.04 -0.08 -0.12 -0.19 -0.25 -0.23 -0.20 -0.10 0.01 0.11 0.21 0.23 0.25 0.24 0.24 0.31 0.38
0.18 0.10 0.02 -0.06 -0.28 -0.22 -0.16 -0.11 0.05 0.07 0.11 0.15 0.18 0.06 -0.07 -0.20 -0.24 -0.19 -0.16 -0.12 -0.09 -0.28 -0.37 -0.45 -0.54 -0.52 -0.50 -0.48 -0.24 -0.32 -0.26 -0.20 -0.14 -0.31 -0.44 -0.57 -0.69 -0.50 -0.30 -0.10 0.08 0.14 0.20 0.26 0.39 0.35 0.32 0.28 0.25 0.38 0.50 0.63 0.67 0.54 0.41 0.28 0.07 -0.06 -0.18 -0.31 -0.43 -0.26 -0.19 -0.11 -0.03 -0.07 -0.11 -0.15 -0.21 -0.19 -0.08 0.02 0.13 0.23 0.25 0.26 0.28 0.28 0.27 0.27 0.34
0.12 0.04 -0.04 -0.12 -0.20 -0.14 -0.08 -0.02 0.04 0.07 0.11 0.15 0.18 0.06 -0.07 -0.20 -0.33 -0.29 -0.26 -0.22 -0.18 -0.27 -0.36 -0.45 -0.54 -0.52 -0.50 -0.47 -0.45 -0.39 -0.33 -0.27 -0.20 -0.33 -0.46 -0.58 -0.71 -0.51 -0.32 -0.12 0.08 0.14 0.20 0.26 0.32 0.28 0.25 0.21 0.18 0.31 0.43 0.56 0.68 0.55 0.43 0.30 0.17 0.05 -0.08 -0.20 -0.33 -0.25 -0.17 -0.10 -0.02 -0.06 -0.10 -0.13 -0.17 -0.07 0.04 0.14 0.25 0.26 0.28 0.30 0.31 0.31 0.31 0.30 0.30
-0.11 -0.18 -0.26 -0.34 -0.18 -0.12 -0.07 -0.01 -0.05 -0.08 -0.04 -0.01 0.03 -0.00 -0.13 -0.26 -0.39 -0.35 -0.31 -0.28 -0.30 -0.28 -0.37 -0.46 -0.55 -0.53 -0.51 -0.48 -0.40 -0.34 -0.28 -0.21 -0.15 -0.24 -0.37 -0.49 -0.62 -0.42 -0.23 -0.03 0.10 0.09 0.15 0.21 0.27 0.24 0.20 0.17 0.14 0.14 0.27 0.39 0.52 0.39 0.26 0.13 0.11 -0.01 -0.14 -0.26 -0.26 -0.22 -0.14 -0.07 0.01 0.07 0.03 -0.01 -0.05 0.03 0.13 0.24 0.34 0.36 0.38 0.39 0.27 0.21 0.21 0.20 0.20
-0.33 -0.41 -0.48 -0.33 -0.17 -0.11 -0.05 -0.09 -0.13 -0.16 -0.20 -0.16 -0.12 -0.15 -0.19 -0.31 -0.44 -0.41 -0.37 -0.39 -0.41 -0.39 -0.38 -0.47 -0.56 -0.54 -0.52 -0.43 -0.34 -0.28 -0.22 -0.16 -0.10 -0.19 -0.28 -0.41 -0.53 -0.33 -0.14 -0.01 0.12 0.11 0.11 0.17 0.23 0.19 0.16 0.13 0.10 0.10 0.10 0.23 0.35 0.23 0.10 0.08 0.05 -0.07 -0.20 -0.19 -0.19 -0.15 -0.11 -0.04 0.04 0.10 0.16 0.12 0.08 0.15 0.23 0.33 0.44 0.45 0.47 0.35 0.23 0.17 0.10 0.10 0.10
-0.55 -0.63 -0.47 -0.31 -0.15 -0.09 -0.13 -0.17 -0.21 -0.24 -0.28 -0.31 -0.27 -0.31 -0.34 -0.37 -0.50 -0.46 -0.48 -0.50 -0.52 -0.51 -0.49 -0.48 -0.57 -0.55 -0.46 -0.37 -0.29 -0.23 -0.17 -0.11 -0.05 -0.14 -0.23 -0.32 -0.44 -0.25 -0.12 0.01 0.14 0.14 0.13 0.12 0.18 0.15 0.12 0.09 0.06 0.06 0.06 0.06 0.19 0.06 0.04 0.02 -0.00 -0.13 -0.13 -0.13 -0.13 -0.09 -0.05 -0.01 0.07 0.13 0.19 0.24 0.20 0.28 0.35 0.43 0.53 0.55 0.43 0.31 0.19 0.13 0.06 -0.00 -0.00
-0.77 -0.61 -0.45 -0.30 -0.14 -0.17 -0.21 -0.25 -0.29 -0.32 -0.36 -0.39 -0.43 -0.46 -0.49 -0.52 -0.56 -0.58 -0.60 -0.62 -0.63 -0.62 -0.61 -0.59 -0.58 -0.49 -0.40 -0.32 -0.23 -0.17 -0.11 -0.05 0.01 -0.08 -0.17 -0.26 -0.35 -0.22 -0.09 0.03 0.16 0.16 0.15 0.14 0.14 0.11 0.08 0.05 0.02 0.02 0.02 0.02 0.02 0.00 -0.02 -0.04 -0.06 -0.06 -0.06 -0.06 -0.06 -0.02 0.02 0.06 0.10 0.16 0.22 0.27 0.33 0.40 0.48 0.55 0.63 0.51 0.39 0.27 0.15 0.09 0.02 -0.04 -0.11
-0.66 -0.51 -0.35 -0.20 -0.04 -0.07 -0.11 -0.15 -0.22 -0.28 -0.31 -0.35 -0.38 -0.42 -0.45 -0.48 -0.45 -0.56 -0.58 -0.60 -0.62 -0.60 -0.59 -0.57 -0.49 -0.36 -0.27 -0.19 -0.10 -0.04 0.02 0.08 -0.02 0.11 0.02 -0.07 -0.16 -0.29 -0.16 -0.03 0.10 0.09 0.08 0.08 0.09 0.22 0.19 0.16 0.13 0.13 0.13 0.13 -0.01 -0.03 -0.05 -0.07 -0.03 0.07 0.07 0.07 0.07 0.11 0.15 0.19 0.27 0.33 0.38 0.44 0.49 0.57 0.64 0.72 0.62 0.58 0.45 0.33 0.21 0.15 0.09 0.02 0.09
-0.54 -0.40 -0.25 -0.10 0.06 0.02 -0.01 -0.08 -0.16 -0.21 -0.27 -0.31 -0.34 -0.37 -0.41 -0.38 -0.35 -0.45 -0.56 -0.58 -0.60 -0.58 -0.57 -0.49 -0.41 -0.28 -0.14 -0.06 0.03 0.09 0.15 0.05 -0.05 0.08 0.21 0.12 0.03 -0.10 -0.23 -0.10 0.03 0.02 0.01 0.03 0.04 0.17 0.29 0.26 0.24 0.24 0.24 0.10 -0.04 -0.06 -0.09 -0.04 0.01 0.11 0.20 0.20 0.20 0.24 0.28 0.36 0.44 0.49 0.55 0.61 0.66 0.73 0.81 0.71 0.61 0.56 0.52 0.40 0.28 0.22 0.15 0.22 0.29
-0.43 -0.28 -0.14 0.00 0.16 0.12 0.05 -0.02 -0.09 -0.15 -0.21 -0.26 -0.30 -0.33 -0.30 -0.27 -0.25 -0.35 -0.46 -0.56 -0.58 -0.57 -0.49 -0.41 -0.33 -0.19 -0.06 0.08 0.16 0.22 0.12 0.02 -0.08 0.05 0.18 0.31 0.22 0.09 -0.04 -0.17 -0.04 -0.05 -0.03 -0.02 -0.00 0.12 0.25 0.37 0.34 0.34 0.20 0.06 -0.07 -0.10 -0.05 -0.00 0.04 0.14 0.24 0.33 0.33 0.38 0.45 0.53 0.61 0.66 0.72 0.77 0.82 0.90 0.80 0.69 0.59 0.55 0.51 0.47 0.35 0.28 0.35 0.42 0.49
-0.31 -0.17 -0.03 0.12 0.26 0.19 0.12 0.05 -0.02 -0.08 -0.14 -0.20 -0.26 -0.23 -0.20 -0.17 -0.14 -0.25 -0.35 -0.46 -0.56 -0.48 -0.40 -0.32 -0.24 -0.11 0.03 0.16 0.29 0.19 0.09 -0.01 -0.12 0.02 0.15 0.28 0.41 0.28 0.15 0.02 -0.11 -0.09 -0.08 -0.06 -0.05 0.08 0.20 0.33 0.45 0.31 0.17 0.03 -0.11 -0.06 -0.01 0.03 0.08 0.18 0.27 0.37 0.47 0.54 0.62 0.70 0.77 0.83 0.88 0.93 0.99 0.89 0.78 0.68 0.58 0.54 0.50 0.45 0.41 0.48 0.55 0.62 0.69
-0.34 -0.26 -0.12 0.03 0.17 0.09 0.02 -0.05 -0.12 -0.18 -0.24 -0.29 -0.33 -0.19 -0.17 -0.14 -0.11 -0.29 -0.39 -0.50 -0.60 -0.52 -0.44 -0.36 -0.25 -0.30 -0.17 -0.03 0.10 -0.00 -0.10 -0.20 -0.44 -0.31 -0.18 -0.04 0.60 0.39 0.26 0.13 -0.00 -0.08 -0.06 -0.05 -0.03 0.09 0.22 0.34 0.47 0.28 0.14 0.00 -0.14 -0.02 0.02 0.07 0.12 0.21 0.31 0.41 0.44 0.34 0.42 0.49 0.57 0.62 0.68 0.73 0.76 0.66 0.56 0.46 0.56 0.62 0.58 0.54 0.50 0.42 0.49 0.56 0.63
-0.37 -0.29 -0.21 -0.06 0.08 0.00 -0.07 -0.14 -0.22 -0.27 -0.33 -0.36 -0.40 -0.26 -0.13 -0.10 -0.07 -0.25 -0.43 -0.54 -0.64 -0.56 -0.48 -0.37 -0.26 -0.31 -0.36 -0.22 -0.09 -0.19 -0.29 -0.53 -0.76 -0.63 -0.50 0.14 0.79 0.58 0.37 0.23 0.10 0.03 -0.05 -0.03 -0.02 0.11 0.23 0.36 0.48 0.30 0.11 -0.03 -0.17 -0.05 0.06 0.11 0.16 0.25 0.35 0.38 0.40 0.31 0.21 0.29 0.37 0.42 0.48 0.51 0.54 0.43 0.33 0.44 0.54 0.60 0.67 0.62 0.58 0.50 0.43 0.50 0.56
-0.41 -0.32 -0.24 -0.15 -0.01 -0.09 -0.16 -0.24 -0.31 -0.37 -0.40 -0.43 -0.47 -0.33 -0.20 -0.07 -0.04 -0.22 -0.40 -0.58 -0.68 -0.60 -0.49 -0.38 -0.27 -0.32 -0.37 -0.41 -0.28 -0.38 -0.62 -0.85 -1.09 -0.96 -0.31 0.33 0.97 0.76 0.55 0.34 0.21 0.13 0.06 -0.02 -0.00 0.12 0.25 0.37 0.50 0.32 0.13 -0.05 -0.19 -0.08 0.03 0.15 0.19 0.29 0.32 0.35 0.37 0.28 0.18 0.09 0.16 0.22 0.25 0.28 0.31 0.21 0.31 0.42 0.52 0.58 0.65 0.71 0.67 0.59 0.51 0.43 0.50
-0.44 -0.35 -0.27 -0.19 -0.10 -0.18 -0.25 -0.33 -0.41 -0.44 -0.47 -0.50 -0.54 -0.40 -0.27 -0.14 -0.00 -0.18 -0.36 -0.54 -0.73 -0.62 -0.51 -0.40 -0.29 -0.33 -0.38 -0.42 -0.47 -0.71 -0.94 -1.18 -1.41 -0.77 -0.13 0.52 1.16 0.95 0.74 0.53 0.32 0.24 0.16 0.09 0.01 0.14 0.26 0.39 0.52 0.33 0.15 -0.04 -0.22 -0.11 0.01 0.12 0.23 0.26 0.29 0.32 0.34 0.25 0.15 0.06 -0.04 -0.01 0.02 0.05 0.08 0.19 0.29 0.39 0.50 0.56 0.63 0.69 0.75 0.67 0.60 0.52 0.44
-0.37 -0.29 -0.20 -0.12 -0.04 -0.12 -0.20 -0.28 -0.35 -0.38 -0.42 -0.45 -0.52 -0.36 -0.22 -0.09 0.04 -0.24 -0.42 -0.60 -0.78 -0.67 -0.56 -0.45 -0.16 -0.21 -0.25 -0.30 -0.15 -0.48 -0.71 -0.95 -1.18 -0.94 -0.30 0.34 0.99 0.77 0.56 0.35 0.21 0.13 0.05 -0.03 0.01 0.13 0.26 0.39 0.33 0.27 0.08 -0.10 -0.29 -0.16 -0.04 0.07 0.18 0.21 0.24 0.27 0.20 0.11 0.01 -0.08 0.01 0.13 0.16 0.19 0.22 0.32 0.43 0.53 0.56 0.48 0.55 0.61 0.68 0.60 0.52 0.44 0.33
-0.30 -0.22 -0.13 -0.06 0.02 -0.06 -0.14 -0.22 -0.30 -0.33 -0.36 -0.43 -0.51 -0.34 -0.18 -0.04 0.09 -0.19 -0.48 -0.66 -0.84 -0.73 -0.62 -0.33 -0.03 -0.08 -0.13 0.02 0.17 -0.16 -0.48 -0.72 -0.95 -0.71 -0.47 0.17 0.81 0.60 0.39 0.24 0.09 0.02 -0.06 -0.03 0.00 0.13 0.26 0.20 0.14 0.08 0.02 -0.17 -0.35 -0.22 -0.09 0.02 0.14 0.16 0.19 0.13 0.06 -0.03 -0.13 -0.04 0.05 0.17 0.29 0.32 0.35 0.46 0.56 0.59 0.61 0.54 0.47 0.54 0.60 0.52 0.44 0.33 0.22
-0.23 -0.15 -0.07 0.00 0.08 -0.00 -0.08 -0.17 -0.24 -0.27 -0.35 -0.42 -0.49 -0.33 -0.16 0.00 0.14 -0.15 -0.43 -0.72 -0.90 -0.79 -0.49 -0.20 0.09 0.04 0.19 0.34 0.49 0.16 -0.16 -0.49 -0.72 -0.48 -0.24 -0.00 0.64 0.43 0.28 0.13 -0.02 -0.10 -0.06 -0.03 0.00 0.13 0.07 0.01 -0.05 -0.11 -0.17 -0.23 -0.42 -0.29 -0.16 -0.03 0.09 0.11 0.05 -0.02 -0.08 -0.18 -0.09 0.00 0.09 0.21 0.34 0.46 0.49 0.59 0.62 0.65 0.67 0.60 0.53 0.46 0.52 0.44 0.33 0.22 0.11
-0.17 -0.09 -0.01 0.06 0.14 0.06 -0.02 -0.11 -0.19 -0.26 -0.33 -0.40 -0.48 -0.31 -0.15 0.02 0.18 -0.10 -0.39 -0.67 -0.95 -0.66 -0.37 -0.08 0.22 0.36 0.51 0.66 0.80 0.48 0.16 -0.17 -0.49 -0.25 -0.01 0.23 0.47 0.32 0.17 0.02 -0.13 -0.10 -0.07 -0.03 -0.00 -0.06 -0.12 -0.18 -0.24 -0.30 -0.36 -0.42 -0.48 -0.35 -0.22 -0.09 0.04 -0.03 -0.09 -0.16 -0.22 -0.13 -0.04 0.05 0.13 0.26 0.38 0.50 0.62 0.65 0.68 0.70 0.73 0.66 0.59 0.52 0.45 0.33 0.22 0.11 -0.00
-0.08 -0.01 0.07 0.14 0.16 0.08 -0.00 -0.08 -0.10 -0.22 -0.29 -0.36 -0.44 -0.27 -0.11 0.06 0.20 -0.08 -0.37 -0.65 -0.90 -0.80 -0.51 -0.22 0.07 0.27 0.42 0.57 0.71 0.39 0.06 -0.26 -0.30 -0.35 -0.11 0.13 0.37 0.22 0.07 -0.08 -0.23 -0.01 0.02 0.05 0.09 -0.02 -0.08 -0.14 -0.20 -0.26 -0.32 -0.38 -0.43 -0.30 -0.17 -0.04 -0.05 -0.08 -0.15 -0.21 -0.27 -0.06 0.03 0.12 0.20 0.33 0.45 0.57 0.53 0.37 0.40 0.43 0.45 0.38 0.31 0.24 0.27 0.28 0.16 0.05 -0.06
