test/esri_led_0/synt_tma_1200m_led_0.esri
nrows             510
ncols             462
xllcorner      398000.00
yllcorner     7846000.00
cellsize          500.00
NODATA_value    -9999
[rows 297 to 329 of 510, columns 74 to 147 of 462]
28.45 29.94 31.43 33.22 35.02 37.08 39.13 41.42 43.70 46.16 48.62 51.20 53.78 56.41 59.04 61.64 64.24 66.71 69.19 71.43 73.67 75.55 77.42 78.79 80.17 80.89 81.61 81.54 81.46 80.48 79.50 77.55 75.59 72.66 69.72 65.86 61.99 57.30 52.60 47.21 41.82 35.90 29.99 23.76 17.54 11.25 4.95 -1.13 -7.22 -12.80 -18.38 -23.16 -27.93 -31.62 -35.32 -37.75 -40.19 -41.28 -42.37 -42.16 -41.95 -40.58 -39.21 -36.93 -34.65 -31.77 -28.88 -25.71 -22.54 -19.36 -16.18 -13.14 -10.10 -7.22
28.28 29.80 31.33 33.14 34.95 37.01 39.08 41.34 43.60 46.02 48.44 50.95 53.47 56.01 58.55 61.05 63.55 65.92 68.28 70.41 72.53 74.29 76.05 77.30 78.55 79.14 79.74 79.54 79.34 78.22 77.11 75.01 72.92 69.85 66.77 62.78 58.79 53.98 49.18 43.70 38.23 32.28 26.32 20.10 13.87 7.63 1.38 -4.62 -10.62 -16.09 -21.55 -26.20 -30.84 -34.40 -37.97 -40.29 -42.60 -43.60 -44.61 -44.34 -44.07 -42.69 -41.30 -39.04 -36.78 -33.93 -31.09 -27.99 -24.89 -21.78 -18.68 -15.73 -12.77 -9.98
28.10 29.66 31.22 33.06 34.89 36.95 39.02 41.26 43.50 45.88 48.25 50.70 53.15 55.61 58.07 60.47 62.87 65.13 67.38 69.39 71.40 73.04 74.67 75.80 76.93 77.40 77.87 77.54 77.21 75.96 74.71 72.48 70.25 67.04 63.82 59.70 55.58 50.67 45.75 40.20 34.65 28.65 22.66 16.43 10.21 4.01 -2.19 -8.11 -14.02 -19.38 -24.73 -29.24 -33.75 -37.18 -40.62 -42.82 -45.02 -45.93 -46.84 -46.52 -46.20 -44.80 -43.40 -41.15 -38.90 -36.10 -33.31 -30.27 -27.23 -24.21 -21.18 -18.31 -15.44 -12.73
27.39 28.98 30.57 32.42 34.27 36.33 38.40 40.62 42.83 45.16 47.49 49.87 52.25 54.62 56.99 59.28 61.58 63.72 65.86 67.74 69.62 71.13 72.64 73.64 74.64 74.98 75.32 74.86 74.40 73.02 71.64 69.29 66.93 63.61 60.28 56.07 51.86 46.88 41.90 36.33 30.75 24.77 18.79 12.63 6.48 0.38 -5.71 -11.49 -17.26 -22.45 -27.64 -31.99 -36.34 -39.63 -42.92 -45.01 -47.10 -47.94 -48.79 -48.44 -48.09 -46.71 -45.32 -43.13 -40.93 -38.21 -35.48 -32.53 -29.57 -26.63 -23.69 -20.89 -18.10 -15.47
26.69 28.31 29.93 31.79 33.66 35.72 37.77 39.97 42.16 44.44 46.72 49.03 51.34 53.62 55.91 58.10 60.29 62.31 64.33 66.09 67.85 69.23 70.61 71.48 72.35 72.56 72.77 72.18 71.59 70.08 68.58 66.10 63.62 60.18 56.74 52.44 48.13 43.09 38.05 32.45 26.85 20.89 14.93 8.83 2.74 -3.25 -9.23 -14.87 -20.50 -25.53 -30.56 -34.74 -38.93 -42.08 -45.22 -47.20 -49.18 -49.95 -50.73 -50.36 -49.98 -48.62 -47.25 -45.10 -42.96 -40.31 -37.66 -34.79 -31.91 -29.06 -26.20 -23.48 -20.76 -18.20
25.46 27.12 28.77 30.66 32.55 34.61 36.68 38.86 41.04 43.29 45.53 47.79 50.04 52.24 54.45 56.54 58.64 60.55 62.46 64.10 65.74 66.99 68.25 68.99 69.73 69.81 69.89 69.18 68.46 66.84 65.21 62.63 60.04 56.52 53.00 48.64 44.27 39.21 34.15 28.57 22.99 17.10 11.21 5.23 -0.74 -6.58 -12.41 -17.86 -23.31 -28.14 -32.98 -36.99 -40.99 -43.99 -46.99 -48.87 -50.74 -51.47 -52.20 -51.83 -51.47 -50.15 -48.83 -46.77 -44.70 -42.15 -39.60 -36.82 -34.04 -31.27 -28.49 -25.84 -23.19 -20.69
24.24 25.93 27.61 29.52 31.43 33.51 35.58 37.75 39.92 42.13 44.34 46.54 48.74 50.87 52.99 54.99 56.99 58.79 60.59 62.11 63.63 64.76 65.88 66.50 67.11 67.06 67.01 66.17 65.33 63.59 61.85 59.16 56.47 52.86 49.26 44.83 40.41 35.33 30.25 24.69 19.14 13.32 7.49 1.63 -4.23 -9.91 -15.58 -20.85 -26.12 -30.76 -35.40 -39.23 -43.05 -45.90 -48.75 -50.53 -52.31 -52.99 -53.67 -53.31 -52.95 -51.68 -50.41 -48.43 -46.45 -43.99 -41.53 -38.85 -36.18 -33.48 -30.79 -28.21 -25.62 -23.17
22.59 24.32 26.05 27.99 29.94 32.04 34.13 36.31 38.50 40.70 42.90 45.07 47.23 49.31 51.38 53.30 55.22 56.93 58.64 60.05 61.46 62.47 63.48 63.97 64.46 64.29 64.13 63.17 62.22 60.37 58.53 55.75 52.98 49.31 45.64 41.19 36.74 31.67 26.60 21.11 15.61 9.90 4.18 -1.53 -7.24 -12.72 -18.21 -23.27 -28.32 -32.75 -37.19 -40.82 -44.46 -47.16 -49.86 -51.55 -53.23 -53.88 -54.54 -54.21 -53.87 -52.68 -51.48 -49.60 -47.72 -45.37 -43.02 -40.45 -37.87 -35.25 -32.64 -30.11 -27.58 -25.16
20.95 22.71 24.48 26.46 28.44 30.57 32.69 34.88 37.07 39.27 41.46 43.59 45.73 47.75 49.76 51.61 53.46 55.07 56.68 57.98 59.28 60.18 61.07 61.44 61.81 61.53 61.24 60.17 59.10 57.16 55.21 52.35 49.48 45.76 42.03 37.55 33.07 28.02 22.96 17.52 12.09 6.48 0.87 -4.68 -10.24 -15.54 -20.84 -25.68 -30.53 -34.75 -38.97 -42.42 -45.86 -48.42 -50.97 -52.57 -54.16 -54.78 -55.40 -55.10 -54.80 -53.68 -52.55 -50.77 -48.99 -46.75 -44.51 -42.04 -39.56 -37.02 -34.49 -32.01 -29.54 -27.16
19.02 20.83 22.65 24.68 26.71 28.88 31.05 33.28 35.51 37.72 39.94 42.07 44.20 46.19 48.18 49.97 51.77 53.31 54.85 56.06 57.27 58.06 58.86 59.12 59.39 58.99 58.60 57.43 56.26 54.23 52.19 49.26 46.34 42.57 38.80 34.32 29.84 24.82 19.80 14.44 9.09 3.61 -1.86 -7.25 -12.63 -17.72 -22.82 -27.44 -32.06 -36.06 -40.06 -43.31 -46.56 -48.97 -51.38 -52.88 -54.39 -54.99 -55.59 -55.32 -55.05 -54.01 -52.97 -51.29 -49.61 -47.48 -45.36 -42.98 -40.60 -38.14 -35.67 -33.24 -30.81 -28.46
17.09 18.95 20.81 22.90 24.98 27.20 29.42 31.68 33.95 36.18 38.41 40.54 42.67 44.63 46.60 48.34 50.08 51.55 53.01 54.14 55.26 55.95 56.64 56.80 56.96 56.46 55.96 54.69 53.42 51.30 49.18 46.18 43.19 39.38 35.57 31.09 26.60 21.61 16.63 11.36 6.09 0.74 -4.60 -9.81 -15.02 -19.91 -24.80 -29.19 -33.59 -37.37 -41.15 -44.21 -47.26 -49.52 -51.78 -53.20 -54.62 -55.20 -55.78 -55.54 -55.31 -54.35 -53.38 -51.81 -50.24 -48.22 -46.20 -43.92 -41.64 -39.25 -36.86 -34.48 -32.09 -29.76
15.03 16.95 18.87 21.02 23.17 25.46 27.74 30.07 32.39 34.67 36.95 39.10 41.25 43.21 45.17 46.89 48.61 50.02 51.44 52.49 53.54 54.15 54.76 54.83 54.90 54.31 53.72 52.37 51.02 48.83 46.64 43.59 40.55 36.72 32.89 28.41 23.94 19.01 14.08 8.90 3.73 -1.48 -6.68 -11.71 -16.74 -21.42 -26.09 -30.27 -34.44 -37.99 -41.55 -44.41 -47.27 -49.38 -51.49 -52.82 -54.15 -54.70 -55.25 -55.04 -54.84 -53.94 -53.04 -51.57 -50.09 -48.17 -46.25 -44.06 -41.87 -39.54 -37.22 -34.87 -32.53 -30.22
12.98 14.95 16.93 19.15 21.36 23.71 26.07 28.45 30.84 33.16 35.48 37.65 39.83 41.79 43.75 45.44 47.13 48.49 49.86 50.84 51.82 52.35 52.88 52.85 52.83 52.16 51.48 50.05 48.62 46.36 44.10 41.00 37.91 34.06 30.20 25.74 21.28 16.40 11.52 6.44 1.36 -3.70 -8.77 -13.62 -18.46 -22.93 -27.39 -31.34 -35.28 -38.62 -41.95 -44.62 -47.28 -49.24 -51.20 -52.44 -53.68 -54.20 -54.72 -54.54 -54.36 -53.54 -52.71 -51.32 -49.94 -48.12 -46.30 -44.20 -42.09 -39.84 -37.58 -35.27 -32.97 -30.68
10.94 12.98 15.02 17.31 19.60 22.03 24.46 26.93 29.39 31.77 34.16 36.37 38.59 40.57 42.55 44.23 45.91 47.24 48.58 49.51 50.44 50.90 51.37 51.28 51.19 50.45 49.70 48.21 46.71 44.40 42.09 38.97 35.85 31.99 28.13 23.70 19.26 14.44 9.63 4.65 -0.33 -5.25 -10.17 -14.84 -19.51 -23.77 -28.03 -31.75 -35.47 -38.59 -41.71 -44.18 -46.65 -48.45 -50.26 -51.40 -52.54 -53.02 -53.49 -53.32 -53.15 -52.37 -51.59 -50.28 -48.97 -47.23 -45.49 -43.46 -41.43 -39.24 -37.04 -34.77 -32.51 -30.25
8.91 11.00 13.10 15.47 17.83 20.35 22.86 25.40 27.94 30.39 32.83 35.09 37.36 39.35 41.35 43.02 44.69 45.99 47.30 48.18 49.06 49.46 49.86 49.70 49.55 48.73 47.92 46.36 44.81 42.45 40.09 36.94 33.78 29.92 26.06 21.65 17.24 12.49 7.73 2.86 -2.01 -6.79 -11.57 -16.06 -20.56 -24.61 -28.66 -32.16 -35.66 -38.56 -41.46 -43.73 -46.01 -47.66 -49.32 -50.36 -51.40 -51.83 -52.26 -52.10 -51.94 -51.21 -50.47 -49.23 -47.99 -46.34 -44.68 -42.73 -40.78 -38.64 -36.50 -34.27 -32.05 -29.82
7.00 9.16 11.32 13.76 16.21 18.80 21.40 24.02 26.64 29.16 31.68 33.99 36.30 38.33 40.35 42.03 43.71 44.99 46.28 47.12 47.97 48.33 48.69 48.48 48.27 47.42 46.56 44.96 43.37 40.98 38.60 35.44 32.28 28.43 24.59 20.22 15.85 11.17 6.49 1.72 -3.04 -7.68 -12.32 -16.63 -20.95 -24.81 -28.66 -31.95 -35.24 -37.93 -40.62 -42.71 -44.79 -46.29 -47.79 -48.72 -49.65 -50.02 -50.39 -50.21 -50.03 -49.32 -48.61 -47.42 -46.22 -44.63 -43.03 -41.14 -39.25 -37.16 -35.08 -32.90 -30.73 -28.54
5.09 7.31 9.53 12.06 14.58 17.26 19.94 22.64 25.35 27.93 30.52 32.89 35.25 37.31 39.36 41.04 42.72 43.99 45.26 46.07 46.89 47.20 47.51 47.26 47.00 46.10 45.20 43.56 41.93 39.52 37.11 33.94 30.78 26.94 23.11 18.79 14.46 9.85 5.25 0.59 -4.07 -8.56 -13.06 -17.20 -21.35 -25.01 -28.66 -31.74 -34.82 -37.30 -39.78 -41.68 -43.57 -44.91 -46.26 -47.08 -47.89 -48.20 -48.51 -48.32 -48.12 -47.43 -46.74 -45.60 -44.45 -42.92 -41.38 -39.55 -37.72 -35.69 -33.66 -31.53 -29.40 -27.26
3.39 5.67 7.94 10.54 13.13 15.89 18.65 21.43 24.20 26.86 29.51 31.92 34.34 36.42 38.50 40.19 41.88 43.14 44.40 45.19 45.99 46.28 46.56 46.28 46.00 45.07 44.15 42.50 40.86 38.45 36.04 32.89 29.75 25.95 22.16 17.90 13.63 9.12 4.60 0.06 -4.48 -8.83 -13.19 -17.16 -21.14 -24.61 -28.08 -30.96 -33.84 -36.12 -38.41 -40.12 -41.83 -43.02 -44.21 -44.91 -45.61 -45.84 -46.07 -45.84 -45.60 -44.91 -44.22 -43.09 -41.97 -40.47 -38.98 -37.20 -35.42 -33.44 -31.47 -29.40 -27.33 -25.24
1.68 4.02 6.36 9.02 11.68 14.52 17.36 20.21 23.06 25.78 28.50 30.96 33.42 35.53 37.65 39.34 41.04 42.29 43.54 44.32 45.09 45.35 45.61 45.30 45.00 44.05 43.10 41.44 39.79 37.38 34.98 31.85 28.72 24.96 21.21 17.01 12.81 8.38 3.95 -0.47 -4.90 -9.11 -13.31 -17.12 -20.93 -24.21 -27.49 -30.18 -32.86 -34.95 -37.03 -38.56 -40.09 -41.13 -42.16 -42.74 -43.32 -43.48 -43.63 -43.36 -43.08 -42.39 -41.69 -40.59 -39.48 -38.03 -36.58 -34.84 -33.11 -31.19 -29.28 -27.26 -25.25 -23.23
0.23 2.61 5.00 7.72 10.44 13.34 16.24 19.15 22.05 24.82 27.59 30.08 32.58 34.71 36.84 38.54 40.24 41.49 42.73 43.49 44.25 44.50 44.75 44.44 44.12 43.17 42.23 40.59 38.95 36.57 34.20 31.12 28.04 24.35 20.67 16.56 12.45 8.13 3.81 -0.48 -4.78 -8.83 -12.89 -16.54 -20.18 -23.28 -26.38 -28.88 -31.38 -33.28 -35.18 -36.54 -37.90 -38.78 -39.67 -40.13 -40.59 -40.65 -40.71 -40.38 -40.05 -39.33 -38.61 -37.51 -36.41 -34.98 -33.55 -31.86 -30.17 -28.31 -26.45 -24.51 -22.57 -20.63
-1.22 1.21 3.64 6.42 9.20 12.16 15.12 18.08 21.05 23.86 26.67 29.20 31.73 33.88 36.03 37.74 39.44 40.68 41.92 42.67 43.42 43.65 43.89 43.57 43.24 42.30 41.36 39.73 38.11 35.76 33.42 30.39 27.36 23.74 20.13 16.11 12.09 7.88 3.67 -0.49 -4.66 -8.56 -12.47 -15.95 -19.43 -22.35 -25.27 -27.58 -29.89 -31.61 -33.33 -34.52 -35.70 -36.44 -37.17 -37.51 -37.85 -37.82 -37.80 -37.41 -37.02 -36.28 -35.53 -34.43 -33.33 -31.93 -30.52 -28.88 -27.23 -25.43 -23.63 -21.76 -19.89 -18.03
-2.39 0.08 2.54 5.36 8.18 11.17 14.16 17.16 20.15 22.98 25.81 28.35 30.89 33.04 35.19 36.89 38.60 39.83 41.05 41.79 42.54 42.77 43.00 42.69 42.37 41.45 40.53 38.95 37.36 35.08 32.80 29.85 26.89 23.38 19.87 15.97 12.07 7.99 3.92 -0.09 -4.10 -7.85 -11.59 -14.90 -18.20 -20.95 -23.70 -25.83 -27.97 -29.52 -31.06 -32.09 -33.12 -33.71 -34.30 -34.52 -34.73 -34.61 -34.49 -34.04 -33.58 -32.79 -32.01 -30.90 -29.79 -28.40 -27.02 -25.41 -23.81 -22.07 -20.33 -18.55 -16.77 -15.02
-3.56 -1.05 1.45 4.30 7.15 10.18 13.21 16.23 19.25 22.10 24.95 27.50 30.05 32.21 34.36 36.05 37.75 38.97 40.19 40.92 41.65 41.88 42.11 41.81 41.50 40.60 39.70 38.16 36.61 34.39 32.17 29.30 26.43 23.02 19.60 15.82 12.04 8.11 4.18 0.31 -3.55 -7.13 -10.72 -13.85 -16.98 -19.55 -22.12 -24.08 -26.04 -27.42 -28.80 -29.66 -30.53 -30.98 -31.43 -31.52 -31.62 -31.40 -31.19 -30.66 -30.14 -29.31 -28.49 -27.37 -26.25 -24.88 -23.51 -21.94 -20.38 -18.71 -17.04 -15.34 -13.64 -12.01
-4.41 -1.89 0.63 3.49 6.35 9.39 12.42 15.44 18.45 21.29 24.13 26.67 29.20 31.33 33.46 35.14 36.81 38.01 39.21 39.93 40.66 40.89 41.12 40.83 40.54 39.68 38.82 37.34 35.85 33.71 31.58 28.81 26.05 22.77 19.49 15.86 12.23 8.46 4.69 1.01 -2.68 -6.08 -9.49 -12.44 -15.39 -17.79 -20.18 -21.97 -23.76 -24.97 -26.19 -26.90 -27.62 -27.93 -28.24 -28.22 -28.20 -27.89 -27.57 -26.97 -26.38 -25.51 -24.63 -23.50 -22.36 -21.00 -19.65 -18.13 -16.62 -15.02 -13.42 -11.83 -10.24 -8.72
-5.26 -2.73 -0.19 2.68 5.56 8.59 11.63 14.64 17.66 20.49 23.32 25.83 28.34 30.45 32.56 34.22 35.87 37.05 38.24 38.95 39.66 39.89 40.13 39.85 39.58 38.76 37.94 36.51 35.09 33.03 30.98 28.33 25.68 22.53 19.38 15.90 12.42 8.82 5.21 1.70 -1.81 -5.04 -8.26 -11.03 -13.81 -16.02 -18.23 -19.85 -21.47 -22.52 -23.57 -24.14 -24.71 -24.89 -25.06 -24.92 -24.78 -24.37 -23.96 -23.29 -22.62 -21.70 -20.78 -19.63 -18.47 -17.13 -15.79 -14.32 -12.85 -11.33 -9.81 -8.32 -6.83 -5.44
-5.78 -3.25 -0.71 2.14 5.00 8.01 11.02 13.99 16.97 19.75 22.54 25.01 27.48 29.54 31.61 33.22 34.84 35.99 37.15 37.84 38.54 38.77 39.00 38.75 38.50 37.72 36.94 35.58 34.23 32.28 30.32 27.80 25.28 22.29 19.29 15.99 12.69 9.28 5.87 2.56 -0.75 -3.78 -6.80 -9.38 -11.96 -13.98 -16.01 -17.46 -18.90 -19.80 -20.69 -21.12 -21.54 -21.59 -21.63 -21.38 -21.12 -20.61 -20.10 -19.36 -18.62 -17.65 -16.68 -15.52 -14.35 -13.02 -11.70 -10.28 -8.87 -7.43 -6.00 -4.63 -3.26 -2.02
-6.30 -3.77 -1.24 1.61 4.45 7.43 10.41 13.34 16.28 19.02 21.76 24.19 26.61 28.63 30.65 32.23 33.81 34.93 36.06 36.74 37.41 37.65 37.88 37.65 37.41 36.68 35.94 34.66 33.37 31.52 29.67 27.28 24.88 22.05 19.21 16.09 12.97 9.75 6.53 3.42 0.31 -2.52 -5.34 -7.72 -10.10 -11.95 -13.79 -15.07 -16.34 -17.08 -17.81 -18.09 -18.37 -18.29 -18.20 -17.83 -17.46 -16.86 -16.25 -15.43 -14.62 -13.60 -12.59 -11.41 -10.22 -8.92 -7.61 -6.25 -4.88 -3.54 -2.20 -0.95 0.30 1.40
-6.46 -3.95 -1.45 1.35 4.15 7.07 9.99 12.85 15.72 18.39 21.06 23.40 25.75 27.71 29.66 31.19 32.71 33.80 34.88 35.53 36.19 36.41 36.64 36.42 36.20 35.51 34.81 33.60 32.39 30.64 28.90 26.65 24.40 21.74 19.07 16.15 13.23 10.23 7.23 4.34 1.45 -1.15 -3.75 -5.92 -8.10 -9.74 -11.39 -12.49 -13.58 -14.16 -14.74 -14.87 -15.01 -14.80 -14.59 -14.11 -13.63 -12.93 -12.23 -11.34 -10.46 -9.40 -8.35 -7.15 -5.96 -4.68 -3.40 -2.10 -0.80 0.44 1.68 2.80 3.92 4.85
-6.63 -4.14 -1.66 1.09 3.85 6.71 9.57 12.36 15.16 17.75 20.35 22.62 24.90 26.79 28.68 30.15 31.62 32.66 33.70 34.33 34.96 35.18 35.39 35.19 34.99 34.34 33.68 32.54 31.41 29.77 28.13 26.02 23.91 21.42 18.94 16.21 13.49 10.71 7.92 5.26 2.59 0.21 -2.17 -4.13 -6.09 -7.54 -8.99 -9.91 -10.83 -11.24 -11.66 -11.66 -11.65 -11.31 -10.98 -10.38 -9.79 -9.00 -8.21 -7.25 -6.29 -5.20 -4.10 -2.90 -1.70 -0.44 0.81 2.04 3.28 4.42 5.56 6.55 7.53 8.31
-6.44 -4.00 -1.56 1.12 3.81 6.58 9.35 12.05 14.75 17.24 19.73 21.91 24.09 25.90 27.71 29.11 30.51 31.50 32.49 33.08 33.68 33.88 34.08 33.88 33.69 33.06 32.44 31.37 30.30 28.77 27.23 25.27 23.31 21.01 18.70 16.20 13.69 11.14 8.59 6.17 3.74 1.60 -0.54 -2.27 -4.00 -5.25 -6.49 -7.23 -7.96 -8.22 -8.47 -8.32 -8.18 -7.72 -7.25 -6.56 -5.86 -4.98 -4.10 -3.08 -2.06 -0.93 0.20 1.41 2.61 3.82 5.04 6.20 7.36 8.39 9.42 10.27 11.11 11.73
-6.25 -3.85 -1.46 1.15 3.76 6.45 9.13 11.73 14.33 16.72 19.11 21.20 23.28 25.01 26.73 28.07 29.40 30.34 31.28 31.84 32.39 32.58 32.77 32.57 32.38 31.79 31.21 30.20 29.20 27.77 26.34 24.53 22.71 20.59 18.47 16.18 13.88 11.57 9.25 7.07 4.89 2.99 1.09 -0.41 -1.92 -2.96 -3.99 -4.54 -5.09 -5.19 -5.28 -4.99 -4.70 -4.12 -3.53 -2.73 -1.92 -0.95 0.01 1.10 2.18 3.35 4.51 5.71 6.91 8.09 9.27 10.35 11.44 12.36 13.28 13.98 14.69 15.14
-5.73 -3.40 -1.07 1.45 3.97 6.54 9.11 11.59 14.07 16.34 18.61 20.58 22.56 24.19 25.81 27.07 28.33 29.21 30.09 30.60 31.12 31.28 31.44 31.24 31.05 30.48 29.92 28.97 28.02 26.69 25.36 23.69 22.01 20.08 18.15 16.07 14.00 11.93 9.86 7.93 6.00 4.35 2.71 1.44 0.17 -0.65 -1.47 -1.83 -2.19 -2.12 -2.05 -1.62 -1.19 -0.49 0.22 1.12 2.03 3.08 4.12 5.26 6.40 7.59 8.77 9.96 11.15 12.28 13.41 14.41 15.41 16.22 17.03 17.59 18.15 18.45
-5.21 -2.94 -0.68 1.75 4.18 6.63 9.09 11.45 13.80 15.95 18.10 19.97 21.83 23.36 24.90 26.08 27.25 28.08 28.90 29.37 29.84 29.98 30.12 29.91 29.71 29.17 28.62 27.73 26.84 25.61 24.38 22.85 21.32 19.57 17.82 15.97 14.11 12.29 10.46 8.79 7.11 5.72 4.32 3.29 2.26 1.65 1.05 0.88 0.71 0.94 1.18 1.74 2.31 3.14 3.97 4.97 5.98 7.11 8.23 9.42 10.62 11.83 13.04 14.22 15.39 16.47 17.55 18.47 19.39 20.08 20.77 21.20 21.62 21.76
