test/esri_led_0/synt_tma_6000m_led_0.esri
nrows             510
ncols             462
xllcorner      398000.00
yllcorner     7846000.00
cellsize          500.00
NODATA_value    -9999
[rows 416 to 447 of 510, columns 288 to 359 of 462]
-173.60 -137.70 -101.80 -61.69 -21.58 15.43 52.44 77.95 103.47 114.59 125.71 127.99 130.27 128.52 126.77 117.78 108.80 88.36 67.92 39.89 11.85 -14.29 -40.44 -55.88 -71.32 -73.00 -74.69 -67.32 -59.95 -49.92 -39.90 -29.49 -19.08 -7.90 3.29 14.67 26.05 35.31 44.57 48.66 52.75 50.30 47.85 41.02 34.20 26.46 18.73 12.12 5.52 0.47 -4.58 -7.58 -10.58 -7.88 -5.17 11.00 27.17 61.65 96.12 142.11 188.09 227.70 267.31 279.04 290.76 264.70 238.64 187.55 136.46 85.20 33.94 3.23
-179.76 -142.26 -104.76 -67.77 -30.78 1.05 32.89 54.04 75.20 84.25 93.31 94.74 96.17 94.01 91.85 84.61 77.38 62.68 47.97 28.56 9.15 -8.36 -25.87 -35.42 -44.97 -44.43 -43.89 -36.15 -28.40 -18.24 -8.08 1.22 10.52 18.11 25.69 32.09 38.50 43.32 48.15 49.20 50.26 46.21 42.15 35.04 27.93 21.49 15.05 12.05 9.05 10.79 12.54 19.74 26.95 41.14 55.32 79.33 103.33 139.11 174.88 218.76 262.64 300.18 337.73 346.29 354.85 322.22 289.59 229.20 168.81 108.12 47.43 8.97
-176.22 -139.19 -102.16 -70.28 -38.41 -13.52 11.36 26.64 41.92 47.63 53.34 53.30 53.26 50.96 48.65 43.97 39.28 31.15 23.03 13.09 3.15 -4.89 -12.93 -15.86 -18.80 -15.44 -12.07 -3.64 4.80 15.03 25.26 33.12 40.98 44.51 48.03 49.08 50.12 50.40 50.68 48.75 46.82 41.21 35.60 28.36 21.11 16.26 11.41 12.32 13.23 21.94 30.65 47.93 65.21 90.35 115.49 146.44 177.38 213.50 249.62 290.96 332.29 368.28 404.27 410.30 416.33 376.90 337.46 267.41 197.36 127.50 57.64 12.33
-172.69 -136.12 -99.56 -72.80 -46.03 -28.10 -10.17 -0.77 8.64 11.01 13.38 11.86 10.35 7.90 5.45 3.32 1.19 -0.37 -1.92 -2.38 -2.84 -1.41 0.02 3.70 7.38 13.56 19.75 28.87 38.00 48.30 58.60 65.02 71.44 70.91 70.37 66.06 61.74 57.47 53.20 48.29 43.38 36.22 29.06 21.67 14.29 11.02 7.76 12.59 17.41 33.09 48.77 76.12 103.48 139.57 175.66 213.55 251.43 287.90 324.37 363.16 401.95 436.38 470.82 474.32 477.82 431.57 385.33 305.63 225.92 146.89 67.85 15.68
-145.70 -113.84 -81.98 -63.65 -45.31 -36.75 -28.19 -26.36 -24.53 -26.70 -28.88 -32.39 -35.91 -38.29 -40.67 -39.93 -39.18 -34.36 -29.54 -21.24 -12.95 -2.94 7.07 16.71 26.36 35.00 43.65 52.80 61.94 71.12 80.30 84.47 88.64 84.40 80.16 71.51 62.86 54.91 46.96 39.70 32.43 24.31 16.19 9.20 2.21 0.72 -0.77 7.43 15.63 36.57 57.50 91.67 125.84 168.60 211.36 252.80 294.24 329.68 365.11 400.67 436.23 468.24 500.25 502.12 504.00 455.64 407.28 325.41 243.55 162.88 82.21 28.56
-118.72 -91.56 -64.41 -54.49 -44.58 -45.40 -46.21 -51.95 -57.69 -64.41 -71.13 -76.65 -82.16 -84.48 -86.80 -83.17 -79.55 -68.35 -57.15 -40.11 -23.06 -4.47 14.13 29.73 45.34 56.44 67.55 76.72 85.89 93.94 102.00 103.92 105.84 97.90 89.95 76.96 63.98 52.35 40.73 31.10 21.48 12.40 3.33 -3.27 -9.87 -9.59 -9.30 2.28 13.86 40.04 66.23 107.22 148.20 197.64 247.07 292.05 337.04 371.45 405.86 438.19 470.52 500.10 529.68 529.93 530.18 479.71 429.23 345.20 261.17 178.87 96.56 41.43
-58.18 -41.55 -24.92 -28.69 -32.46 -46.67 -60.89 -76.54 -92.19 -104.33 -116.48 -124.14 -131.80 -134.06 -136.32 -129.86 -123.41 -105.94 -88.47 -62.98 -37.48 -10.96 15.57 36.25 56.93 69.42 81.91 89.40 96.89 101.61 106.34 104.71 103.09 92.06 81.03 65.14 49.25 34.86 20.47 9.12 -2.23 -11.27 -20.32 -25.52 -30.72 -28.36 -25.99 -11.80 2.38 31.56 60.74 104.35 147.96 198.54 249.11 293.21 337.30 368.64 399.98 426.90 453.81 477.50 501.18 499.76 498.34 453.73 409.12 336.20 263.29 192.19 121.10 72.82
2.37 8.47 14.57 -2.89 -20.35 -47.95 -75.56 -101.12 -126.68 -144.25 -161.83 -171.63 -181.43 -183.63 -185.84 -176.55 -167.27 -143.53 -119.79 -85.84 -51.90 -17.44 17.01 42.77 68.53 82.40 96.27 102.08 107.89 109.28 110.67 105.50 100.33 86.23 72.12 53.32 34.52 17.37 0.21 -12.86 -25.93 -34.95 -43.97 -47.78 -51.58 -47.13 -42.67 -25.88 -9.09 23.08 55.26 101.49 147.72 199.43 251.15 294.36 337.57 365.83 394.09 415.60 437.11 454.90 472.68 469.59 466.49 427.75 389.01 327.20 265.40 205.52 145.64 104.21
90.09 81.20 72.32 36.37 0.41 -44.35 -89.11 -126.34 -163.57 -186.48 -209.39 -220.95 -232.50 -235.10 -237.69 -226.18 -214.67 -184.45 -154.22 -111.13 -68.05 -25.36 17.32 47.64 77.95 91.79 105.63 107.84 110.05 106.36 102.67 93.11 83.55 66.63 49.72 28.66 7.60 -12.00 -31.59 -46.08 -60.58 -68.87 -77.16 -78.91 -80.66 -74.12 -67.58 -48.86 -30.14 3.78 37.70 84.53 131.36 181.55 231.74 271.53 311.33 334.44 357.55 371.18 384.82 394.08 403.34 398.68 394.02 366.50 338.98 297.48 255.98 216.68 177.37 149.13
177.81 153.93 130.06 75.62 21.17 -40.74 -102.66 -151.55 -200.45 -228.70 -256.96 -270.27 -283.58 -286.56 -289.54 -275.81 -262.08 -225.36 -188.64 -136.42 -84.21 -33.28 17.64 52.51 87.38 101.19 115.00 113.60 112.21 103.44 94.67 80.72 66.76 47.04 27.32 4.00 -19.33 -41.36 -63.39 -79.31 -95.23 -102.79 -110.35 -110.05 -109.75 -101.12 -92.49 -71.84 -51.19 -15.52 20.14 67.58 115.01 163.67 212.32 248.71 285.09 303.05 321.00 326.77 332.53 333.26 333.99 327.77 321.55 305.25 288.96 267.76 246.57 227.83 209.10 194.05
263.29 225.00 186.71 114.49 42.28 -35.58 -113.44 -172.35 -231.26 -262.94 -294.63 -308.64 -322.65 -326.54 -330.43 -315.76 -301.08 -258.85 -216.63 -156.12 -95.62 -37.48 20.65 58.86 97.06 109.45 121.84 115.90 109.97 96.01 82.05 64.07 46.10 23.91 1.73 -23.61 -48.95 -73.24 -97.54 -114.78 -132.01 -138.79 -145.57 -143.46 -141.35 -131.25 -121.15 -99.12 -77.10 -39.73 -2.36 46.15 94.65 142.44 190.23 223.30 256.37 268.23 280.09 276.97 273.84 265.84 257.84 250.23 242.61 237.44 232.27 231.51 230.75 233.46 236.18 235.57
348.78 296.06 243.35 153.37 63.38 -30.42 -124.23 -193.14 -262.06 -297.18 -332.30 -347.01 -361.71 -366.52 -371.32 -355.70 -340.08 -292.35 -244.61 -175.82 -107.03 -41.68 23.67 65.21 106.74 117.72 128.69 118.20 107.72 88.57 69.43 47.43 25.43 0.79 -23.85 -51.21 -78.56 -105.13 -131.69 -150.24 -168.79 -174.78 -180.78 -176.86 -172.95 -161.37 -149.80 -126.40 -103.00 -63.93 -24.86 24.71 74.28 121.21 168.14 197.89 227.65 233.42 239.18 227.17 215.15 198.43 181.70 172.68 163.67 169.62 175.58 195.25 214.93 239.09 263.26 277.09
385.18 326.08 266.98 170.54 74.11 -24.63 -123.36 -194.64 -265.93 -300.94 -335.95 -350.07 -364.19 -369.40 -374.61 -359.36 -344.11 -295.28 -246.45 -175.77 -105.09 -38.48 28.14 69.32 110.51 119.16 127.81 113.90 99.99 77.58 55.16 30.88 6.59 -19.26 -45.12 -73.34 -101.55 -129.16 -156.77 -176.06 -195.35 -201.26 -207.16 -202.81 -198.47 -186.53 -174.60 -150.28 -125.97 -84.98 -43.99 7.58 59.15 106.60 154.05 181.65 209.25 209.64 210.03 190.20 170.37 146.34 122.31 111.39 100.46 113.03 125.60 158.45 191.30 229.99 268.69 293.27
421.58 356.09 290.60 187.72 84.83 -18.83 -122.50 -196.14 -269.79 -304.69 -339.60 -353.13 -366.66 -372.28 -377.91 -363.02 -348.14 -298.21 -248.28 -175.72 -103.15 -35.27 32.61 73.44 114.27 120.60 126.93 109.60 92.27 66.58 40.89 14.33 -12.24 -39.31 -66.39 -95.46 -124.54 -153.19 -181.84 -201.88 -221.92 -227.73 -233.54 -228.76 -223.99 -211.69 -199.39 -174.16 -148.94 -106.03 -63.12 -9.55 44.01 91.99 139.97 165.41 190.84 185.86 180.88 153.23 125.58 94.25 62.93 50.09 37.25 56.43 75.62 121.65 167.67 220.90 274.12 309.45
380.34 320.85 261.36 170.18 79.00 -12.28 -103.56 -168.29 -233.02 -263.77 -294.53 -306.38 -318.23 -322.82 -327.41 -313.87 -300.33 -256.10 -211.87 -147.77 -83.67 -23.90 35.87 71.03 106.18 109.75 113.32 95.00 76.68 50.66 24.63 -1.79 -28.22 -54.54 -80.86 -108.75 -136.65 -164.20 -191.76 -211.55 -231.34 -238.16 -244.98 -241.84 -238.70 -227.48 -216.26 -190.51 -164.76 -119.51 -74.26 -17.55 39.17 89.19 139.22 163.87 188.53 179.39 170.24 136.06 101.88 64.16 26.45 10.07 -6.30 13.39 33.08 82.74 132.39 190.41 248.42 288.76
339.11 285.61 232.12 152.64 73.16 -5.73 -84.62 -140.43 -196.24 -222.85 -249.46 -259.63 -269.81 -273.36 -276.92 -264.72 -252.52 -213.99 -175.46 -119.83 -64.20 -12.53 39.13 68.62 98.10 98.91 99.71 80.40 61.10 34.74 8.38 -17.91 -44.20 -69.77 -95.34 -122.05 -148.75 -175.21 -201.67 -221.21 -240.76 -248.58 -256.41 -254.92 -253.42 -243.28 -233.13 -206.85 -180.58 -132.99 -85.41 -25.54 34.32 86.39 138.46 162.34 186.22 172.91 159.61 118.89 78.18 34.07 -10.03 -29.94 -49.84 -29.65 -9.46 43.83 97.11 159.92 222.72 268.06
240.88 202.39 163.89 108.94 53.98 -0.25 -54.47 -93.20 -131.94 -151.11 -170.28 -177.79 -185.29 -187.13 -188.97 -179.25 -169.52 -141.52 -113.51 -73.38 -33.25 4.07 41.39 61.71 82.04 79.63 77.22 58.40 39.58 14.90 -9.77 -33.97 -58.17 -81.17 -104.16 -127.96 -151.75 -175.72 -199.69 -218.41 -237.14 -246.56 -255.99 -257.62 -259.26 -251.71 -244.16 -217.75 -191.35 -139.97 -88.59 -22.75 43.08 100.17 157.27 182.23 207.19 189.80 172.42 123.87 75.33 22.62 -30.09 -56.75 -83.42 -67.31 -51.19 -0.14 50.91 112.56 174.21 220.62
142.65 119.16 95.67 65.23 34.79 5.24 -24.32 -45.98 -67.63 -79.37 -91.10 -95.94 -100.78 -100.90 -101.02 -93.77 -86.52 -69.04 -51.56 -26.93 -2.30 20.67 43.65 54.81 65.97 60.35 54.73 36.39 18.05 -4.93 -27.92 -50.04 -72.15 -92.57 -112.98 -133.87 -154.75 -176.23 -197.71 -215.61 -233.52 -244.55 -255.57 -260.33 -265.09 -260.14 -255.19 -228.65 -202.12 -146.94 -91.77 -19.97 51.83 113.96 176.08 202.12 228.16 206.69 185.22 128.85 72.47 11.17 -50.14 -83.57 -117.00 -104.96 -92.92 -44.11 4.71 65.20 125.69 173.17
31.86 25.37 18.88 14.81 10.75 7.62 4.48 1.37 -1.74 -4.99 -8.24 -10.14 -12.05 -11.09 -10.13 -6.45 -2.77 3.19 9.15 17.51 25.88 34.11 42.35 44.30 46.25 37.58 28.92 11.67 -5.58 -25.78 -45.99 -64.68 -83.38 -99.89 -116.41 -133.43 -150.45 -169.04 -187.63 -204.49 -221.34 -233.57 -245.80 -253.63 -261.45 -259.61 -257.77 -231.11 -204.45 -143.84 -83.22 -2.63 77.96 148.01 218.05 246.83 275.61 249.52 223.42 156.88 90.35 17.05 -56.24 -100.06 -143.89 -139.11 -134.32 -90.81 -47.30 9.11 65.52 111.61
-78.94 -68.43 -57.92 -35.60 -13.29 10.00 33.28 48.72 64.16 69.39 74.62 75.65 76.68 78.72 80.75 80.87 80.98 75.42 69.86 61.96 54.06 47.55 41.05 33.79 26.53 14.81 3.10 -13.05 -29.21 -46.63 -64.05 -79.32 -94.60 -107.22 -119.83 -132.99 -146.15 -161.86 -177.56 -193.36 -209.16 -222.60 -236.03 -246.92 -257.81 -259.08 -260.36 -233.57 -206.78 -140.73 -74.68 14.71 104.09 182.05 260.01 291.54 323.07 292.34 261.62 184.92 108.22 22.94 -62.34 -116.56 -170.78 -173.25 -175.73 -137.52 -99.31 -46.99 5.34 50.04
-167.30 -143.38 -119.46 -77.30 -35.14 8.16 51.46 81.44 111.42 123.76 136.10 139.19 142.28 143.65 145.02 140.61 136.21 120.81 105.41 84.56 63.72 45.57 27.43 13.23 -0.97 -13.98 -26.99 -40.27 -53.55 -66.27 -78.99 -89.21 -99.43 -107.09 -114.75 -123.40 -132.05 -144.30 -156.54 -170.56 -184.57 -198.05 -211.54 -223.73 -235.92 -238.31 -240.69 -212.59 -184.48 -113.31 -42.14 54.91 151.97 237.04 322.11 356.42 390.74 356.27 321.81 236.16 150.50 53.71 -43.07 -109.39 -175.70 -190.09 -204.49 -178.14 -151.78 -109.81 -67.83 -28.94
-255.67 -218.33 -181.00 -119.00 -57.00 6.32 69.64 114.16 158.69 178.13 197.58 202.73 207.88 208.58 209.28 200.36 191.44 166.20 140.96 107.17 73.38 43.60 13.81 -7.33 -28.47 -42.77 -57.08 -67.48 -77.89 -85.91 -93.93 -99.09 -104.25 -106.96 -109.66 -113.80 -117.95 -126.74 -135.53 -147.76 -159.98 -173.51 -187.04 -200.54 -214.04 -217.53 -221.02 -191.60 -162.19 -85.90 -9.61 95.12 199.85 292.03 384.21 421.30 458.40 420.20 382.01 287.39 192.78 84.49 -23.81 -102.21 -180.62 -206.94 -233.25 -218.75 -204.25 -172.63 -141.01 -107.91
-311.95 -266.72 -221.50 -148.37 -75.25 -0.34 74.57 127.93 181.30 205.26 229.22 234.72 240.22 238.01 235.80 221.51 207.22 174.51 141.80 98.97 56.13 17.91 -20.31 -45.74 -71.18 -83.71 -96.25 -100.24 -104.24 -104.30 -104.36 -102.29 -100.23 -97.04 -93.86 -92.85 -91.84 -96.08 -100.31 -109.58 -118.86 -131.37 -143.88 -156.59 -169.30 -170.51 -171.73 -139.03 -106.33 -26.66 53.01 161.85 270.69 367.34 463.98 503.37 542.75 502.82 462.90 363.06 263.22 147.10 30.98 -59.46 -149.90 -194.52 -239.13 -247.30 -255.47 -244.98 -234.50 -213.99
-368.22 -315.11 -262.00 -177.75 -93.50 -7.00 79.50 141.70 203.91 232.39 260.87 266.71 272.55 267.44 262.32 242.66 223.00 182.82 142.64 90.76 38.88 -7.77 -54.42 -84.16 -113.90 -124.66 -135.41 -133.00 -130.59 -122.69 -114.78 -105.49 -96.20 -87.13 -78.05 -71.89 -65.73 -65.41 -65.10 -71.41 -77.73 -89.22 -100.72 -112.63 -124.55 -123.49 -122.43 -86.45 -50.47 32.58 115.62 228.58 341.53 442.65 543.76 585.43 627.10 585.44 543.79 438.73 333.67 209.72 85.77 -16.71 -119.18 -182.10 -245.02 -275.85 -306.68 -317.34 -328.00 -320.07
-410.11 -352.79 -295.48 -204.51 -113.55 -19.65 74.25 141.80 209.35 239.46 269.56 273.58 277.59 268.47 259.34 234.62 209.91 163.82 117.72 58.57 -0.59 -54.38 -108.18 -140.53 -172.88 -178.76 -184.65 -172.12 -159.59 -140.84 -122.09 -104.14 -86.20 -70.94 -55.69 -44.18 -32.67 -27.12 -21.58 -24.44 -27.31 -37.96 -48.60 -59.57 -70.54 -66.09 -61.64 -21.56 18.52 104.62 190.71 307.86 425.00 532.39 639.77 685.75 731.72 688.98 646.24 536.53 426.82 296.53 166.24 51.91 -62.43 -147.56 -232.70 -294.17 -355.64 -396.58 -437.52 -447.87
-451.99 -390.47 -328.95 -231.27 -133.59 -32.29 69.01 141.90 214.79 246.53 278.26 280.44 282.63 269.50 256.36 226.59 196.82 144.81 92.81 26.37 -40.06 -101.00 -161.94 -196.90 -231.87 -232.87 -233.88 -211.23 -188.58 -158.99 -129.39 -102.80 -76.20 -54.76 -33.32 -16.47 0.39 11.17 21.94 22.53 23.11 13.31 3.51 -6.50 -16.52 -8.68 -0.84 43.34 87.52 176.66 265.80 387.13 508.47 622.13 735.79 786.06 836.33 792.51 748.69 634.33 519.97 383.33 246.70 120.52 -5.67 -113.03 -220.38 -312.49 -404.60 -475.82 -547.04 -575.67
-495.92 -432.86 -369.79 -267.30 -164.80 -57.85 49.10 125.41 201.71 232.86 264.00 263.34 262.68 246.75 230.82 198.45 166.08 110.48 54.88 -16.80 -88.47 -154.82 -221.17 -257.18 -293.19 -287.68 -282.18 -248.45 -214.72 -174.55 -134.37 -100.29 -66.20 -40.15 -14.10 6.53 27.17 41.87 56.57 59.31 62.06 51.43 40.79 29.77 18.75 28.09 37.43 84.55 131.66 224.26 316.87 444.89 572.91 697.15 821.39 879.58 937.77 893.57 849.37 730.34 611.30 469.82 328.34 193.07 57.80 -68.78 -195.35 -316.37 -437.38 -539.14 -640.90 -688.42
-539.86 -475.25 -410.64 -303.33 -196.02 -83.41 29.19 108.91 188.63 219.19 249.75 246.24 242.73 224.01 205.28 170.31 135.33 76.14 16.95 -59.97 -136.88 -208.64 -280.40 -317.46 -354.52 -342.50 -330.48 -285.67 -240.86 -190.11 -139.35 -97.78 -56.20 -25.54 5.12 29.53 53.94 72.57 91.19 96.10 101.01 89.54 78.08 66.05 54.03 64.87 75.71 125.76 175.80 271.87 367.94 502.65 637.36 772.18 907.00 973.10 1039.20 994.62 950.05 826.35 702.64 556.31 409.97 265.62 121.26 -24.53 -170.31 -320.24 -470.17 -602.47 -734.77 -801.17
-579.60 -518.84 -458.07 -352.79 -247.51 -136.06 -24.60 54.27 133.14 162.79 192.44 188.54 184.65 166.69 148.74 115.59 82.44 25.63 -31.18 -105.88 -180.57 -250.52 -320.47 -354.70 -388.93 -371.63 -354.33 -303.19 -252.05 -196.19 -140.34 -96.02 -51.71 -20.55 10.62 34.42 58.23 76.01 93.78 97.07 100.35 85.97 71.59 56.60 41.62 50.90 60.18 110.20 160.23 258.02 355.82 495.36 634.90 777.93 920.95 995.35 1069.75 1030.64 991.52 872.23 752.94 610.76 468.59 324.31 180.03 26.48 -127.08 -291.94 -456.81 -606.21 -755.61 -833.68
-619.34 -562.43 -505.51 -402.26 -299.00 -188.70 -78.40 -0.38 77.65 106.39 135.12 130.84 126.57 109.38 92.19 60.87 29.56 -24.88 -79.31 -151.78 -224.25 -292.40 -360.54 -391.94 -423.34 -400.76 -378.18 -320.71 -263.23 -202.28 -141.33 -94.27 -47.21 -15.55 16.11 39.32 62.52 79.45 96.37 98.03 99.69 82.39 65.09 47.16 29.22 36.93 44.64 94.65 144.65 244.17 343.69 488.07 632.44 783.67 934.91 1017.61 1100.31 1066.65 1033.00 918.11 803.23 665.21 527.20 383.00 238.80 77.48 -83.84 -263.64 -443.44 -609.94 -776.45 -866.20
-646.06 -600.36 -554.66 -464.54 -374.42 -276.85 -179.29 -108.70 -38.11 -8.85 20.41 21.01 21.60 9.62 -2.36 -26.99 -51.61 -95.25 -138.90 -197.48 -256.07 -311.05 -366.03 -389.00 -411.97 -387.35 -362.73 -307.29 -251.85 -194.18 -136.51 -93.20 -49.89 -23.05 3.79 20.36 36.94 45.97 55.01 49.74 44.47 22.40 0.32 -21.98 -44.28 -41.73 -39.19 6.66 52.50 150.33 248.16 391.74 535.33 686.35 837.37 925.60 1013.82 995.85 977.88 884.56 791.24 672.92 554.60 423.87 293.14 139.16 -14.83 -190.27 -365.70 -528.74 -691.78 -781.76
-672.78 -638.29 -603.80 -526.81 -449.83 -365.00 -280.17 -217.02 -153.87 -124.08 -94.29 -88.83 -83.37 -90.14 -96.91 -114.84 -132.78 -165.63 -198.48 -243.19 -287.89 -329.70 -371.51 -386.06 -400.60 -373.94 -347.27 -293.87 -240.47 -186.08 -131.69 -92.13 -52.57 -30.55 -8.53 1.41 11.35 12.50 13.65 1.45 -10.75 -37.60 -64.45 -91.11 -117.78 -120.40 -123.01 -81.33 -39.65 56.49 152.63 295.42 438.22 589.03 739.83 833.59 927.34 925.05 922.77 851.01 779.25 680.62 582.00 464.74 347.48 200.84 54.19 -116.89 -287.96 -447.54 -607.11 -697.31
