test/esri_led_0/synt_tma_3600m_led_0.esri
nrows             510
ncols             462
xllcorner      398000.00
yllcorner     7846000.00
cellsize          500.00
NODATA_value    -9999
[rows 224 to 255 of 510, columns 146 to 218 of 462]
-70.36 -72.16 -73.95 -59.15 -44.35 -10.96 22.42 71.97 121.53 178.82 236.10 288.26 340.41 375.00 409.59 420.01 430.43 418.17 405.90 378.23 350.56 316.27 281.98 248.32 214.65 186.49 158.33 138.52 118.72 108.43 98.14 96.64 95.15 99.72 104.28 110.63 116.98 120.80 124.62 123.49 122.37 116.65 110.94 102.94 94.94 87.24 79.54 73.90 68.26 65.41 62.56 62.45 62.33 64.44 66.56 70.26 73.97 78.64 83.31 88.29 93.26 97.88 102.50 106.28 110.07 112.78 115.49 116.98 118.47 118.57 118.67 117.36 116.05
-69.39 -71.34 -73.29 -58.64 -43.98 -10.94 22.09 70.93 119.77 175.95 232.13 282.84 333.55 366.42 399.28 407.82 416.37 402.33 388.29 359.37 330.46 295.81 261.16 228.15 195.14 168.43 141.73 123.81 105.88 97.47 89.05 89.14 89.23 94.92 100.61 107.62 114.62 118.69 122.77 121.62 120.47 114.60 108.74 100.61 92.49 84.85 77.22 71.93 66.65 64.40 62.15 62.71 63.27 65.95 68.64 72.69 76.74 81.51 86.27 91.12 95.96 100.29 104.61 107.97 111.34 113.57 115.80 116.83 117.86 117.62 117.38 115.89 114.41
-63.86 -66.23 -68.60 -54.48 -40.36 -8.12 24.11 71.81 119.50 174.25 228.99 278.07 327.15 358.26 389.36 396.10 402.84 387.18 371.52 341.48 311.43 276.41 241.39 208.79 176.20 150.52 124.85 108.23 91.61 84.48 77.35 78.50 79.66 86.10 92.53 99.96 107.39 111.67 115.94 114.89 113.83 108.04 102.26 94.32 86.38 79.13 71.89 67.25 62.61 61.20 59.78 61.20 62.62 66.01 69.40 73.90 78.40 83.33 88.26 93.05 97.84 101.92 106.01 109.01 112.01 113.81 115.60 116.22 116.84 116.29 115.74 114.09 112.44
-58.34 -61.12 -63.91 -50.32 -36.74 -5.30 26.13 72.69 119.24 172.55 225.86 273.30 320.75 350.09 379.44 384.38 389.31 372.03 354.75 323.58 292.40 257.01 221.61 189.44 157.27 132.61 107.96 92.65 77.33 71.49 65.65 67.87 70.09 77.27 84.45 92.31 100.17 104.64 109.12 108.15 107.18 101.48 95.78 88.02 80.27 73.41 66.56 62.57 58.57 57.99 57.41 59.69 61.97 66.07 70.17 75.11 80.05 85.16 90.26 94.98 99.71 103.56 107.40 110.04 112.68 114.04 115.41 115.62 115.83 114.96 114.10 112.28 110.46
-51.38 -54.99 -58.61 -46.08 -33.55 -3.43 26.69 71.68 116.67 168.27 219.88 265.63 311.38 339.17 366.96 370.59 374.21 355.95 337.70 306.00 274.30 238.90 203.49 171.80 140.10 116.23 92.36 77.93 63.49 58.44 53.39 56.20 59.02 66.58 74.13 82.18 90.23 94.81 99.39 98.55 97.70 92.22 86.74 79.34 71.95 65.66 59.36 56.13 52.89 53.20 53.50 56.67 59.83 64.68 69.52 74.99 80.46 85.85 91.24 96.04 100.85 104.61 108.38 110.81 113.23 114.32 115.41 115.32 115.23 114.12 113.01 111.03 109.04
-44.42 -48.86 -53.30 -41.83 -30.36 -1.56 27.24 70.67 114.10 164.00 213.89 257.95 302.01 328.25 354.49 356.80 359.11 339.88 320.64 288.42 256.20 220.79 185.38 154.16 122.93 99.85 76.77 63.21 49.65 45.39 41.12 44.54 47.95 55.88 63.81 72.05 80.29 84.98 89.67 88.95 88.22 82.96 77.69 70.67 63.64 57.90 52.17 49.68 47.20 48.40 49.59 53.64 57.69 63.28 68.88 74.87 80.86 86.54 92.22 97.10 101.99 105.67 109.35 111.57 113.79 114.60 115.40 115.02 114.64 113.29 111.93 109.77 107.61
-38.50 -44.17 -49.84 -39.90 -29.97 -2.92 24.12 65.65 107.19 155.20 203.22 245.64 288.06 313.16 338.26 340.06 341.85 322.65 303.45 271.65 239.84 205.07 170.30 139.80 109.31 86.92 64.53 51.51 38.49 34.57 30.65 34.20 37.75 45.64 53.54 61.67 69.79 74.40 79.01 78.36 77.70 72.68 67.66 61.06 54.45 49.30 44.14 42.38 40.62 42.62 44.61 49.46 54.30 60.60 66.90 73.46 80.02 86.11 92.20 97.35 102.49 106.29 110.08 112.31 114.53 115.25 115.98 115.46 114.95 113.43 111.92 109.60 107.27
-32.58 -39.48 -46.37 -37.97 -29.57 -4.29 20.99 60.63 100.27 146.41 192.54 233.33 274.12 298.08 322.04 323.32 324.59 305.43 286.27 254.87 223.48 189.35 155.22 125.45 95.68 73.98 52.28 39.81 27.33 23.75 20.17 23.86 27.54 35.41 43.27 51.28 59.29 63.82 68.36 67.76 67.17 62.40 57.63 51.44 45.26 40.69 36.12 35.08 34.04 36.83 39.63 45.27 50.91 57.92 64.93 72.06 79.19 85.69 92.19 97.59 102.99 106.90 110.81 113.04 115.26 115.91 116.55 115.90 115.26 113.58 111.91 109.42 106.93
-29.46 -37.76 -46.07 -39.41 -32.75 -9.37 14.01 51.74 89.48 133.89 178.31 217.83 257.35 280.81 304.27 305.92 307.57 289.46 271.35 241.30 211.24 178.39 145.53 116.77 88.01 66.93 45.85 33.60 21.35 17.66 13.96 17.29 20.62 27.99 35.37 42.88 50.40 54.57 58.74 58.03 57.31 52.67 48.03 42.18 36.33 32.24 28.15 27.69 27.24 30.68 34.11 40.40 46.69 54.32 61.96 69.66 77.36 84.36 91.36 97.17 102.97 107.19 111.41 113.84 116.27 117.03 117.78 117.16 116.54 114.81 113.08 110.43 107.79
-26.34 -36.05 -45.76 -40.85 -35.94 -14.46 7.02 42.86 78.69 121.38 164.07 202.33 240.58 263.54 286.49 288.52 290.55 273.49 256.44 227.72 199.01 167.43 135.85 108.09 80.33 59.87 39.42 27.40 15.37 11.56 7.75 10.72 13.70 20.58 27.47 34.48 41.50 45.31 49.13 48.29 47.45 42.94 38.43 32.91 27.40 23.79 20.18 20.31 20.44 24.52 28.59 35.54 42.48 50.73 58.98 67.26 75.53 83.03 90.53 96.74 102.96 107.49 112.01 114.65 117.28 118.15 119.02 118.42 117.83 116.03 114.24 111.44 108.65
-27.07 -37.97 -48.86 -45.44 -42.03 -22.14 -2.26 32.10 66.46 107.99 149.53 187.22 224.91 248.17 271.43 274.69 277.96 262.81 247.65 220.99 194.34 164.51 134.68 108.07 81.47 61.49 41.50 29.31 17.13 12.68 8.24 10.29 12.34 18.20 24.05 30.10 36.14 39.21 42.27 41.01 39.74 35.11 30.49 25.10 19.71 16.39 13.07 13.58 14.09 18.60 23.11 30.52 37.93 46.67 55.42 64.21 73.01 81.03 89.06 95.78 102.50 107.47 112.43 115.42 118.42 119.55 120.68 120.25 119.81 118.04 116.27 113.37 110.46
-27.80 -39.88 -51.96 -50.04 -48.13 -29.83 -11.54 21.34 54.23 94.61 134.99 172.11 209.24 232.80 256.36 260.87 265.38 252.12 238.86 214.27 189.67 161.59 133.51 108.06 82.61 63.10 43.58 31.23 18.88 13.80 8.73 9.86 10.98 15.81 20.63 25.71 30.78 33.10 35.42 33.72 32.03 27.29 22.55 17.29 12.02 8.99 5.95 6.84 7.73 12.68 17.62 25.50 33.37 42.62 51.86 61.17 70.48 79.04 87.59 94.82 102.04 107.45 112.85 116.20 119.55 120.95 122.35 122.07 121.79 120.05 118.31 115.29 112.27
-32.57 -45.16 -57.75 -56.62 -55.49 -38.08 -20.67 11.46 43.59 83.57 123.55 160.91 198.27 222.94 247.61 254.14 260.66 250.01 239.36 217.38 195.40 169.39 143.37 119.07 94.77 75.43 56.09 43.10 30.11 23.81 17.50 17.06 16.61 19.76 22.91 26.45 29.99 31.10 32.21 29.73 27.26 22.13 17.00 11.63 6.27 3.29 0.32 1.36 2.40 7.53 12.67 20.79 28.90 38.46 48.02 57.75 67.48 76.52 85.57 93.31 101.06 106.97 112.88 116.68 120.48 122.24 124.00 123.98 123.95 122.31 120.68 117.60 114.53
-37.34 -50.44 -63.54 -63.20 -62.86 -46.33 -29.79 1.58 32.95 72.53 112.12 149.72 187.31 213.09 238.87 247.40 255.94 247.90 239.85 220.50 201.14 177.18 153.23 130.08 106.92 87.76 68.60 54.97 41.34 33.81 26.27 24.26 22.24 23.72 25.19 27.20 29.20 29.10 29.01 25.75 22.49 16.97 11.45 5.98 0.51 -2.40 -5.31 -4.12 -2.94 2.39 7.72 16.07 24.43 34.31 44.19 54.33 64.47 74.01 83.54 91.81 100.08 106.50 112.91 117.16 121.41 123.53 125.66 125.88 126.11 124.58 123.04 119.92 116.79
-45.32 -57.99 -70.66 -70.16 -69.66 -53.13 -36.60 -5.22 26.16 66.04 105.91 144.38 182.85 210.33 237.80 248.90 260.01 255.06 250.12 233.77 217.42 195.66 173.90 151.74 129.57 110.20 90.82 76.05 61.27 51.95 42.62 38.42 34.22 33.42 32.61 32.55 32.50 30.80 29.11 24.79 20.48 14.38 8.27 2.55 -3.18 -6.18 -9.19 -8.06 -6.93 -1.64 3.65 12.02 20.38 30.39 40.39 50.81 61.22 71.17 81.11 89.86 98.61 105.52 112.43 117.15 121.87 124.40 126.93 127.45 127.97 126.59 125.21 122.09 118.96
-53.30 -65.54 -77.78 -77.12 -76.45 -59.93 -43.41 -12.02 19.37 59.54 99.71 139.04 178.38 207.56 236.74 250.41 264.07 262.23 260.39 247.04 233.69 214.13 194.58 173.40 152.22 132.63 113.05 97.13 81.21 70.09 58.97 52.58 46.20 43.11 40.03 37.91 35.80 32.50 29.21 23.84 18.46 11.78 5.10 -0.88 -6.86 -9.97 -13.07 -11.99 -10.91 -5.67 -0.42 7.96 16.33 26.46 36.59 47.28 57.98 68.33 78.68 87.91 97.13 104.54 111.95 117.14 122.32 125.26 128.20 129.02 129.84 128.61 127.39 124.26 121.13
-62.62 -73.53 -84.43 -82.73 -81.03 -63.77 -46.51 -14.53 17.46 58.34 99.22 139.71 180.20 211.25 242.29 258.58 274.88 276.16 277.44 267.05 256.67 239.16 221.66 201.18 180.69 160.52 140.34 122.90 105.47 92.21 78.95 70.06 61.16 55.51 49.85 45.46 41.07 36.05 31.04 24.56 18.08 10.81 3.54 -2.70 -8.94 -12.18 -15.41 -14.47 -13.52 -8.45 -3.37 4.85 13.08 23.18 33.29 44.12 54.96 65.60 76.24 85.85 95.46 103.29 111.11 116.71 122.30 125.60 128.90 129.99 131.08 130.01 128.94 125.83 122.73
-71.94 -81.51 -91.08 -88.34 -85.60 -67.60 -49.61 -17.03 15.54 57.14 98.73 140.38 182.03 214.93 247.83 266.76 285.69 290.09 294.49 287.07 279.65 264.20 248.74 228.95 209.16 188.40 167.64 148.68 129.73 114.34 98.94 87.54 76.13 67.90 59.67 53.01 46.34 39.60 32.87 25.28 17.69 9.83 1.98 -4.52 -11.02 -14.39 -17.75 -16.94 -16.13 -11.23 -6.33 1.75 9.84 19.91 29.98 40.96 51.93 62.87 73.81 83.80 93.79 102.03 110.27 116.27 122.27 125.93 129.60 130.96 132.33 131.41 130.49 127.41 124.32
-79.99 -87.51 -95.03 -90.64 -86.25 -67.10 -47.94 -14.59 18.76 61.02 103.27 145.80 188.32 222.61 256.90 277.84 298.78 305.62 312.46 307.37 302.27 288.34 274.41 254.94 235.47 213.90 192.33 171.78 151.24 133.76 116.28 102.53 88.77 78.21 67.64 58.99 50.33 42.17 34.00 25.59 17.18 8.99 0.80 -5.76 -12.31 -15.66 -19.00 -18.24 -17.48 -12.73 -7.98 -0.08 7.82 17.79 27.75 38.75 49.74 60.83 71.92 82.14 92.35 100.85 109.34 115.59 121.83 125.71 129.59 131.11 132.64 131.80 130.95 127.87 124.79
-88.05 -93.51 -98.98 -92.94 -86.91 -66.59 -46.28 -12.15 21.98 64.90 107.81 151.21 194.62 230.30 265.97 288.92 311.87 321.15 330.43 327.66 324.89 312.49 300.08 280.93 261.78 239.40 217.02 194.88 172.74 153.18 133.62 117.51 101.41 88.51 75.62 64.97 54.33 44.73 35.14 25.91 16.68 8.15 -0.38 -6.99 -13.60 -16.92 -20.25 -19.54 -18.83 -14.23 -9.63 -1.91 5.81 15.66 25.51 36.54 47.56 58.79 70.03 80.47 90.92 99.66 108.41 114.90 121.39 125.48 129.58 131.26 132.95 132.18 131.42 128.34 125.25
-92.35 -95.24 -98.13 -90.10 -82.06 -60.52 -38.98 -4.38 30.21 73.12 116.03 159.36 202.69 238.61 274.53 298.22 321.91 332.33 342.76 341.16 339.56 327.87 316.18 296.98 277.77 254.60 231.42 207.96 184.51 163.34 142.18 124.38 106.58 92.11 77.63 65.76 53.88 43.55 33.22 23.77 14.32 5.98 -2.37 -8.61 -14.85 -17.83 -20.81 -19.92 -19.03 -14.43 -9.82 -2.22 5.39 15.11 24.83 35.76 46.70 57.91 69.12 79.58 90.03 98.79 107.55 114.04 120.53 124.60 128.67 130.31 131.95 131.12 130.30 127.15 124.01
-96.65 -96.97 -97.29 -87.25 -77.21 -54.45 -31.69 3.38 38.45 81.34 124.24 167.50 210.76 246.92 283.09 307.52 331.95 343.52 355.09 354.66 354.23 343.26 332.28 313.03 293.77 269.79 245.82 221.05 196.27 173.51 150.74 131.24 111.74 95.70 79.65 66.54 53.43 42.36 31.30 21.64 11.97 3.81 -4.36 -10.23 -16.09 -18.73 -21.37 -20.30 -19.23 -14.62 -10.02 -2.53 4.96 14.55 24.14 34.99 45.85 57.03 68.22 78.68 89.15 97.92 106.69 113.18 119.67 123.72 127.76 129.36 130.95 130.07 129.18 125.97 122.76
-95.99 -93.42 -90.85 -78.69 -66.52 -42.76 -19.01 15.85 50.70 92.49 134.29 176.10 217.92 252.81 287.70 311.31 334.91 346.09 357.28 356.71 356.14 345.02 333.91 314.32 294.74 270.17 245.61 220.05 194.49 170.89 147.28 127.04 106.80 90.21 73.62 60.27 46.93 36.01 25.10 15.99 6.87 -0.46 -7.80 -12.77 -17.74 -19.63 -21.52 -19.97 -18.42 -13.62 -8.81 -1.31 6.19 15.66 25.14 35.82 46.50 57.49 68.48 78.72 88.96 97.49 106.01 112.23 118.44 122.19 125.94 127.24 128.55 127.42 126.30 122.95 119.59
-95.33 -89.88 -84.42 -70.12 -55.83 -31.08 -6.32 28.32 62.96 103.65 144.33 184.71 225.08 258.70 292.32 315.10 337.87 348.67 359.46 358.75 358.04 346.79 335.53 315.62 295.70 270.55 245.40 219.06 192.72 168.27 143.82 122.84 101.85 84.72 67.60 54.01 40.43 29.67 18.91 10.34 1.77 -4.73 -11.24 -15.31 -19.38 -20.53 -21.67 -19.64 -17.62 -12.61 -7.59 -0.09 7.41 16.77 26.13 36.65 47.16 57.95 68.73 78.76 88.78 97.06 105.34 111.27 117.21 120.66 124.11 125.12 126.14 124.78 123.43 119.92 116.42
-90.36 -82.00 -73.64 -57.37 -41.11 -15.80 9.52 43.17 76.81 115.31 153.80 191.44 229.08 260.05 291.02 311.58 332.14 341.24 350.34 348.44 346.54 334.53 322.52 302.18 281.84 256.45 231.06 204.58 178.10 153.67 129.23 108.48 87.72 71.07 54.41 41.52 28.63 18.82 9.01 1.65 -5.71 -10.85 -15.98 -18.73 -21.48 -21.55 -21.62 -18.87 -16.12 -10.72 -5.32 2.31 9.93 19.23 28.52 38.82 49.13 59.60 70.07 79.70 89.33 97.15 104.98 110.41 115.84 118.76 121.68 122.19 122.71 120.97 119.22 115.48 111.75
-85.39 -74.12 -62.86 -44.63 -26.39 -0.52 25.36 58.01 90.67 126.96 163.26 198.17 233.08 261.40 289.71 308.05 326.40 333.81 341.22 338.13 335.03 322.27 309.50 288.74 267.98 242.35 216.72 190.10 163.49 139.06 114.64 94.12 73.60 57.41 41.23 29.03 16.84 7.97 -0.89 -7.04 -13.19 -16.96 -20.73 -22.15 -23.58 -22.58 -21.57 -18.09 -14.62 -8.83 -3.04 4.71 12.46 21.69 30.91 41.00 51.09 61.25 71.40 80.64 89.88 97.25 104.62 109.54 114.46 116.85 119.24 119.27 119.29 117.15 115.01 111.04 107.07
-77.99 -64.22 -50.44 -30.72 -10.99 14.86 40.72 71.69 102.67 135.99 169.32 200.64 231.96 256.73 281.50 296.76 312.01 316.98 321.95 317.14 312.34 298.64 284.93 263.93 242.93 217.56 192.20 166.17 140.13 116.54 92.95 73.49 54.04 39.09 24.14 13.28 2.43 -4.99 -12.42 -17.01 -21.60 -23.78 -25.96 -25.91 -25.87 -23.68 -21.48 -17.17 -12.86 -6.57 -0.29 7.68 15.65 24.87 34.08 43.97 53.86 63.66 73.46 82.23 91.00 97.81 104.62 108.91 113.21 114.93 116.66 116.07 115.48 112.85 110.23 105.96 101.69
-70.60 -54.31 -38.03 -16.81 4.41 30.24 56.07 85.37 114.67 145.02 175.37 203.10 230.84 252.07 273.30 285.46 297.62 300.15 302.67 296.16 289.65 275.01 260.36 239.12 217.88 192.78 167.68 142.23 116.78 94.02 71.26 52.87 34.48 20.76 7.05 -2.47 -11.98 -17.96 -23.94 -26.98 -30.02 -30.60 -31.19 -29.67 -28.16 -24.77 -21.39 -16.24 -11.09 -4.31 2.47 10.65 18.84 28.04 37.25 46.93 56.62 66.07 75.52 83.82 92.12 98.37 104.63 108.29 111.95 113.01 114.08 112.88 111.67 108.56 105.45 100.88 96.30
-62.81 -44.75 -26.69 -4.71 17.26 42.42 67.59 94.67 121.76 148.69 175.62 199.37 223.12 240.45 257.78 266.59 275.39 275.33 275.27 267.09 258.91 243.60 228.29 207.31 186.33 162.20 138.07 114.00 89.93 68.76 47.58 30.87 14.16 2.13 -9.90 -17.78 -25.67 -30.09 -34.50 -36.02 -37.54 -36.67 -35.80 -33.00 -30.19 -25.74 -21.30 -15.37 -9.45 -2.16 5.12 13.57 22.02 31.26 40.50 50.03 59.55 68.67 77.79 85.63 93.47 99.15 104.83 107.84 110.85 111.24 111.63 109.79 107.95 104.33 100.71 95.80 90.89
-55.02 -35.18 -15.35 7.39 30.12 54.61 79.10 103.97 128.85 152.36 175.86 195.63 215.40 228.83 242.27 247.72 253.16 250.52 247.88 238.03 228.18 212.19 196.21 175.50 154.79 131.62 108.46 85.77 63.08 43.49 23.91 8.88 -6.15 -16.49 -26.84 -33.10 -39.36 -42.21 -45.06 -45.06 -45.06 -42.74 -40.42 -36.32 -32.21 -26.71 -21.21 -14.51 -7.81 -0.01 7.78 16.49 25.19 34.48 43.76 53.12 62.48 71.27 80.06 87.44 94.82 99.93 105.04 107.40 109.76 109.46 109.17 106.70 104.22 100.10 95.97 90.73 85.48
-48.26 -27.53 -6.79 15.92 38.62 61.85 85.08 107.39 129.70 149.63 169.57 185.33 201.09 210.73 220.38 222.69 225.01 220.13 215.25 204.18 193.12 177.04 160.96 141.22 121.49 100.10 78.70 58.16 37.62 20.23 2.83 -10.14 -23.12 -31.64 -40.15 -44.82 -49.50 -50.99 -52.48 -51.30 -50.12 -46.78 -43.44 -38.45 -33.46 -27.23 -20.99 -13.72 -6.44 1.77 9.98 18.93 27.88 37.22 46.56 55.79 65.03 73.54 82.04 89.01 95.97 100.56 105.15 106.91 108.67 107.76 106.85 103.80 100.74 96.14 91.54 85.97 80.40
-41.51 -19.87 1.77 24.45 47.13 69.09 91.06 110.81 130.55 146.91 163.27 175.03 186.78 192.63 198.48 197.67 196.86 189.74 182.63 170.34 158.06 141.88 125.70 106.95 88.20 68.57 48.95 30.55 12.16 -3.04 -18.24 -29.17 -40.09 -46.78 -53.46 -56.55 -59.64 -59.77 -59.90 -57.55 -55.19 -50.82 -46.45 -40.58 -34.71 -27.75 -20.78 -12.92 -5.07 3.55 12.17 21.36 30.56 39.95 49.35 58.47 67.58 75.80 84.03 90.57 97.12 101.19 105.26 106.42 107.59 106.06 104.53 100.89 97.26 92.18 87.11 81.21 75.31
