test/esri_led_0/synt_tma_4800m_led_0.esri
nrows             510
ncols             462
xllcorner      398000.00
yllcorner     7846000.00
cellsize          500.00
NODATA_value    -9999
[rows 416 to 447 of 510, columns 216 to 287 of 462]
118.61 122.52 126.42 129.77 133.11 136.62 140.12 143.99 147.87 152.05 156.24 160.68 165.11 169.29 173.47 176.30 179.13 179.95 180.76 179.98 179.20 177.30 175.40 171.96 168.52 163.00 157.48 150.09 142.70 133.77 124.83 114.03 103.23 90.28 77.32 62.93 48.53 34.00 19.47 5.76 -7.96 -20.51 -33.05 -44.28 -55.50 -65.28 -75.07 -83.43 -91.80 -99.15 -106.51 -113.69 -120.88 -129.00 -137.13 -147.18 -157.24 -169.38 -181.51 -194.20 -206.89 -216.70 -226.51 -229.46 -232.41 -226.63 -220.86 -207.87 -194.88 -177.56 -160.25 -140.34
130.49 133.83 137.17 140.13 143.09 146.37 149.66 153.38 157.10 161.09 165.08 169.25 173.43 177.30 181.17 183.59 186.01 186.23 186.44 184.88 183.32 180.61 177.89 173.82 169.74 163.81 157.87 150.10 142.32 132.83 123.34 111.80 100.27 86.45 72.62 57.15 41.67 25.85 10.03 -5.00 -20.04 -33.88 -47.73 -60.49 -73.25 -84.99 -96.73 -107.36 -117.99 -127.91 -137.82 -148.11 -158.41 -169.93 -181.45 -194.08 -206.71 -219.84 -232.98 -245.50 -258.03 -266.87 -275.71 -276.10 -276.50 -265.94 -255.37 -236.29 -217.20 -194.40 -171.61 -148.32
138.81 141.80 144.78 147.59 150.39 153.68 156.97 160.66 164.36 168.15 171.94 175.78 179.61 183.09 186.58 188.53 190.49 190.11 189.73 187.46 185.20 181.85 178.50 174.02 169.54 163.44 157.33 149.41 141.49 131.66 121.83 109.70 97.58 82.92 68.27 51.69 35.12 18.05 0.97 -15.21 -31.40 -46.20 -61.00 -74.82 -88.63 -101.76 -114.90 -127.17 -139.44 -151.25 -163.06 -175.78 -188.49 -202.71 -216.93 -231.39 -245.85 -259.22 -272.59 -284.29 -295.99 -303.44 -310.89 -308.64 -306.39 -291.28 -276.17 -251.62 -227.07 -199.82 -172.57 -147.24
147.14 149.76 152.39 155.04 157.70 160.99 164.27 167.95 171.62 175.21 178.80 182.30 185.80 188.89 191.98 193.48 194.97 193.99 193.01 190.05 187.08 183.09 179.11 174.22 169.34 163.07 156.79 148.72 140.66 130.49 120.32 107.61 94.89 79.40 63.91 46.24 28.57 10.24 -8.09 -25.42 -42.76 -58.52 -74.28 -89.15 -104.02 -118.54 -133.06 -146.97 -160.89 -174.59 -188.30 -203.44 -218.58 -235.49 -252.40 -268.69 -284.99 -298.59 -312.20 -323.07 -333.95 -340.01 -346.08 -341.18 -336.28 -316.63 -296.97 -266.95 -236.93 -205.23 -173.53 -146.16
147.76 150.52 153.29 156.29 159.30 162.99 166.67 170.59 174.50 178.05 181.60 184.84 188.08 190.86 193.65 194.87 196.10 194.91 193.73 190.65 187.57 183.61 179.64 174.96 170.29 164.36 158.43 150.69 142.95 132.87 122.78 109.77 96.75 80.56 64.37 45.74 27.11 7.85 -11.42 -29.32 -47.23 -63.08 -78.93 -93.58 -108.23 -122.54 -136.84 -150.69 -164.54 -178.45 -192.36 -208.05 -223.74 -241.32 -258.90 -275.36 -291.82 -304.71 -317.60 -327.14 -336.67 -341.10 -345.54 -338.59 -331.65 -309.41 -287.17 -254.60 -222.04 -188.94 -155.84 -129.15
148.38 151.28 154.18 157.54 160.90 164.99 169.08 173.23 177.39 180.90 184.40 187.39 190.37 192.84 195.31 196.27 197.23 195.83 194.44 191.25 188.06 184.12 180.18 175.71 171.24 165.66 160.07 152.65 145.24 135.24 125.24 111.93 98.61 81.72 64.83 45.24 25.65 5.45 -14.75 -33.23 -51.71 -67.64 -83.57 -98.01 -112.45 -126.53 -140.62 -154.41 -168.20 -182.31 -196.42 -212.66 -228.90 -247.15 -265.39 -282.03 -298.66 -310.83 -323.01 -331.20 -339.39 -342.19 -345.00 -336.00 -327.01 -302.18 -277.36 -242.25 -207.14 -172.64 -138.14 -112.14
139.27 142.94 146.62 150.97 155.31 160.30 165.28 170.00 174.72 178.41 182.09 184.96 187.83 190.12 192.41 193.40 194.39 193.41 192.43 189.96 187.50 184.46 181.43 177.91 174.40 169.78 165.15 158.60 152.05 142.62 133.18 119.87 106.56 89.07 71.59 51.15 30.72 9.98 -10.77 -29.11 -47.44 -62.33 -77.22 -89.78 -102.34 -114.06 -125.78 -137.29 -148.80 -160.99 -173.18 -187.63 -202.07 -218.42 -234.77 -249.56 -264.35 -274.86 -285.37 -291.81 -298.25 -299.25 -300.24 -290.12 -280.00 -255.38 -230.76 -197.07 -163.38 -131.29 -99.21 -77.00
130.15 134.61 139.06 144.40 149.73 155.61 161.49 166.77 172.06 175.92 179.77 182.53 185.28 187.39 189.50 190.53 191.56 190.98 190.41 188.68 186.95 184.81 182.67 180.12 177.56 173.90 170.23 164.54 158.86 149.99 141.12 127.81 114.50 96.42 78.34 57.07 35.80 14.50 -6.80 -24.98 -43.17 -57.02 -70.87 -81.55 -92.22 -101.58 -110.94 -120.18 -129.41 -139.68 -149.94 -162.59 -175.25 -189.69 -204.14 -217.09 -230.05 -238.89 -247.73 -252.42 -257.12 -256.30 -255.49 -244.24 -232.99 -208.58 -184.17 -151.89 -119.61 -89.94 -60.27 -41.85
113.32 119.02 124.72 131.51 138.30 145.44 152.58 158.69 164.79 168.99 173.19 175.96 178.73 180.84 182.95 184.34 185.74 186.12 186.51 186.21 185.91 185.36 184.82 183.75 182.68 180.34 177.99 173.44 168.90 160.81 152.72 139.48 126.23 107.44 88.65 66.42 44.20 22.48 0.76 -16.79 -34.34 -46.26 -58.18 -65.60 -73.02 -78.27 -83.52 -88.67 -93.81 -100.44 -107.06 -116.10 -125.13 -135.79 -146.44 -156.14 -165.84 -172.44 -179.04 -181.92 -184.80 -182.40 -179.99 -168.65 -157.31 -135.37 -113.43 -85.49 -57.54 -32.89 -8.23 4.43
96.48 103.43 110.37 118.62 126.87 135.27 143.68 150.60 157.52 162.06 166.61 169.40 172.18 174.29 176.40 178.16 179.92 181.26 182.61 183.74 184.88 185.92 186.96 187.38 187.81 186.77 185.74 182.34 178.93 171.62 164.32 151.14 137.96 118.46 98.96 75.78 52.60 30.46 8.32 -8.60 -25.52 -35.50 -45.49 -49.65 -53.81 -54.95 -56.09 -57.15 -58.22 -61.20 -64.19 -69.61 -75.02 -81.88 -88.75 -95.19 -101.63 -106.00 -110.36 -111.42 -112.49 -108.49 -104.49 -93.06 -81.62 -62.16 -42.70 -19.09 4.52 24.17 43.81 50.72
76.68 84.90 93.13 102.81 112.49 122.14 131.79 139.55 147.30 152.26 157.21 160.18 163.14 165.50 167.86 170.31 172.76 175.40 178.04 180.92 183.80 186.65 189.50 191.45 193.40 193.49 193.58 190.96 188.35 181.43 174.52 161.03 147.54 126.96 106.39 81.96 57.53 34.81 12.10 -4.13 -20.35 -28.10 -35.86 -36.26 -36.66 -33.05 -29.45 -25.71 -21.98 -20.57 -19.16 -20.25 -21.34 -23.85 -26.36 -29.28 -32.21 -34.45 -36.69 -36.47 -36.25 -31.53 -26.82 -16.36 -5.91 9.98 25.87 44.24 62.62 76.79 90.95 92.29
56.87 66.38 75.89 87.00 98.11 109.00 119.90 128.49 137.08 142.45 147.82 150.96 154.09 156.71 159.33 162.47 165.61 169.54 173.47 178.10 182.72 187.38 192.04 195.51 198.99 200.20 201.41 199.59 197.77 191.24 184.72 170.92 157.12 135.47 113.81 88.13 62.45 39.17 15.88 0.35 -15.18 -20.70 -26.22 -22.87 -19.51 -11.16 -2.81 5.73 14.26 20.06 25.86 29.11 32.35 34.19 36.03 36.62 37.22 37.10 36.97 38.49 40.00 45.43 50.86 60.33 69.80 82.11 94.43 107.58 120.72 129.41 138.10 133.86
38.68 49.02 59.36 71.29 83.21 94.81 106.41 115.53 124.66 130.44 136.23 139.78 143.33 146.54 149.75 153.87 157.99 163.35 168.71 175.04 181.36 187.60 193.84 198.36 202.88 204.43 205.98 203.89 201.80 194.57 187.33 172.37 157.42 134.26 111.09 83.95 56.80 32.72 8.63 -6.47 -21.58 -25.19 -28.80 -22.17 -15.53 -3.03 9.47 22.35 35.23 45.21 55.20 62.51 69.82 75.41 81.00 84.36 87.72 88.94 90.16 91.86 93.56 98.26 102.95 110.32 117.69 126.25 134.82 143.31 151.80 156.11 160.41 152.62
20.48 31.66 42.83 55.58 68.32 80.61 92.91 102.57 112.24 118.44 124.64 128.60 132.56 136.37 140.18 145.27 150.36 157.16 163.95 171.98 180.01 187.83 195.64 201.21 206.77 208.65 210.54 208.19 205.84 197.89 189.94 173.83 157.72 133.05 108.37 79.76 51.15 26.27 1.39 -13.30 -27.98 -29.68 -31.39 -21.47 -11.55 5.10 21.74 38.97 56.19 70.36 84.54 95.91 107.29 116.63 125.97 132.10 138.22 140.78 143.34 145.23 147.13 151.09 155.05 160.32 165.58 170.39 175.20 179.04 182.88 182.80 182.73 171.39
6.34 17.62 28.89 41.51 54.13 66.29 78.44 88.16 97.88 104.47 111.05 115.69 120.33 125.06 129.78 136.05 142.32 150.55 158.77 168.29 177.81 186.75 195.70 201.58 207.45 208.60 209.75 205.75 201.76 191.69 181.63 163.41 145.19 118.67 92.14 61.99 31.83 5.94 -19.95 -34.67 -49.39 -49.86 -50.34 -38.16 -25.98 -6.49 13.00 33.40 53.81 71.39 88.97 103.64 118.30 130.31 142.32 150.03 157.74 160.56 163.38 164.14 164.90 166.54 168.17 170.32 172.47 173.75 175.04 175.32 175.61 172.77 169.94 157.86
-7.80 3.57 14.94 27.44 39.95 51.96 63.98 73.75 83.53 90.50 97.46 102.78 108.10 113.74 119.39 126.84 134.29 143.94 153.59 164.60 175.60 185.68 195.76 201.95 208.14 208.55 208.96 203.32 197.68 185.50 173.32 152.99 132.66 104.28 75.90 44.21 12.52 -14.38 -41.29 -56.04 -70.80 -70.04 -69.29 -54.85 -40.41 -18.08 4.25 27.84 51.44 72.42 93.40 111.36 129.32 144.00 158.67 167.97 177.27 180.34 183.42 183.05 182.68 181.99 181.30 180.33 179.36 177.12 174.87 171.61 168.34 162.74 157.15 144.33
-17.91 -7.15 3.61 15.20 26.80 38.00 49.20 58.66 68.12 75.42 82.72 88.88 95.03 101.75 108.48 117.10 125.73 136.63 147.53 159.69 171.84 182.58 193.31 199.16 205.01 203.82 202.62 194.36 186.09 170.95 155.82 132.94 110.07 79.82 49.56 16.40 -16.77 -44.88 -72.99 -88.27 -103.54 -102.29 -101.05 -85.44 -69.83 -46.04 -22.26 3.17 28.60 51.93 75.26 95.62 115.98 132.37 148.77 158.70 168.64 171.05 173.46 170.93 168.40 164.33 160.27 155.64 151.01 145.59 140.17 134.38 128.58 121.73 114.87 103.77
-28.03 -17.88 -7.73 2.96 13.65 24.04 34.43 43.57 52.71 60.35 67.99 74.98 81.97 89.76 97.56 107.37 117.18 129.33 141.47 154.78 168.08 179.47 190.87 196.38 201.89 199.09 196.29 185.39 174.50 156.41 138.31 112.90 87.48 55.35 23.23 -11.42 -46.06 -75.38 -104.70 -120.49 -136.28 -134.55 -132.81 -116.03 -99.24 -74.00 -48.76 -21.50 5.77 31.45 57.12 79.88 102.63 120.75 138.87 149.44 160.01 161.75 163.50 158.81 154.12 146.68 139.24 130.95 122.67 114.07 105.48 97.15 88.82 80.71 72.60 63.20
-35.57 -26.54 -17.51 -8.11 1.29 10.63 19.97 28.70 37.42 45.40 53.38 61.22 69.07 77.87 86.66 97.37 108.07 120.92 133.78 147.55 161.32 172.72 184.13 188.81 193.49 188.82 184.15 170.67 157.20 136.55 115.91 88.63 61.34 28.12 -5.10 -40.56 -76.03 -106.25 -136.48 -153.01 -169.55 -168.12 -166.69 -150.02 -133.34 -108.21 -83.07 -55.50 -27.93 -1.18 25.56 49.76 73.96 93.15 112.35 123.11 133.86 134.60 135.34 128.28 121.22 110.39 99.56 87.85 76.14 64.86 53.58 43.50 33.43 25.14 16.86 10.51
-43.11 -35.20 -27.29 -19.18 -11.08 -2.78 5.51 13.82 22.13 30.45 38.77 47.47 56.18 65.97 75.77 87.36 98.96 112.52 126.09 140.33 154.57 165.98 177.39 181.24 185.09 178.55 172.00 155.95 139.90 116.70 93.50 64.35 35.20 0.89 -33.43 -69.71 -105.99 -137.13 -168.26 -185.53 -202.81 -201.69 -200.57 -184.01 -167.44 -142.41 -117.37 -89.50 -61.62 -33.81 -6.01 19.64 45.29 65.56 85.83 96.77 107.72 107.45 107.18 97.74 88.31 74.09 59.88 44.74 29.60 15.64 1.68 -10.14 -21.96 -30.42 -38.89 -42.18
-49.74 -43.30 -36.86 -30.08 -23.29 -15.91 -8.53 -0.48 7.58 16.33 25.09 34.65 44.20 54.78 65.36 77.27 89.18 102.46 115.73 129.18 142.64 152.96 163.28 165.84 168.40 160.45 152.49 135.13 117.76 93.75 69.74 40.64 11.55 -21.91 -55.37 -90.62 -125.87 -156.53 -187.19 -204.91 -222.63 -222.87 -223.11 -208.67 -194.23 -171.53 -148.84 -122.64 -96.45 -69.13 -41.82 -15.77 10.28 31.11 51.95 63.03 74.12 73.22 72.31 61.28 50.25 33.67 17.09 -0.56 -18.21 -34.22 -50.23 -63.26 -76.29 -84.40 -92.51 -92.66
-56.38 -51.41 -46.43 -40.97 -35.51 -29.05 -22.58 -14.78 -6.98 2.22 11.42 21.82 32.23 43.59 54.95 67.18 79.40 92.39 105.38 118.04 130.71 139.94 149.16 150.44 151.71 142.35 132.98 114.30 95.62 70.79 45.97 16.93 -12.11 -44.71 -77.32 -111.53 -145.75 -175.94 -206.13 -224.29 -242.45 -244.06 -245.66 -233.34 -221.01 -200.66 -180.30 -155.79 -131.27 -104.45 -77.63 -51.18 -24.73 -3.33 18.06 29.29 40.52 38.98 37.44 24.82 12.20 -6.75 -25.69 -45.86 -66.02 -84.08 -102.14 -116.37 -130.61 -138.37 -146.13 -143.14
-63.46 -60.15 -56.84 -52.54 -48.23 -42.38 -36.52 -28.70 -20.88 -11.06 -1.24 10.05 21.33 33.22 45.11 56.94 68.78 80.22 91.67 101.97 112.28 119.09 125.91 125.56 125.21 115.45 105.69 87.75 69.81 46.70 23.60 -2.71 -29.02 -58.00 -86.99 -117.44 -147.90 -175.48 -203.06 -221.01 -238.96 -243.19 -247.43 -239.80 -232.18 -216.96 -201.74 -181.20 -160.66 -135.92 -111.18 -85.28 -59.38 -37.81 -16.24 -4.69 6.86 5.46 4.06 -8.89 -21.84 -41.75 -61.66 -83.28 -104.89 -124.49 -144.09 -159.39 -174.69 -182.26 -189.83 -184.57
-70.55 -68.90 -67.25 -64.10 -60.96 -55.71 -50.46 -42.62 -34.77 -24.33 -13.89 -1.73 10.43 22.85 35.27 46.71 58.16 68.06 77.96 85.90 93.84 98.25 102.65 100.68 98.71 88.55 78.39 61.20 44.00 22.61 1.23 -22.35 -45.93 -71.29 -96.66 -123.35 -150.05 -175.02 -200.00 -217.73 -235.47 -242.33 -249.20 -246.27 -243.34 -233.26 -223.17 -206.61 -190.04 -167.39 -144.74 -119.39 -94.03 -72.29 -50.54 -38.67 -26.80 -28.06 -29.31 -42.60 -55.88 -76.76 -97.63 -120.70 -143.76 -164.90 -186.04 -202.40 -218.76 -226.15 -233.53 -226.00
-78.98 -78.92 -78.87 -76.55 -74.23 -69.24 -64.25 -56.14 -48.03 -36.88 -25.72 -12.77 0.19 12.81 25.44 35.79 46.15 53.45 60.74 65.15 69.55 70.77 71.99 68.60 65.20 56.02 46.85 32.64 18.44 1.37 -15.69 -33.88 -52.06 -71.18 -90.30 -110.83 -131.36 -151.99 -172.62 -189.69 -206.76 -217.33 -227.90 -231.84 -235.78 -233.25 -230.72 -220.08 -209.44 -190.05 -170.67 -146.42 -122.16 -100.38 -78.59 -66.17 -53.76 -54.27 -54.77 -67.50 -80.23 -101.20 -122.17 -146.13 -170.09 -192.71 -215.33 -233.20 -251.07 -259.21 -267.36 -259.14
-87.40 -88.95 -90.49 -89.00 -87.50 -82.77 -78.04 -69.67 -61.29 -49.42 -37.55 -23.80 -10.05 2.78 15.61 24.88 34.15 38.84 43.53 44.39 45.26 43.30 41.34 36.51 31.69 23.50 15.30 4.09 -7.12 -19.86 -32.61 -45.40 -58.20 -71.07 -83.95 -98.30 -112.66 -128.95 -145.24 -161.64 -178.05 -192.33 -206.61 -217.41 -228.22 -233.25 -238.27 -233.55 -228.83 -212.72 -196.60 -173.45 -150.29 -128.47 -106.64 -93.68 -80.72 -80.47 -80.22 -92.41 -104.59 -125.64 -146.70 -171.56 -196.41 -220.52 -244.62 -264.00 -283.37 -292.28 -301.19 -292.29
-97.64 -100.25 -102.86 -101.61 -100.36 -95.46 -90.56 -81.80 -73.04 -60.69 -48.34 -34.32 -20.30 -7.97 4.36 11.84 19.31 20.83 22.35 19.45 16.55 11.75 6.94 1.77 -3.39 -8.77 -14.15 -20.00 -25.85 -31.76 -37.67 -42.81 -47.96 -52.82 -57.69 -64.71 -71.74 -83.15 -94.56 -110.38 -126.19 -144.78 -163.36 -182.04 -200.71 -214.45 -228.19 -230.40 -232.60 -220.40 -208.19 -186.43 -164.67 -142.87 -121.07 -107.52 -93.97 -92.89 -91.80 -103.35 -114.90 -136.02 -157.15 -183.05 -208.96 -235.01 -261.06 -282.90 -304.73 -315.94 -327.15 -319.61
-107.88 -111.55 -115.22 -114.22 -113.22 -108.15 -103.07 -93.93 -84.78 -71.95 -59.12 -44.84 -30.56 -18.72 -6.88 -1.20 4.48 2.83 1.17 -5.49 -12.16 -19.81 -27.45 -32.96 -38.48 -41.04 -43.61 -44.09 -44.57 -43.65 -42.73 -40.22 -37.72 -34.57 -31.42 -31.12 -30.81 -37.35 -43.89 -59.11 -74.33 -97.23 -120.12 -146.66 -173.20 -195.66 -218.11 -227.24 -236.37 -228.08 -219.78 -199.41 -179.04 -157.27 -135.50 -121.36 -107.22 -105.30 -103.38 -114.29 -125.21 -146.40 -167.60 -194.55 -221.50 -249.50 -277.51 -301.80 -326.10 -339.61 -353.11 -346.94
-120.10 -123.77 -127.44 -125.76 -124.07 -118.22 -112.37 -102.82 -93.27 -80.66 -68.05 -54.74 -41.43 -31.39 -21.36 -18.34 -15.32 -20.25 -25.18 -34.94 -44.70 -53.84 -62.99 -66.96 -70.92 -68.27 -65.62 -57.95 -50.28 -39.78 -29.29 -17.16 -5.03 6.92 18.86 26.34 33.81 31.58 29.35 14.21 -0.93 -28.37 -55.80 -90.14 -124.47 -155.45 -186.43 -202.49 -218.55 -214.50 -210.44 -191.89 -173.33 -151.88 -130.43 -115.95 -101.47 -99.09 -96.71 -107.46 -118.21 -139.94 -161.67 -190.18 -218.69 -249.40 -280.11 -308.00 -335.89 -353.29 -370.69 -368.09
-132.31 -135.99 -139.66 -137.29 -134.93 -128.29 -121.66 -111.70 -101.75 -89.37 -76.98 -64.64 -52.30 -44.07 -35.83 -35.47 -35.12 -43.33 -51.54 -64.39 -77.24 -87.88 -98.53 -100.95 -103.37 -95.50 -87.63 -71.81 -55.98 -35.92 -15.85 5.90 27.65 48.40 69.15 83.79 98.43 100.51 102.58 87.53 72.47 40.49 8.52 -33.61 -75.74 -115.25 -154.75 -177.74 -200.73 -200.91 -201.09 -184.36 -167.63 -146.50 -125.37 -110.54 -95.71 -92.87 -90.03 -100.62 -111.21 -133.48 -155.74 -185.81 -215.89 -249.30 -282.72 -314.20 -345.67 -366.98 -388.28 -389.23
-146.59 -148.90 -151.22 -147.00 -142.78 -134.61 -126.44 -116.09 -105.75 -94.56 -83.36 -73.62 -63.88 -59.08 -54.27 -57.51 -60.75 -72.15 -83.55 -98.50 -113.46 -124.03 -134.61 -133.41 -132.22 -116.54 -100.86 -73.87 -46.87 -14.45 17.98 50.97 83.95 113.50 143.05 163.86 184.68 189.99 195.30 179.61 163.93 127.16 90.39 40.77 -8.84 -56.13 -103.42 -132.78 -162.15 -166.63 -171.11 -156.56 -142.02 -121.47 -100.92 -86.00 -71.08 -68.25 -65.42 -76.41 -87.39 -110.61 -133.83 -165.87 -197.92 -234.67 -271.43 -307.42 -343.41 -369.84 -396.27 -402.63
-160.87 -161.82 -162.77 -156.70 -150.64 -140.93 -131.22 -120.48 -109.75 -99.75 -89.74 -82.60 -75.47 -74.09 -72.71 -79.55 -86.39 -100.98 -115.56 -132.62 -149.68 -160.18 -170.68 -165.88 -161.08 -137.58 -114.09 -75.93 -37.77 7.02 51.81 96.03 140.25 178.60 216.95 243.94 270.92 279.47 288.02 271.70 255.39 213.82 172.26 115.16 58.06 2.99 -52.09 -87.83 -123.57 -132.35 -141.12 -128.77 -116.41 -96.44 -76.47 -61.45 -46.44 -43.62 -40.80 -52.19 -63.57 -87.75 -111.92 -145.94 -179.95 -220.04 -260.14 -300.64 -341.14 -372.71 -404.27 -416.02
