test/esri_led_0/synt_tma_1200m_led_0.esri
nrows             510
ncols             462
xllcorner      398000.00
yllcorner     7846000.00
cellsize          500.00
NODATA_value    -9999
[rows 429 to 461 of 510, columns 296 to 369 of 462]
-45.95 -48.27 -50.58 -51.66 -52.73 -52.42 -52.10 -50.46 -48.81 -46.12 -43.43 -40.18 -36.94 -33.76 -30.58 -28.04 -25.50 -23.99 -22.48 -22.10 -21.73 -22.36 -22.98 -24.31 -25.63 -27.25 -28.87 -30.33 -31.78 -32.59 -33.40 -33.07 -32.75 -30.88 -29.01 -25.32 -21.63 -16.06 -10.49 -3.29 3.91 12.13 20.36 28.68 37.01 44.37 51.73 57.21 62.70 65.83 68.96 69.80 70.64 69.71 68.79 66.83 64.87 62.50 60.13 57.68 55.23 52.68 50.13 47.18 44.24 40.52 36.80 31.97 27.14 21.07 15.00 7.89 0.78 -6.72
-45.50 -47.51 -49.52 -50.44 -51.35 -51.05 -50.75 -49.29 -47.84 -45.48 -43.12 -40.30 -37.48 -34.75 -32.01 -29.88 -27.75 -26.56 -25.37 -25.22 -25.06 -25.81 -26.56 -27.91 -29.26 -30.85 -32.43 -33.80 -35.17 -35.86 -36.55 -36.08 -35.61 -33.56 -31.52 -27.61 -23.69 -17.85 -12.00 -4.49 3.02 11.55 20.08 28.62 37.16 44.56 51.96 57.25 62.54 65.24 67.93 68.17 68.40 66.82 65.23 62.69 60.15 57.39 54.62 52.00 49.38 46.87 44.36 41.62 38.88 35.46 32.05 27.57 23.09 17.35 11.62 4.78 -2.05 -9.36
-45.05 -46.76 -48.46 -49.21 -49.97 -49.68 -49.39 -48.13 -46.86 -44.84 -42.81 -40.42 -38.02 -35.73 -33.45 -31.72 -30.00 -29.13 -28.27 -28.33 -28.40 -29.26 -30.13 -31.51 -32.90 -34.44 -35.98 -37.27 -38.55 -39.12 -39.70 -39.08 -38.47 -36.25 -34.02 -29.89 -25.75 -19.63 -13.51 -5.68 2.14 10.97 19.80 28.55 37.31 44.75 52.19 57.28 62.38 64.64 66.91 66.54 66.17 63.92 61.68 58.56 55.44 52.27 49.11 46.32 43.52 41.05 38.58 36.05 33.52 30.41 27.30 23.17 19.04 13.63 8.23 1.68 -4.88 -12.01
-44.60 -45.74 -46.87 -47.31 -47.75 -47.45 -47.15 -46.14 -45.13 -43.58 -42.04 -40.24 -38.44 -36.76 -35.08 -33.87 -32.66 -32.16 -31.65 -31.89 -32.13 -33.01 -33.89 -35.16 -36.44 -37.80 -39.15 -40.22 -41.28 -41.63 -41.97 -41.13 -40.30 -37.85 -35.40 -31.01 -26.63 -20.22 -13.80 -5.64 2.52 11.68 20.85 29.86 38.87 46.40 53.92 58.85 63.77 65.58 67.39 66.32 65.25 62.16 59.08 55.11 51.14 47.23 43.33 40.00 36.66 33.90 31.14 28.58 26.01 23.12 20.23 16.51 12.79 7.94 3.08 -2.88 -8.83 -15.39
-44.15 -44.72 -45.28 -45.41 -45.54 -45.22 -44.90 -44.15 -43.40 -42.33 -41.26 -40.06 -38.86 -37.79 -36.72 -36.02 -35.33 -35.18 -35.02 -35.44 -35.86 -36.76 -37.65 -38.82 -39.98 -41.15 -42.33 -43.17 -44.01 -44.13 -44.24 -43.18 -42.13 -39.45 -36.78 -32.14 -27.51 -20.80 -14.10 -5.60 2.89 12.40 21.90 31.17 40.44 48.05 55.66 60.41 65.16 66.51 67.86 66.09 64.33 60.41 56.48 51.66 46.84 42.20 37.55 33.67 29.80 26.75 23.69 21.10 18.51 15.83 13.16 9.85 6.54 2.24 -2.07 -7.43 -12.79 -18.78
-44.41 -44.24 -44.08 -43.82 -43.56 -43.20 -42.84 -42.38 -41.92 -41.39 -40.86 -40.33 -39.80 -39.38 -38.97 -38.80 -38.62 -38.78 -38.94 -39.44 -39.94 -40.72 -41.50 -42.42 -43.34 -44.19 -45.04 -45.55 -46.06 -45.86 -45.66 -44.32 -42.98 -40.05 -37.12 -32.21 -27.31 -20.29 -13.28 -4.42 4.44 14.33 24.21 33.81 43.40 51.17 58.94 63.58 68.23 69.16 70.08 67.58 65.08 60.19 55.31 49.41 43.51 37.80 32.09 27.30 22.52 18.81 15.10 12.20 9.31 6.69 4.08 1.19 -1.70 -5.32 -8.95 -13.46 -17.97 -23.07
-44.66 -43.77 -42.89 -42.23 -41.57 -41.17 -40.77 -40.60 -40.44 -40.44 -40.45 -40.59 -40.73 -40.97 -41.22 -41.57 -41.92 -42.39 -42.85 -43.44 -44.02 -44.69 -45.36 -46.02 -46.69 -47.23 -47.76 -47.93 -48.11 -47.59 -47.08 -45.46 -43.84 -40.65 -37.46 -32.28 -27.11 -19.78 -12.45 -3.23 5.99 16.26 26.53 36.45 46.37 54.29 62.22 66.76 71.30 71.80 72.30 69.06 65.83 59.98 54.13 47.15 40.17 33.40 26.63 20.93 15.23 10.87 6.52 3.31 0.10 -2.44 -4.99 -7.47 -9.95 -12.88 -15.82 -19.48 -23.14 -27.37
-46.29 -44.67 -43.04 -41.98 -40.91 -40.46 -40.01 -40.11 -40.21 -40.73 -41.25 -42.01 -42.77 -43.60 -44.43 -45.21 -45.99 -46.66 -47.32 -47.86 -48.40 -48.82 -49.25 -49.56 -49.86 -49.99 -50.11 -49.89 -49.67 -48.80 -47.94 -46.03 -44.12 -40.67 -37.22 -31.78 -26.35 -18.71 -11.07 -1.47 8.13 18.82 29.51 39.82 50.13 58.31 66.49 71.04 75.59 75.77 75.95 72.05 68.15 61.33 54.50 46.33 38.15 30.10 22.05 15.14 8.24 2.92 -2.40 -6.18 -9.97 -12.62 -15.28 -17.41 -19.54 -21.74 -23.95 -26.62 -29.30 -32.44
-47.92 -45.56 -43.20 -41.72 -40.25 -39.74 -39.24 -39.62 -39.99 -41.02 -42.05 -43.43 -44.81 -46.23 -47.65 -48.86 -50.07 -50.93 -51.79 -52.28 -52.77 -52.96 -53.14 -53.09 -53.03 -52.75 -52.46 -51.84 -51.22 -50.02 -48.81 -46.60 -44.40 -40.69 -36.98 -31.28 -25.59 -17.64 -9.69 0.29 10.26 21.37 32.48 43.19 53.89 62.33 70.77 75.33 79.88 79.75 79.61 75.04 70.48 62.68 54.87 45.50 36.13 26.80 17.47 9.35 1.24 -5.04 -11.32 -15.68 -20.04 -22.80 -25.57 -27.35 -29.13 -30.60 -32.07 -33.76 -35.45 -37.52
-51.40 -48.40 -45.40 -43.56 -41.72 -41.15 -40.58 -41.16 -41.73 -43.15 -44.57 -46.42 -48.27 -50.11 -51.95 -53.42 -54.89 -55.79 -56.69 -57.01 -57.34 -57.19 -57.04 -56.57 -56.11 -55.40 -54.69 -53.69 -52.70 -51.18 -49.67 -47.23 -44.80 -40.90 -37.00 -31.10 -25.20 -17.00 -8.79 1.54 11.87 23.41 34.95 46.10 57.26 66.07 74.88 79.61 84.35 84.09 83.84 78.81 73.77 65.15 56.52 46.02 35.53 24.88 14.23 4.78 -4.67 -12.09 -19.52 -24.64 -29.77 -32.82 -35.86 -37.40 -38.94 -39.74 -40.53 -41.24 -41.94 -42.90
-54.88 -51.25 -47.61 -45.40 -43.20 -42.56 -41.93 -42.70 -43.47 -45.28 -47.09 -49.41 -51.73 -53.98 -56.24 -57.97 -59.70 -60.65 -61.60 -61.75 -61.90 -61.42 -60.94 -60.06 -59.18 -58.05 -56.92 -55.54 -54.17 -52.35 -50.54 -47.87 -45.20 -41.11 -37.02 -30.92 -24.82 -16.35 -7.88 2.79 13.47 25.44 37.41 49.02 60.62 69.81 78.99 83.90 88.81 88.44 88.07 82.57 77.07 67.62 58.17 46.55 34.92 22.95 10.99 0.20 -10.58 -19.15 -27.72 -33.61 -39.51 -42.83 -46.14 -47.45 -48.75 -48.87 -48.99 -48.71 -48.44 -48.28
-60.35 -56.24 -52.13 -49.63 -47.13 -46.39 -45.65 -46.50 -47.35 -49.36 -51.36 -53.92 -56.48 -58.93 -61.37 -63.17 -64.96 -65.80 -66.65 -66.55 -66.44 -65.62 -64.79 -63.53 -62.28 -60.81 -59.35 -57.72 -56.09 -54.12 -52.14 -49.39 -46.64 -42.51 -38.38 -32.22 -26.07 -17.46 -8.85 2.09 13.03 25.39 37.76 49.85 61.94 71.62 81.29 86.60 91.91 91.73 91.54 85.93 80.31 70.39 60.47 48.01 35.56 22.48 9.41 -2.60 -14.60 -24.30 -34.01 -40.73 -47.46 -51.17 -54.87 -56.09 -57.30 -56.89 -56.49 -55.39 -54.29 -53.16
-65.81 -61.23 -56.65 -53.86 -51.06 -50.22 -49.38 -50.30 -51.23 -53.43 -55.64 -58.43 -61.23 -63.87 -66.50 -68.36 -70.21 -70.96 -71.70 -71.34 -70.99 -69.81 -68.63 -67.00 -65.37 -63.58 -61.78 -59.90 -58.02 -55.88 -53.75 -50.92 -48.09 -43.92 -39.75 -33.53 -27.31 -18.56 -9.82 1.39 12.59 25.35 38.10 50.68 63.25 73.43 83.60 89.30 95.01 95.01 95.02 89.28 83.55 73.15 62.76 49.48 36.19 22.02 7.84 -5.40 -18.63 -29.46 -40.30 -47.86 -55.41 -59.51 -63.60 -64.72 -65.84 -64.92 -63.99 -62.07 -60.14 -58.04
-72.92 -68.06 -63.20 -60.17 -57.14 -56.14 -55.14 -55.98 -56.82 -58.99 -61.16 -63.93 -66.71 -69.29 -71.88 -73.61 -75.35 -75.90 -76.44 -75.83 -75.22 -73.77 -72.32 -70.47 -68.61 -66.67 -64.73 -62.82 -60.91 -58.85 -56.80 -54.13 -51.46 -47.48 -43.51 -37.45 -31.40 -22.71 -14.02 -2.72 8.58 21.63 34.68 47.73 60.79 71.57 82.34 88.70 95.05 95.63 96.20 90.84 85.48 75.15 64.82 51.24 37.67 22.85 8.04 -6.05 -20.13 -31.86 -43.59 -51.88 -60.17 -64.70 -69.22 -70.41 -71.59 -70.39 -69.19 -66.73 -64.28 -61.52
-80.03 -74.89 -69.74 -66.48 -63.22 -62.06 -60.91 -61.66 -62.41 -64.55 -66.68 -69.43 -72.19 -74.72 -77.25 -78.87 -80.49 -80.83 -81.18 -80.31 -79.44 -77.73 -76.01 -73.93 -71.85 -69.77 -67.69 -65.75 -63.80 -61.82 -59.84 -57.34 -54.83 -51.05 -47.27 -41.37 -35.48 -26.85 -18.23 -6.82 4.58 17.92 31.26 44.79 58.32 69.70 81.09 88.09 95.09 96.24 97.38 92.39 87.40 77.14 66.88 53.01 39.14 23.69 8.25 -6.70 -21.64 -34.26 -46.88 -55.91 -64.94 -69.89 -74.84 -76.09 -77.34 -75.86 -74.39 -71.40 -68.42 -65.00
-87.87 -82.62 -77.36 -73.92 -70.47 -69.09 -67.71 -68.22 -68.73 -70.62 -72.50 -75.00 -77.50 -79.79 -82.08 -83.46 -84.84 -84.97 -85.11 -84.07 -83.03 -81.22 -79.40 -77.32 -75.24 -73.28 -71.32 -69.63 -67.94 -66.33 -64.72 -62.67 -60.61 -57.32 -54.02 -48.57 -43.12 -34.82 -26.51 -15.24 -3.96 9.50 22.97 36.91 50.84 62.91 74.97 82.85 90.74 92.86 94.99 90.93 86.87 77.34 67.81 54.34 40.87 25.46 10.05 -5.17 -20.40 -33.49 -46.58 -56.10 -65.62 -70.97 -76.32 -77.78 -79.24 -77.78 -76.33 -73.20 -70.06 -66.40
-95.71 -90.35 -84.98 -81.35 -77.73 -76.13 -74.52 -74.79 -75.06 -76.69 -78.32 -80.57 -82.82 -84.86 -86.90 -88.05 -89.19 -89.11 -89.04 -87.83 -86.62 -84.70 -82.79 -80.71 -78.62 -76.79 -74.96 -73.52 -72.09 -70.85 -69.60 -68.00 -66.40 -63.58 -60.77 -55.76 -50.76 -42.78 -34.80 -23.65 -12.51 1.09 14.68 29.02 43.37 56.11 68.85 77.62 86.38 89.49 92.60 89.47 86.35 77.54 68.74 55.67 42.61 27.23 11.86 -3.65 -19.15 -32.71 -46.27 -56.29 -66.31 -72.05 -77.79 -79.47 -81.14 -79.70 -78.27 -74.99 -71.71 -67.81
-102.75 -97.40 -92.05 -88.29 -84.53 -82.68 -80.82 -80.76 -80.69 -81.95 -83.21 -85.09 -86.96 -88.67 -90.38 -91.29 -92.19 -91.98 -91.76 -90.54 -89.32 -87.52 -85.73 -83.89 -82.06 -80.61 -79.17 -78.25 -77.34 -76.74 -76.14 -75.27 -74.39 -72.34 -70.29 -66.02 -61.74 -54.38 -47.01 -36.26 -25.52 -12.02 1.48 16.10 30.72 44.13 57.55 67.36 77.18 81.62 86.06 84.39 82.71 75.29 67.86 55.91 43.96 29.34 14.72 -0.42 -15.56 -29.08 -42.59 -52.80 -63.00 -69.05 -75.09 -77.09 -79.10 -77.95 -76.81 -73.77 -70.73 -67.01
-109.79 -104.46 -99.13 -95.24 -91.34 -89.23 -87.12 -86.73 -86.33 -87.21 -88.10 -89.60 -91.10 -92.48 -93.87 -94.53 -95.18 -94.84 -94.49 -93.26 -92.03 -90.34 -88.66 -87.08 -85.50 -84.44 -83.38 -82.99 -82.59 -82.64 -82.68 -82.53 -82.39 -81.10 -79.81 -76.27 -72.73 -65.98 -59.22 -48.87 -38.52 -25.12 -11.72 3.17 18.07 32.16 46.25 57.11 67.98 73.75 79.52 79.30 79.08 73.03 66.97 56.14 45.32 31.44 17.57 2.80 -11.97 -25.45 -38.92 -49.31 -59.70 -66.04 -72.39 -74.72 -77.05 -76.20 -75.35 -72.55 -69.74 -66.21
-114.05 -108.82 -103.60 -99.63 -95.67 -93.35 -91.04 -90.35 -89.66 -90.21 -90.77 -91.95 -93.14 -94.29 -95.43 -95.97 -96.52 -96.20 -95.89 -94.84 -93.78 -92.42 -91.06 -89.91 -88.77 -88.28 -87.78 -88.08 -88.38 -89.23 -90.08 -90.85 -91.61 -91.29 -90.97 -88.40 -85.82 -79.94 -74.06 -64.37 -54.69 -41.63 -28.57 -13.60 1.38 16.04 30.71 42.67 54.62 61.92 69.22 70.80 72.38 68.17 63.97 54.82 45.66 33.13 20.60 6.76 -7.09 -20.07 -33.04 -43.31 -53.57 -60.10 -66.62 -69.33 -72.04 -71.68 -71.31 -69.02 -66.74 -63.70
-118.31 -113.19 -108.06 -104.03 -99.99 -97.48 -94.96 -93.97 -92.99 -93.21 -93.43 -94.31 -95.18 -96.09 -96.99 -97.42 -97.85 -97.57 -97.29 -96.41 -95.54 -94.50 -93.45 -92.75 -92.05 -92.12 -92.19 -93.17 -94.16 -95.82 -97.48 -99.16 -100.83 -101.48 -102.13 -100.52 -98.91 -93.90 -88.89 -79.88 -70.86 -58.14 -45.43 -30.37 -15.32 -0.07 15.18 28.22 41.27 50.09 58.91 62.29 65.67 63.31 60.96 53.49 46.01 34.82 23.63 10.71 -2.21 -14.69 -27.16 -37.31 -47.45 -54.15 -60.85 -63.94 -67.03 -67.15 -67.27 -65.50 -63.73 -61.20
-117.91 -112.93 -107.95 -103.94 -99.94 -97.36 -94.79 -93.71 -92.63 -92.76 -92.89 -93.72 -94.54 -95.48 -96.42 -97.00 -97.57 -97.55 -97.53 -97.02 -96.51 -95.91 -95.30 -95.12 -94.93 -95.59 -96.26 -97.93 -99.61 -102.08 -104.55 -107.16 -109.76 -111.45 -113.14 -112.62 -112.10 -108.14 -104.18 -96.05 -87.92 -75.79 -63.66 -48.75 -33.84 -18.21 -2.58 11.42 25.43 35.75 46.07 51.33 56.58 56.26 55.93 50.40 44.88 35.35 25.83 14.17 2.51 -9.15 -20.82 -30.61 -40.41 -47.16 -53.91 -57.35 -60.79 -61.46 -62.13 -60.98 -59.84 -57.94
-117.51 -112.67 -107.83 -103.86 -99.88 -97.25 -94.63 -93.45 -92.28 -92.32 -92.35 -93.13 -93.91 -94.88 -95.86 -96.57 -97.29 -97.53 -97.77 -97.62 -97.48 -97.32 -97.16 -97.49 -97.82 -99.07 -100.33 -102.69 -105.06 -108.34 -111.62 -115.16 -118.70 -121.43 -124.16 -124.72 -125.29 -122.38 -119.47 -112.22 -104.98 -93.43 -81.88 -67.13 -52.37 -36.36 -20.35 -5.37 9.60 21.41 33.23 40.36 47.49 49.20 50.91 47.32 43.74 35.89 28.03 17.64 7.24 -3.62 -14.48 -23.92 -33.36 -40.16 -46.96 -50.76 -54.56 -55.77 -56.98 -56.47 -55.96 -54.69
-111.43 -106.75 -102.07 -98.25 -94.43 -91.99 -89.54 -88.59 -87.65 -87.98 -88.32 -89.46 -90.61 -92.02 -93.43 -94.62 -95.82 -96.56 -97.29 -97.64 -97.99 -98.30 -98.61 -99.38 -100.16 -101.87 -103.58 -106.46 -109.34 -113.24 -117.14 -121.47 -125.79 -129.46 -133.14 -134.78 -136.42 -134.61 -132.81 -126.57 -120.34 -109.57 -98.80 -84.44 -70.08 -53.95 -37.82 -22.16 -6.50 6.55 19.60 28.40 37.19 40.78 44.37 42.67 40.96 34.79 28.61 19.56 10.50 0.56 -9.39 -18.36 -27.33 -34.07 -40.80 -44.86 -48.93 -50.61 -52.30 -52.36 -52.42 -51.71
-105.35 -100.83 -96.31 -92.65 -88.99 -86.72 -84.45 -83.73 -83.02 -83.65 -84.28 -85.80 -87.31 -89.16 -91.00 -92.67 -94.35 -95.58 -96.82 -97.66 -98.50 -99.28 -100.05 -101.28 -102.50 -104.67 -106.83 -110.22 -113.61 -118.14 -122.67 -127.78 -132.88 -137.50 -142.13 -144.84 -147.55 -146.84 -146.14 -140.92 -135.70 -125.71 -115.71 -101.75 -87.78 -71.54 -55.30 -38.95 -22.61 -8.31 5.98 16.44 26.89 32.36 37.84 38.01 38.19 33.69 29.19 21.48 13.76 4.73 -4.29 -12.79 -21.29 -27.97 -34.64 -38.97 -43.29 -45.46 -47.62 -48.25 -48.88 -48.74
-94.15 -89.79 -85.43 -82.07 -78.70 -76.87 -75.04 -74.91 -74.77 -76.12 -77.47 -79.80 -82.13 -84.81 -87.49 -89.95 -92.41 -94.33 -96.24 -97.62 -99.00 -100.16 -101.33 -102.81 -104.30 -106.65 -109.00 -112.60 -116.19 -121.02 -125.86 -131.45 -137.05 -142.37 -147.70 -151.31 -154.92 -155.24 -155.56 -151.36 -147.16 -138.04 -128.92 -115.55 -102.18 -86.12 -70.06 -53.40 -36.74 -21.64 -6.54 5.13 16.80 23.74 30.67 32.37 34.07 30.99 27.91 21.36 14.82 6.64 -1.53 -9.55 -17.56 -24.09 -30.62 -35.09 -39.55 -42.03 -44.50 -45.52 -46.54 -46.77
-82.94 -78.75 -74.56 -71.49 -68.42 -67.02 -65.63 -66.08 -66.53 -68.60 -70.67 -73.81 -76.95 -80.46 -83.97 -87.22 -90.47 -93.07 -95.67 -97.58 -99.50 -101.05 -102.60 -104.35 -106.09 -108.64 -111.18 -114.97 -118.76 -123.91 -129.05 -135.13 -141.21 -147.24 -153.28 -157.79 -162.30 -163.64 -164.98 -161.79 -158.61 -150.37 -142.13 -129.35 -116.57 -100.70 -84.82 -67.85 -50.88 -34.97 -19.06 -6.17 6.71 15.11 23.50 26.73 29.95 28.28 26.62 21.25 15.89 8.56 1.23 -6.30 -13.83 -20.22 -26.61 -31.20 -35.80 -38.59 -41.39 -42.80 -44.20 -44.80
-68.84 -64.83 -60.82 -58.16 -55.51 -54.75 -54.00 -55.31 -56.62 -59.72 -62.82 -67.08 -71.34 -75.94 -80.55 -84.76 -88.96 -92.29 -95.63 -98.02 -100.41 -102.18 -103.95 -105.71 -107.46 -109.88 -112.30 -115.93 -119.57 -124.64 -129.71 -135.91 -142.10 -148.50 -154.90 -160.01 -165.13 -167.26 -169.38 -167.08 -164.77 -157.39 -150.00 -137.92 -125.84 -110.40 -94.95 -78.06 -61.17 -44.96 -28.75 -15.23 -1.71 7.56 16.83 21.03 25.24 24.54 23.85 19.33 14.81 8.14 1.47 -5.64 -12.74 -18.94 -25.14 -29.74 -34.34 -37.25 -40.16 -41.73 -43.29 -44.01
-54.73 -50.91 -47.08 -44.84 -42.60 -42.49 -42.38 -44.54 -46.70 -50.83 -54.96 -60.34 -65.72 -71.43 -77.13 -82.29 -87.45 -91.52 -95.59 -98.45 -101.32 -103.31 -105.30 -107.07 -108.83 -111.12 -113.41 -116.89 -120.37 -125.37 -130.37 -136.68 -143.00 -149.76 -156.52 -162.24 -167.96 -170.87 -173.79 -172.36 -170.94 -164.41 -157.87 -146.49 -135.12 -120.10 -105.09 -88.27 -71.46 -54.95 -38.44 -24.28 -10.12 0.02 10.15 15.34 20.53 20.80 21.07 17.41 13.74 7.72 1.70 -4.98 -11.66 -17.67 -23.68 -28.27 -32.87 -35.90 -38.94 -40.66 -42.38 -43.22
-41.01 -37.41 -33.81 -32.05 -30.29 -30.92 -31.54 -34.66 -37.79 -43.03 -48.28 -54.84 -61.40 -68.22 -75.03 -81.10 -87.17 -91.86 -96.55 -99.72 -102.89 -104.89 -106.88 -108.40 -109.92 -111.80 -113.67 -116.68 -119.69 -124.27 -128.85 -134.92 -140.98 -147.71 -154.44 -160.39 -166.33 -169.69 -173.04 -172.22 -171.40 -165.55 -159.71 -149.01 -138.32 -123.89 -109.46 -93.06 -76.65 -60.33 -44.02 -29.83 -15.64 -5.27 5.09 10.65 16.20 16.92 17.64 14.43 11.22 5.61 0.00 -6.36 -12.72 -18.51 -24.30 -28.78 -33.25 -36.22 -39.19 -40.86 -42.54 -43.28
-27.29 -23.91 -20.53 -19.26 -17.99 -19.35 -20.71 -24.79 -28.87 -35.23 -41.60 -49.34 -57.09 -65.01 -72.93 -79.91 -86.90 -92.21 -97.52 -100.99 -104.47 -106.46 -108.46 -109.73 -111.00 -112.47 -113.93 -116.47 -119.00 -123.17 -127.34 -133.15 -138.95 -145.66 -152.37 -158.53 -164.70 -168.50 -172.29 -172.07 -171.86 -166.70 -161.54 -151.53 -141.52 -127.67 -113.83 -97.84 -81.85 -65.72 -49.60 -35.38 -21.16 -10.56 0.03 5.95 11.88 13.04 14.21 11.46 8.71 3.51 -1.69 -7.74 -13.78 -19.35 -24.93 -29.28 -33.63 -36.54 -39.45 -41.07 -42.69 -43.34
-17.07 -13.98 -10.88 -10.11 -9.35 -11.40 -13.46 -18.40 -23.34 -30.67 -38.00 -46.71 -55.42 -64.20 -72.99 -80.61 -88.24 -93.91 -99.58 -103.10 -106.63 -108.40 -110.17 -110.99 -111.80 -112.66 -113.52 -115.38 -117.23 -120.74 -124.25 -129.50 -134.76 -141.08 -147.40 -153.38 -159.36 -163.19 -167.02 -167.04 -167.06 -162.32 -157.58 -148.12 -138.66 -125.45 -112.25 -96.90 -81.56 -66.04 -50.52 -36.81 -23.10 -12.88 -2.66 3.06 8.78 9.90 11.02 8.36 5.70 0.67 -4.35 -10.17 -15.99 -21.33 -26.67 -30.80 -34.94 -37.64 -40.34 -41.77 -43.19 -43.63
-6.86 -4.04 -1.23 -0.96 -0.70 -3.46 -6.22 -12.02 -17.82 -26.11 -34.40 -44.08 -53.76 -63.40 -73.04 -81.31 -89.58 -95.60 -101.63 -105.21 -108.79 -110.33 -111.87 -112.24 -112.60 -112.85 -113.10 -114.28 -115.46 -118.31 -121.16 -125.86 -130.56 -136.49 -142.43 -148.22 -154.02 -157.88 -161.74 -162.00 -162.26 -157.94 -153.62 -144.71 -135.81 -123.24 -110.66 -95.97 -81.28 -66.37 -51.45 -38.25 -25.05 -15.20 -5.34 0.17 5.69 6.76 7.84 5.26 2.69 -2.16 -7.01 -12.60 -18.20 -23.31 -28.42 -32.33 -36.24 -38.74 -41.24 -42.47 -43.69 -43.91
