test/esri_led_0/synt_tma_3600m_led_0.esri
nrows             510
ncols             462
xllcorner      398000.00
yllcorner     7846000.00
cellsize          500.00
NODATA_value    -9999
[rows 128 to 159 of 510, columns 73 to 145 of 462]
-65.55 -60.12 -54.90 -49.69 -44.84 -39.99 -35.55 -31.11 -27.09 -23.07 -19.49 -15.90 -12.80 -9.71 -7.12 -4.54 -2.49 -0.43 1.08 2.59 3.53 4.48 4.81 5.14 4.82 4.50 3.51 2.51 0.82 -0.87 -3.24 -5.60 -8.51 -11.42 -14.62 -17.82 -20.96 -24.10 -26.81 -29.53 -31.61 -33.69 -35.14 -36.59 -37.53 -38.47 -39.03 -39.58 -39.87 -40.16 -40.27 -40.38 -40.34 -40.30 -40.06 -39.82 -39.25 -38.67 -37.55 -36.42 -34.49 -32.56 -29.59 -26.61 -22.57 -18.52 -13.68 -8.84 -3.72 1.39 6.24 11.08 15.27
-67.03 -61.59 -56.39 -51.18 -46.32 -41.45 -36.96 -32.46 -28.33 -24.20 -20.46 -16.71 -13.39 -10.08 -7.23 -4.38 -2.02 0.34 2.17 4.01 5.28 6.54 7.15 7.77 7.68 7.60 6.78 5.95 4.37 2.78 0.46 -1.87 -4.81 -7.76 -11.05 -14.35 -17.61 -20.87 -23.72 -26.58 -28.81 -31.05 -32.66 -34.27 -35.37 -36.47 -37.21 -37.94 -38.42 -38.90 -39.20 -39.51 -39.66 -39.81 -39.74 -39.67 -39.22 -38.77 -37.72 -36.67 -34.74 -32.80 -29.74 -26.68 -22.47 -18.27 -13.24 -8.21 -2.96 2.29 7.15 12.01 16.06
-67.77 -62.28 -57.07 -51.86 -47.00 -42.13 -37.62 -33.11 -28.92 -24.74 -20.89 -17.05 -13.58 -10.11 -7.05 -4.00 -1.38 1.24 3.37 5.50 7.06 8.61 9.49 10.36 10.49 10.61 9.93 9.26 7.77 6.28 3.98 1.69 -1.28 -4.25 -7.62 -10.98 -14.35 -17.71 -20.68 -23.65 -26.02 -28.38 -30.13 -31.87 -33.13 -34.38 -35.28 -36.18 -36.83 -37.48 -37.97 -38.46 -38.79 -39.12 -39.21 -39.29 -38.97 -38.64 -37.66 -36.67 -34.74 -32.82 -29.69 -26.57 -22.24 -17.92 -12.76 -7.60 -2.28 3.05 7.86 12.67 16.51
-68.50 -62.97 -57.76 -52.54 -47.68 -42.82 -38.29 -33.76 -29.52 -25.28 -21.33 -17.38 -13.76 -10.14 -6.87 -3.61 -0.73 2.15 4.57 6.99 8.84 10.69 11.82 12.96 13.29 13.62 13.09 12.57 11.17 9.77 7.51 5.25 2.26 -0.74 -4.18 -7.62 -11.09 -14.55 -17.64 -20.73 -23.22 -25.71 -27.59 -29.48 -30.88 -32.29 -33.35 -34.41 -35.24 -36.07 -36.74 -37.41 -37.92 -38.43 -38.67 -38.92 -38.71 -38.50 -37.59 -36.67 -34.75 -32.83 -29.64 -26.46 -22.01 -17.57 -12.28 -6.99 -1.59 3.81 8.56 13.32 16.97
-69.04 -63.41 -58.14 -52.87 -47.99 -43.10 -38.56 -34.01 -29.73 -25.46 -21.45 -17.44 -13.71 -9.98 -6.55 -3.13 -0.04 3.05 5.71 8.38 10.47 12.56 13.91 15.27 15.77 16.27 15.87 15.47 14.14 12.82 10.60 8.38 5.38 2.39 -1.08 -4.55 -8.06 -11.58 -14.73 -17.89 -20.46 -23.04 -25.02 -27.01 -28.53 -30.05 -31.25 -32.45 -33.44 -34.42 -35.26 -36.09 -36.76 -37.43 -37.82 -38.20 -38.11 -38.02 -37.18 -36.34 -34.45 -32.55 -29.35 -26.14 -21.65 -17.15 -11.82 -6.48 -1.10 4.28 8.91 13.55 16.95
-69.57 -63.84 -58.52 -53.21 -48.30 -43.39 -38.82 -34.25 -29.95 -25.64 -21.57 -17.49 -13.66 -9.82 -6.24 -2.65 0.65 3.95 6.85 9.76 12.10 14.43 16.00 17.58 18.25 18.92 18.64 18.36 17.12 15.87 13.69 11.50 8.51 5.52 2.02 -1.48 -5.04 -8.60 -11.83 -15.05 -17.71 -20.36 -22.45 -24.54 -26.18 -27.82 -29.16 -30.50 -31.64 -32.77 -33.77 -34.77 -35.60 -36.43 -36.96 -37.49 -37.51 -37.53 -36.77 -36.00 -34.14 -32.27 -29.05 -25.83 -21.28 -16.73 -11.36 -5.98 -0.62 4.75 9.26 13.77 16.94
-70.08 -64.21 -58.81 -53.41 -48.45 -43.50 -38.90 -34.29 -29.96 -25.63 -21.51 -17.40 -13.49 -9.58 -5.88 -2.18 1.28 4.74 7.84 10.94 13.47 16.00 17.75 19.49 20.30 21.11 20.93 20.74 19.57 18.39 16.25 14.12 11.17 8.22 4.76 1.29 -2.25 -5.80 -9.02 -12.25 -14.94 -17.62 -19.77 -21.92 -23.64 -25.37 -26.82 -28.27 -29.54 -30.81 -31.95 -33.09 -34.07 -35.04 -35.70 -36.36 -36.50 -36.63 -35.95 -35.27 -33.46 -31.66 -28.47 -25.28 -20.77 -16.25 -10.93 -5.62 -0.37 4.88 9.20 13.51 16.42
-70.58 -64.59 -59.10 -53.62 -48.61 -43.60 -38.97 -34.33 -29.97 -25.61 -21.46 -17.30 -13.32 -9.34 -5.53 -1.71 1.91 5.54 8.83 12.12 14.84 17.57 19.49 21.41 22.36 23.30 23.21 23.12 22.01 20.90 18.82 16.74 13.83 10.92 7.49 4.07 0.54 -2.99 -6.22 -9.45 -12.17 -14.89 -17.09 -19.29 -21.11 -22.92 -24.48 -26.04 -27.45 -28.85 -30.13 -31.42 -32.53 -33.65 -34.44 -35.24 -35.48 -35.73 -35.13 -34.54 -32.79 -31.04 -27.89 -24.74 -20.26 -15.78 -10.51 -5.25 -0.12 5.01 9.13 13.25 15.90
-70.75 -64.69 -59.15 -53.61 -48.56 -43.51 -38.85 -34.20 -29.82 -25.45 -21.28 -17.11 -13.08 -9.06 -5.16 -1.26 2.48 6.23 9.67 13.11 15.99 18.88 20.94 23.01 24.06 25.12 25.12 25.11 24.07 23.03 21.03 19.02 16.20 13.38 10.05 6.71 3.27 -0.18 -3.36 -6.54 -9.25 -11.96 -14.19 -16.43 -18.31 -20.18 -21.84 -23.49 -25.02 -26.54 -27.95 -29.37 -30.62 -31.87 -32.79 -33.71 -34.07 -34.43 -33.94 -33.44 -31.78 -30.12 -27.06 -24.00 -19.62 -15.24 -10.12 -5.00 -0.07 4.87 8.74 12.61 14.96
-70.92 -64.80 -59.20 -53.60 -48.51 -43.42 -38.74 -34.06 -29.68 -25.29 -21.10 -16.91 -12.84 -8.78 -4.80 -0.82 3.05 6.92 10.51 14.10 17.15 20.19 22.39 24.60 25.77 26.94 27.02 27.10 26.14 25.17 23.24 21.30 18.57 15.84 12.60 9.36 6.00 2.63 -0.51 -3.64 -6.34 -9.04 -11.30 -13.56 -15.50 -17.44 -19.19 -20.94 -22.58 -24.23 -25.77 -27.32 -28.70 -30.09 -31.13 -32.18 -32.66 -33.13 -32.74 -32.35 -30.78 -29.21 -26.23 -23.26 -18.98 -14.71 -9.73 -4.75 -0.01 4.73 8.35 11.96 14.03
-70.08 -64.07 -58.54 -53.01 -47.96 -42.91 -38.26 -33.61 -29.25 -24.89 -20.72 -16.54 -12.46 -8.39 -4.36 -0.33 3.63 7.59 11.30 15.02 18.20 21.38 23.71 26.04 27.33 28.61 28.79 28.97 28.10 27.23 25.41 23.59 20.99 18.39 15.29 12.18 8.93 5.68 2.62 -0.44 -3.11 -5.78 -8.06 -10.34 -12.34 -14.35 -16.20 -18.04 -19.81 -21.57 -23.25 -24.93 -26.45 -27.96 -29.14 -30.32 -30.91 -31.50 -31.23 -30.95 -29.50 -28.05 -25.20 -22.36 -18.24 -14.13 -9.35 -4.57 -0.07 4.42 7.75 11.07 12.84
-69.25 -63.35 -57.88 -52.42 -47.41 -42.40 -37.78 -33.16 -28.83 -24.50 -20.33 -16.17 -12.08 -8.00 -3.92 0.16 4.21 8.26 12.09 15.93 19.25 22.56 25.03 27.49 28.89 30.29 30.56 30.84 30.07 29.30 27.59 25.88 23.41 20.94 17.97 15.00 11.87 8.73 5.75 2.77 0.13 -2.51 -4.82 -7.12 -9.19 -11.25 -13.20 -15.14 -17.03 -18.91 -20.73 -22.54 -24.19 -25.84 -27.14 -28.45 -29.16 -29.88 -29.72 -29.56 -28.22 -26.89 -24.17 -21.46 -17.50 -13.55 -8.97 -4.38 -0.14 4.11 7.15 10.18 11.65
-66.54 -61.05 -55.86 -50.68 -45.86 -41.05 -36.57 -32.10 -27.86 -23.63 -19.54 -15.44 -11.39 -7.33 -3.24 0.85 4.95 9.06 12.99 16.92 20.35 23.78 26.37 28.97 30.50 32.02 32.44 32.85 32.22 31.59 30.03 28.48 26.18 23.87 21.07 18.26 15.26 12.26 9.36 6.46 3.84 1.21 -1.13 -3.47 -5.63 -7.78 -9.85 -11.91 -13.93 -15.95 -17.91 -19.87 -21.66 -23.45 -24.88 -26.32 -27.16 -28.00 -27.96 -27.93 -26.73 -25.53 -22.97 -20.42 -16.66 -12.90 -8.56 -4.23 -0.27 3.69 6.41 9.13 10.28
-63.83 -58.75 -53.85 -48.94 -44.32 -39.70 -35.36 -31.03 -26.90 -22.77 -18.74 -14.71 -10.69 -6.66 -2.56 1.54 5.70 9.86 13.88 17.90 21.45 25.00 27.72 30.44 32.10 33.76 34.31 34.86 34.37 33.88 32.48 31.08 28.95 26.81 24.17 21.52 18.65 15.79 12.97 10.15 7.54 4.94 2.55 0.17 -2.07 -4.31 -6.49 -8.68 -10.84 -13.00 -15.10 -17.20 -19.13 -21.06 -22.63 -24.19 -25.16 -26.12 -26.21 -26.30 -25.23 -24.17 -21.77 -19.38 -15.82 -12.26 -8.16 -4.07 -0.40 3.27 5.67 8.07 8.92
-58.48 -54.15 -49.80 -45.44 -41.22 -36.99 -32.95 -28.91 -24.99 -21.08 -17.20 -13.33 -9.40 -5.48 -1.42 2.63 6.80 10.96 15.04 19.11 22.76 26.40 29.24 32.09 33.90 35.71 36.43 37.15 36.85 36.54 35.34 34.14 32.19 30.25 27.78 25.31 22.57 19.84 17.09 14.34 11.72 9.10 6.64 4.18 1.81 -0.56 -2.89 -5.22 -7.54 -9.86 -12.12 -14.39 -16.46 -18.54 -20.24 -21.94 -23.02 -24.11 -24.32 -24.54 -23.61 -22.68 -20.46 -18.24 -14.90 -11.57 -7.75 -3.94 -0.59 2.76 4.82 6.88 7.41
-53.13 -49.56 -45.75 -41.94 -38.11 -34.28 -30.53 -26.79 -23.09 -19.39 -15.67 -11.95 -8.12 -4.29 -0.28 3.73 7.90 12.07 16.20 20.33 24.06 27.80 30.77 33.74 35.70 37.66 38.55 39.44 39.32 39.21 38.20 37.19 35.44 33.68 31.39 29.09 26.49 23.89 21.21 18.52 15.89 13.26 10.72 8.18 5.69 3.20 0.71 -1.77 -4.25 -6.73 -9.15 -11.57 -13.79 -16.02 -17.85 -19.68 -20.89 -22.10 -22.44 -22.77 -21.98 -21.19 -19.15 -17.10 -13.99 -10.88 -7.34 -3.81 -0.78 2.25 3.97 5.69 5.90
-44.57 -42.05 -39.04 -36.04 -32.83 -29.63 -26.36 -23.09 -19.76 -16.43 -12.99 -9.55 -5.93 -2.30 1.57 5.45 9.55 13.65 17.78 21.90 25.69 29.48 32.56 35.63 37.75 39.86 40.94 42.02 42.11 42.20 41.40 40.60 39.04 37.47 35.34 33.21 30.72 28.23 25.59 22.94 20.26 17.58 14.92 12.26 9.61 6.96 4.30 1.64 -1.03 -3.69 -6.27 -8.86 -11.23 -13.60 -15.56 -17.52 -18.84 -20.16 -20.61 -21.06 -20.40 -19.74 -17.87 -16.00 -13.12 -10.24 -7.00 -3.75 -1.06 1.63 3.00 4.37 4.25
-36.00 -34.54 -32.34 -30.14 -27.56 -24.97 -22.18 -19.39 -16.43 -13.48 -10.31 -7.15 -3.73 -0.31 3.43 7.17 11.21 15.24 19.36 23.48 27.33 31.17 34.35 37.53 39.79 42.06 43.32 44.59 44.89 45.19 44.60 44.00 42.63 41.27 39.29 37.32 34.95 32.57 29.97 27.36 24.63 21.90 19.12 16.34 13.53 10.72 7.88 5.04 2.20 -0.64 -3.39 -6.15 -8.67 -11.18 -13.27 -15.35 -16.79 -18.22 -18.78 -19.34 -18.82 -18.29 -16.59 -14.90 -12.25 -9.60 -6.65 -3.69 -1.34 1.02 2.04 3.05 2.61
-23.86 -23.64 -22.47 -21.29 -19.54 -17.79 -15.69 -13.59 -11.19 -8.79 -6.07 -3.36 -0.29 2.79 6.27 9.75 13.61 17.47 21.51 25.54 29.37 33.21 36.44 39.68 42.07 44.45 45.88 47.31 47.80 48.29 47.88 47.47 46.26 45.05 43.20 41.35 39.04 36.74 34.12 31.51 28.70 25.89 22.96 20.04 17.05 14.06 11.03 8.01 4.99 1.97 -0.94 -3.86 -6.51 -9.16 -11.35 -13.55 -15.08 -16.61 -17.26 -17.91 -17.50 -17.09 -15.55 -14.01 -11.58 -9.15 -6.47 -3.80 -1.77 0.27 0.93 1.60 0.82
-11.71 -12.75 -12.59 -12.43 -11.52 -10.61 -9.20 -7.79 -5.94 -4.10 -1.83 0.44 3.16 5.88 9.10 12.32 16.02 19.71 23.66 27.60 31.42 35.24 38.54 41.84 44.34 46.84 48.44 50.04 50.71 51.39 51.16 50.94 49.89 48.83 47.10 45.37 43.14 40.90 38.28 35.67 32.77 29.88 26.81 23.73 20.57 17.40 14.19 10.98 7.78 4.59 1.51 -1.57 -4.35 -7.14 -9.44 -11.74 -13.37 -14.99 -15.74 -16.48 -16.19 -15.89 -14.50 -13.12 -10.91 -8.70 -6.30 -3.90 -2.19 -0.49 -0.17 0.15 -0.97
3.99 1.63 0.62 -0.40 -0.51 -0.63 -0.10 0.42 1.50 2.59 4.22 5.85 8.05 10.25 13.07 15.89 19.28 22.68 26.43 30.18 33.90 37.62 40.90 44.18 46.74 49.29 51.00 52.71 53.51 54.32 54.22 54.12 53.16 52.21 50.53 48.86 46.63 44.39 41.73 39.06 36.06 33.05 29.83 26.60 23.26 19.92 16.54 13.16 9.81 6.46 3.25 0.04 -2.85 -5.74 -8.13 -10.51 -12.19 -13.88 -14.69 -15.50 -15.29 -15.08 -13.82 -12.57 -10.55 -8.53 -6.39 -4.24 -2.84 -1.44 -1.45 -1.47 -2.92
19.70 16.01 13.83 11.64 10.50 9.36 8.99 8.62 8.95 9.27 10.27 11.26 12.95 14.63 17.04 19.45 22.55 25.65 29.21 32.76 36.38 40.00 43.26 46.52 49.14 51.75 53.56 55.37 56.31 57.25 57.28 57.30 56.44 55.58 53.96 52.34 50.11 47.89 45.17 42.46 39.34 36.23 32.85 29.47 25.96 22.45 18.90 15.35 11.84 8.33 4.99 1.65 -1.35 -4.35 -6.81 -9.27 -11.02 -12.77 -13.64 -14.52 -14.39 -14.27 -13.14 -12.02 -10.20 -8.37 -6.48 -4.59 -3.49 -2.39 -2.74 -3.09 -4.87
37.99 33.06 29.65 26.24 23.96 21.67 20.28 18.88 18.29 17.69 17.89 18.10 19.11 20.13 22.01 23.89 26.57 29.26 32.52 35.78 39.21 42.63 45.79 48.95 51.55 54.14 55.98 57.83 58.83 59.82 59.89 59.97 59.12 58.28 56.64 55.00 52.72 50.44 47.63 44.82 41.59 38.35 34.83 31.31 27.65 23.99 20.30 16.62 12.99 9.37 5.93 2.50 -0.56 -3.63 -6.13 -8.64 -10.42 -12.19 -13.10 -14.00 -13.93 -13.85 -12.84 -11.82 -10.16 -8.49 -6.83 -5.16 -4.34 -3.52 -4.18 -4.84 -6.94
56.29 50.11 45.48 40.85 37.42 33.99 31.56 29.13 27.62 26.12 25.52 24.93 25.28 25.63 26.98 28.32 30.60 32.88 35.84 38.80 42.03 45.26 48.32 51.38 53.96 56.53 58.41 60.29 61.34 62.39 62.51 62.63 61.81 60.99 59.33 57.67 55.33 52.99 50.09 47.19 43.83 40.47 36.81 33.15 29.34 25.53 21.71 17.88 14.14 10.40 6.88 3.35 0.22 -2.91 -5.46 -8.01 -9.81 -11.62 -12.55 -13.48 -13.46 -13.44 -12.53 -11.61 -10.12 -8.62 -7.18 -5.74 -5.20 -4.65 -5.62 -6.59 -9.01
74.93 67.71 61.96 56.21 51.67 47.13 43.66 40.18 37.72 35.26 33.82 32.39 32.02 31.66 32.42 33.18 35.00 36.82 39.43 42.04 45.01 47.99 50.89 53.79 56.28 58.77 60.61 62.46 63.50 64.54 64.64 64.74 63.86 62.99 61.25 59.51 57.06 54.62 51.60 48.58 45.11 41.63 37.85 34.07 30.15 26.24 22.32 18.41 14.60 10.79 7.22 3.65 0.49 -2.67 -5.23 -7.79 -9.60 -11.40 -12.34 -13.28 -13.29 -13.31 -12.47 -11.64 -10.28 -8.92 -7.67 -6.43 -6.13 -5.83 -7.08 -8.32 -11.03
93.56 85.31 78.44 71.57 65.92 60.26 55.75 51.24 47.82 44.41 42.13 39.84 38.77 37.69 37.87 38.05 39.40 40.76 43.02 45.27 47.99 50.72 53.46 56.20 58.60 61.01 62.82 64.63 65.66 66.68 66.76 66.84 65.91 64.99 63.17 61.35 58.80 56.25 53.11 49.98 46.38 42.79 38.89 34.99 30.97 26.94 22.94 18.93 15.05 11.18 7.56 3.94 0.76 -2.43 -5.01 -7.58 -9.39 -11.19 -12.13 -13.08 -13.13 -13.17 -12.42 -11.66 -10.44 -9.22 -8.17 -7.12 -7.06 -7.00 -8.53 -10.05 -13.05
109.34 100.45 92.75 85.04 78.50 71.96 66.58 61.20 56.98 52.76 49.75 46.74 45.03 43.33 43.00 42.67 43.61 44.55 46.48 48.40 50.88 53.35 55.91 58.47 60.75 63.03 64.77 66.50 67.45 68.41 68.41 68.42 67.40 66.38 64.44 62.50 59.83 57.15 53.90 50.66 46.97 43.28 39.31 35.34 31.26 27.17 23.13 19.09 15.20 11.30 7.68 4.06 0.88 -2.30 -4.87 -7.44 -9.23 -11.03 -11.98 -12.92 -13.00 -13.09 -12.40 -11.72 -10.62 -9.51 -8.62 -7.74 -7.88 -8.02 -9.77 -11.53 -14.78
125.12 115.58 107.05 98.52 91.09 83.66 77.42 71.17 66.14 61.11 57.37 53.63 51.30 48.98 48.14 47.29 47.82 48.35 49.94 51.54 53.76 55.98 58.36 60.74 62.90 65.06 66.71 68.36 69.25 70.14 70.07 69.99 68.88 67.76 65.71 63.65 60.86 58.06 54.70 51.33 47.55 43.77 39.72 35.68 31.54 27.41 23.33 19.25 15.34 11.43 7.81 4.18 1.00 -2.18 -4.74 -7.29 -9.08 -10.87 -11.82 -12.77 -12.88 -13.00 -12.39 -11.78 -10.79 -9.81 -9.08 -8.35 -8.69 -9.03 -11.02 -13.00 -16.52
135.07 125.40 116.49 107.59 99.67 91.75 84.98 78.22 72.69 67.16 62.98 58.79 56.08 53.37 52.21 51.04 51.29 51.54 52.91 54.27 56.29 58.31 60.53 62.75 64.78 66.81 68.34 69.88 70.66 71.45 71.27 71.09 69.85 68.62 66.44 64.27 61.36 58.45 55.01 51.56 47.73 43.91 39.85 35.79 31.66 27.54 23.49 19.43 15.56 11.69 8.11 4.53 1.38 -1.77 -4.31 -6.85 -8.64 -10.43 -11.41 -12.38 -12.55 -12.71 -12.19 -11.67 -10.80 -9.93 -9.34 -8.75 -9.25 -9.75 -11.91 -14.06 -17.77
145.02 135.21 125.93 116.66 108.24 99.83 92.55 85.26 79.24 73.22 68.58 63.95 60.86 57.77 56.28 54.78 54.76 54.74 55.87 56.99 58.82 60.64 62.70 64.76 66.66 68.55 69.97 71.40 72.08 72.76 72.47 72.18 70.83 69.48 67.18 64.88 61.86 58.85 55.32 51.79 47.92 44.04 39.97 35.90 31.78 27.67 23.64 19.62 15.79 11.96 8.42 4.87 1.75 -1.36 -3.89 -6.41 -8.20 -9.99 -10.99 -11.99 -12.21 -12.43 -11.99 -11.56 -10.80 -10.05 -9.60 -9.15 -9.80 -10.46 -12.79 -15.12 -19.03
147.60 138.18 129.05 119.91 111.49 103.06 95.69 88.33 82.21 76.10 71.39 66.69 63.53 60.38 58.82 57.26 57.16 57.06 58.09 59.11 60.83 62.54 64.48 66.42 68.19 69.96 71.26 72.56 73.11 73.66 73.25 72.83 71.36 69.89 67.48 65.08 61.98 58.89 55.32 51.76 47.89 44.03 40.01 35.99 31.96 27.93 24.00 20.07 16.33 12.59 9.12 5.66 2.60 -0.47 -2.97 -5.47 -7.27 -9.08 -10.14 -11.19 -11.50 -11.81 -11.49 -11.17 -10.54 -9.91 -9.59 -9.27 -10.05 -10.83 -13.28 -15.73 -19.76
150.17 141.15 132.16 123.17 114.73 106.28 98.84 91.39 85.18 78.98 74.20 69.43 66.21 62.99 61.37 59.74 59.56 59.37 60.30 61.23 62.84 64.44 66.26 68.08 69.73 71.38 72.55 73.72 74.14 74.57 74.02 73.48 71.89 70.30 67.79 65.28 62.10 58.93 55.32 51.72 47.86 44.01 40.05 36.08 32.13 28.18 24.35 20.51 16.87 13.22 9.83 6.45 3.44 0.43 -2.04 -4.52 -6.35 -8.17 -9.28 -10.40 -10.79 -11.19 -10.98 -10.77 -10.27 -9.77 -9.58 -9.40 -10.30 -11.21 -13.77 -16.34 -20.49
