test/esri_led_0/synt_tma_6000m_led_0.esri
nrows             510
ncols             462
xllcorner      398000.00
yllcorner     7846000.00
cellsize          500.00
NODATA_value    -9999
[rows 416 to 447 of 510, columns 216 to 287 of 462]
152.31 155.11 157.91 159.49 161.07 164.14 167.21 171.75 176.28 181.67 187.06 194.25 201.45 210.04 218.62 224.63 230.64 231.54 232.45 231.20 229.96 229.38 228.81 226.31 223.81 216.42 209.04 199.03 189.02 179.03 169.04 156.90 144.77 127.78 110.79 90.92 71.05 52.04 33.02 16.01 -1.00 -16.63 -32.26 -46.37 -60.49 -72.33 -84.17 -93.59 -103.00 -110.59 -118.17 -124.95 -131.72 -139.93 -148.14 -161.78 -175.42 -197.31 -219.19 -246.53 -273.87 -298.13 -322.39 -332.81 -343.24 -334.98 -326.71 -305.60 -284.48 -258.63 -232.78 -203.19
173.91 175.47 177.02 177.66 178.30 180.96 183.62 187.87 192.12 196.87 201.61 207.92 214.23 221.92 229.61 234.58 239.55 238.91 238.26 234.75 231.23 228.05 224.88 220.55 216.22 208.27 200.33 189.94 179.54 168.36 157.18 143.62 130.06 112.00 93.95 72.51 51.08 29.41 7.74 -11.96 -31.67 -49.40 -67.13 -84.26 -101.40 -118.18 -134.97 -149.66 -164.35 -176.76 -189.17 -202.95 -216.72 -234.71 -252.69 -273.38 -294.08 -316.29 -338.50 -363.80 -389.09 -412.80 -436.51 -443.36 -450.21 -430.28 -410.35 -372.80 -335.25 -295.19 -255.13 -217.44
192.78 193.28 193.77 193.68 193.59 196.28 198.97 203.25 207.52 211.52 215.52 220.76 226.00 232.89 239.79 243.82 247.85 245.44 243.03 237.11 231.19 225.76 220.34 214.66 208.98 200.71 192.43 181.86 171.29 159.32 147.35 132.65 117.94 98.66 79.38 55.98 32.59 8.00 -16.58 -38.91 -61.25 -80.66 -100.08 -119.66 -139.25 -160.44 -181.63 -200.93 -220.23 -236.49 -252.76 -272.58 -292.40 -319.49 -346.57 -373.53 -400.50 -421.87 -443.25 -465.73 -488.22 -511.66 -535.09 -538.80 -542.51 -510.54 -478.57 -424.44 -370.30 -317.11 -263.92 -220.07
211.65 211.09 210.52 209.70 208.89 211.60 214.32 218.62 222.92 226.17 229.42 233.59 237.76 243.86 249.97 253.06 256.16 251.97 247.79 239.47 231.15 223.47 215.80 208.77 201.75 193.14 184.53 173.78 163.03 150.28 137.53 121.68 105.83 85.32 64.80 39.45 14.10 -13.40 -40.90 -65.86 -90.82 -111.92 -133.02 -155.06 -177.10 -202.70 -228.30 -252.20 -276.11 -296.22 -316.34 -342.21 -368.08 -404.27 -440.46 -473.68 -506.91 -527.45 -547.99 -567.67 -587.35 -610.52 -633.68 -634.25 -634.81 -590.81 -546.80 -476.08 -405.35 -339.03 -272.71 -222.70
215.96 215.43 214.91 214.52 214.13 217.65 221.16 225.93 230.70 233.55 236.40 239.71 243.02 248.42 253.82 256.29 258.77 253.74 248.71 239.50 230.30 222.09 213.88 206.91 199.94 191.92 183.89 173.85 163.80 151.34 138.88 122.64 106.40 84.76 63.12 35.92 8.72 -20.92 -50.56 -76.92 -103.28 -124.57 -145.85 -167.83 -189.80 -216.04 -242.28 -267.12 -291.96 -312.96 -333.96 -361.97 -389.97 -429.74 -469.51 -504.76 -540.01 -558.86 -577.70 -594.49 -611.27 -632.76 -654.25 -652.01 -649.77 -599.07 -548.37 -469.42 -390.47 -318.62 -246.77 -196.24
220.26 219.78 219.30 219.34 219.38 223.69 228.00 233.24 238.48 240.92 243.37 245.83 248.29 252.98 257.67 259.52 261.38 255.50 249.63 239.54 229.44 220.71 211.97 205.05 198.13 190.70 183.26 173.92 164.57 152.40 140.23 123.59 106.96 84.20 61.44 32.38 3.33 -28.45 -60.22 -87.98 -115.74 -137.21 -158.68 -180.59 -202.49 -229.38 -256.27 -282.04 -307.80 -329.69 -351.58 -381.73 -411.87 -455.21 -498.55 -535.83 -573.11 -590.26 -607.41 -621.30 -635.20 -655.00 -674.81 -669.77 -664.72 -607.33 -549.95 -462.76 -375.58 -298.21 -220.84 -169.78
202.51 203.83 205.16 207.55 209.95 216.10 222.25 228.43 234.62 237.22 239.82 241.67 243.53 247.24 250.95 252.38 253.82 248.74 243.66 235.21 226.75 219.83 212.90 207.79 202.69 197.20 191.72 184.51 177.30 166.96 156.63 140.58 124.54 100.73 76.92 46.17 15.42 -17.30 -50.03 -77.42 -104.81 -124.42 -144.03 -162.15 -180.27 -201.96 -223.65 -244.90 -266.16 -285.32 -304.49 -331.77 -359.05 -397.89 -436.73 -469.87 -503.02 -518.01 -533.00 -544.07 -555.14 -569.86 -584.57 -576.11 -567.65 -512.22 -456.80 -374.52 -292.24 -219.79 -147.33 -102.75
184.75 187.88 191.01 195.76 200.52 208.51 216.49 223.62 230.76 233.51 236.26 237.51 238.77 241.50 244.23 245.24 246.26 241.98 237.70 230.88 224.05 218.94 213.83 210.54 207.24 203.71 200.17 195.10 190.02 181.52 173.03 157.57 142.11 117.25 92.40 59.96 27.52 -6.16 -39.83 -66.85 -93.87 -111.62 -129.37 -143.71 -158.05 -174.54 -191.03 -207.77 -224.51 -240.95 -257.40 -281.81 -306.22 -340.56 -374.90 -403.91 -432.92 -445.75 -458.59 -466.83 -475.08 -484.71 -494.33 -482.45 -470.57 -417.11 -363.65 -286.28 -208.91 -141.36 -73.82 -35.73
151.20 157.40 163.59 172.19 180.80 191.73 202.67 211.34 220.01 223.13 226.24 226.86 227.47 229.14 230.81 231.78 232.76 230.48 228.21 224.80 221.40 219.89 218.38 218.21 218.05 217.37 216.68 214.74 212.79 207.38 201.96 187.73 173.49 147.03 120.57 85.62 50.66 16.07 -18.52 -44.25 -69.98 -84.12 -98.27 -105.63 -112.99 -119.69 -126.39 -134.42 -142.45 -153.29 -164.13 -182.12 -200.11 -224.73 -249.35 -270.29 -291.23 -301.39 -311.56 -317.03 -322.51 -325.46 -328.40 -313.49 -298.57 -252.86 -207.15 -142.75 -78.36 -21.66 35.04 62.56
117.65 126.91 136.17 148.62 161.08 174.96 188.84 199.05 209.26 212.75 216.23 216.20 216.18 216.78 217.39 218.32 219.25 218.98 218.71 218.73 218.75 220.83 222.92 225.89 228.86 231.02 233.18 234.37 235.56 233.23 230.90 217.89 204.88 176.81 148.74 111.27 73.81 38.30 2.79 -21.65 -46.09 -56.63 -67.17 -67.54 -67.92 -64.83 -61.74 -61.07 -60.39 -65.63 -70.86 -82.43 -94.01 -108.91 -123.80 -136.67 -149.54 -157.03 -164.53 -167.23 -169.94 -166.21 -162.48 -144.53 -126.57 -88.61 -50.65 0.77 52.20 98.04 143.89 160.85
81.54 93.90 106.26 122.61 138.95 156.08 173.20 185.20 197.20 200.95 204.69 204.00 203.31 203.30 203.30 204.81 206.32 208.47 210.62 214.47 218.31 224.50 230.69 237.00 243.32 247.96 252.59 256.38 260.17 260.64 261.12 248.92 236.72 205.99 175.26 133.97 92.69 55.33 17.97 -5.41 -28.79 -35.14 -41.50 -33.82 -26.14 -12.04 2.05 12.62 23.19 24.67 26.14 21.88 17.62 12.96 8.31 3.69 -0.92 -5.85 -10.79 -11.55 -12.32 -3.63 5.06 24.17 43.28 72.31 101.34 139.48 177.62 213.18 248.74 256.01
45.43 60.89 76.35 96.59 116.83 137.20 157.57 171.35 185.13 189.14 193.15 191.79 190.43 189.82 189.21 191.30 193.38 197.96 202.54 210.21 217.88 228.17 238.46 248.12 257.77 264.89 272.00 278.39 284.78 288.06 291.34 279.96 268.57 235.17 201.77 156.67 111.57 72.36 33.14 10.83 -11.48 -13.66 -15.84 -0.09 15.65 40.74 65.84 86.31 106.78 114.96 123.14 126.20 129.25 134.83 140.42 144.06 147.70 145.32 142.94 144.12 145.30 158.95 172.60 192.87 213.13 233.23 253.33 278.19 303.05 328.32 353.58 351.18
17.50 34.77 52.05 74.30 96.56 118.62 140.67 155.47 170.27 174.60 178.94 177.62 176.31 176.07 175.82 179.19 182.56 189.64 196.72 207.79 218.87 232.55 246.22 258.13 270.04 277.89 285.73 292.09 298.45 301.49 304.53 291.80 279.08 242.50 205.92 157.11 108.29 66.83 25.37 3.41 -18.55 -17.31 -16.06 6.16 28.39 61.92 95.46 123.93 152.40 167.01 181.62 191.27 200.92 214.03 227.15 236.40 245.65 244.86 244.07 245.31 246.55 260.72 274.89 293.08 311.28 323.88 336.48 351.57 366.67 384.24 401.82 393.50
-10.44 8.65 27.74 52.02 76.30 100.04 123.77 139.59 155.41 160.06 164.72 163.45 162.18 162.31 162.44 167.08 171.73 181.31 190.89 205.38 219.87 236.93 253.98 268.14 282.30 290.88 299.47 305.80 312.13 314.92 317.71 303.65 289.59 249.83 210.07 157.54 105.01 61.31 17.60 -4.00 -25.61 -20.95 -16.29 12.42 41.14 83.11 125.07 161.55 198.02 219.06 240.10 256.35 272.59 293.24 313.88 328.74 343.60 344.40 345.19 346.50 347.80 362.49 377.18 393.30 409.43 414.53 419.63 424.96 430.28 440.17 450.05 435.82
-26.07 -7.13 11.80 35.17 58.54 81.21 103.88 119.25 134.61 139.90 145.18 145.20 145.22 146.87 148.51 155.07 161.63 173.82 186.01 203.48 220.95 240.37 259.80 274.59 289.39 296.23 303.07 305.45 307.83 305.52 303.21 284.62 266.02 223.15 180.29 125.20 70.12 24.08 -21.97 -44.20 -66.44 -59.60 -52.76 -20.12 12.53 58.64 104.75 145.84 186.93 213.75 240.57 262.55 284.52 309.14 333.76 350.63 367.50 368.57 369.64 368.60 367.56 377.11 386.65 396.77 406.88 406.57 406.25 405.64 405.04 408.80 412.57 396.46
-41.69 -22.91 -4.13 18.33 40.79 62.38 83.98 98.90 113.82 119.73 125.64 126.95 128.26 131.42 134.58 143.06 151.54 166.34 181.13 201.58 222.03 243.82 265.62 281.04 296.47 301.57 306.67 305.10 303.53 296.12 288.72 265.58 242.45 196.48 150.51 92.87 35.23 -13.15 -61.54 -84.40 -107.27 -98.24 -89.22 -52.66 -16.09 34.17 84.43 130.14 175.84 208.44 241.04 268.74 296.45 325.05 353.64 372.52 391.40 392.75 394.09 390.71 387.33 391.73 396.13 400.24 404.34 398.60 392.86 386.33 379.79 377.44 375.09 357.10
-48.13 -31.01 -13.89 5.67 25.23 43.95 62.67 76.21 89.74 96.40 103.06 106.37 109.69 115.00 120.31 131.00 141.69 159.13 176.57 199.95 223.33 247.29 271.25 286.37 301.49 302.63 303.77 295.04 286.30 270.62 254.94 225.40 195.87 146.50 97.13 36.75 -23.63 -75.59 -127.56 -152.47 -177.38 -166.86 -156.34 -116.97 -77.60 -25.62 26.35 74.29 122.23 159.54 196.84 229.49 262.14 293.04 323.94 342.88 361.83 361.78 361.72 353.48 345.23 340.82 336.41 332.29 328.16 318.05 307.94 297.63 287.32 280.35 273.37 257.13
-54.58 -39.11 -23.64 -6.99 9.66 25.52 41.37 53.51 65.66 73.07 80.48 85.80 91.11 98.57 106.04 118.94 131.85 151.93 172.02 198.32 224.63 250.76 276.88 291.70 306.51 303.69 300.87 284.97 269.07 245.12 221.17 185.23 149.28 96.52 43.75 -19.37 -82.49 -138.03 -193.58 -220.54 -247.49 -235.48 -223.47 -181.28 -139.10 -85.42 -31.73 18.44 68.62 110.63 152.64 190.24 227.84 261.04 294.24 313.24 332.25 330.81 329.36 316.24 303.13 289.91 276.70 264.33 251.97 237.49 223.01 208.93 194.86 183.26 171.66 157.16
-57.56 -44.42 -31.28 -17.89 -4.50 8.40 21.31 32.13 42.94 51.12 59.30 66.63 73.96 83.54 93.12 107.91 122.70 144.74 166.79 195.34 223.89 251.82 279.75 293.83 307.91 300.22 292.53 268.91 245.30 213.60 181.91 140.56 99.22 43.57 -12.07 -78.10 -144.13 -204.07 -264.00 -293.97 -323.93 -311.00 -298.07 -253.83 -209.59 -155.52 -101.45 -50.76 -0.07 44.86 89.80 131.28 172.77 208.27 243.78 262.87 281.96 278.17 274.37 255.41 236.44 214.40 192.37 172.31 152.25 133.88 115.51 98.60 81.68 67.30 52.91 42.38
-60.53 -49.73 -38.92 -28.80 -18.67 -8.71 1.25 10.74 20.22 29.17 38.11 47.46 56.81 68.50 80.20 96.87 113.54 137.55 161.56 192.35 223.14 252.88 282.63 295.97 309.31 296.75 284.19 252.85 221.52 182.08 142.64 95.90 49.15 -9.37 -67.89 -136.83 -205.78 -270.10 -334.43 -367.40 -400.36 -386.52 -372.67 -326.38 -280.08 -225.62 -171.16 -119.96 -68.75 -20.90 26.95 72.32 117.69 155.51 193.33 212.50 231.66 225.53 219.39 194.57 169.75 138.89 108.04 80.29 52.53 30.28 8.02 -11.74 -31.49 -48.67 -65.84 -72.39
-64.51 -56.31 -48.11 -40.65 -33.20 -25.29 -17.38 -8.54 0.31 10.31 20.31 31.71 43.11 56.71 70.32 87.94 105.56 129.45 153.33 183.33 213.33 241.91 270.48 281.72 292.96 276.70 260.45 224.63 188.81 145.69 102.57 54.29 6.01 -51.90 -109.81 -177.87 -245.93 -310.89 -375.84 -410.38 -444.91 -432.55 -420.19 -376.34 -332.48 -281.70 -230.92 -182.37 -133.82 -85.78 -37.75 9.65 57.06 96.71 136.36 156.10 175.83 168.48 161.13 132.84 104.55 68.44 32.33 -0.34 -33.00 -58.29 -83.59 -105.41 -127.24 -145.26 -163.28 -165.29
-68.49 -62.89 -57.29 -52.51 -47.73 -41.87 -36.02 -27.81 -19.60 -8.55 2.51 15.96 29.42 44.93 60.43 79.01 97.58 121.35 145.11 174.32 203.52 230.93 258.34 267.47 276.60 256.66 236.72 196.41 156.10 109.30 62.50 12.69 -37.12 -94.42 -151.72 -218.91 -286.09 -351.67 -417.25 -453.36 -489.47 -478.59 -467.72 -426.30 -384.89 -337.79 -290.69 -244.79 -198.89 -150.67 -102.44 -53.01 -3.58 37.91 79.40 99.69 119.99 111.43 102.86 71.11 39.36 -2.01 -43.38 -80.96 -118.53 -146.86 -175.19 -199.09 -222.98 -241.85 -260.72 -258.19
-76.14 -73.32 -70.49 -67.57 -64.64 -59.82 -55.01 -46.59 -38.18 -25.42 -12.66 3.38 19.43 36.98 54.52 72.97 91.41 112.00 132.59 156.12 179.64 200.73 221.82 226.57 231.32 210.27 189.22 149.87 110.52 65.65 20.77 -25.31 -71.39 -122.21 -173.03 -231.96 -290.89 -349.45 -408.01 -442.36 -476.70 -471.47 -466.23 -435.41 -404.58 -368.35 -332.11 -293.62 -255.12 -209.66 -164.21 -114.59 -64.97 -22.61 19.74 41.02 62.30 55.07 47.83 17.02 -13.79 -55.46 -97.12 -136.22 -175.33 -205.86 -236.39 -262.00 -287.60 -306.12 -324.64 -318.30
-83.80 -83.75 -83.70 -82.63 -81.56 -77.78 -73.99 -65.38 -56.76 -42.30 -27.83 -9.20 9.44 29.03 48.61 66.93 85.24 102.65 120.06 137.91 155.77 170.53 185.30 185.67 186.03 163.88 141.72 103.34 64.95 22.00 -20.95 -63.30 -105.66 -149.99 -194.33 -245.01 -295.70 -347.23 -398.77 -431.35 -463.94 -464.35 -464.75 -444.51 -424.27 -398.90 -373.53 -342.44 -311.35 -268.66 -225.97 -176.16 -126.35 -83.13 -39.91 -17.65 4.61 -1.29 -7.20 -37.07 -66.95 -108.90 -150.86 -191.49 -232.13 -264.86 -297.58 -324.90 -352.23 -370.40 -388.57 -378.40
-96.07 -98.71 -101.34 -101.40 -101.45 -98.03 -94.61 -85.23 -75.85 -58.98 -42.11 -20.09 1.94 23.97 46.00 63.37 80.75 92.40 104.05 112.41 120.77 125.76 130.75 125.72 120.69 99.78 78.87 45.70 12.52 -24.17 -60.86 -95.08 -129.30 -161.81 -194.32 -230.65 -266.98 -306.22 -345.46 -374.41 -403.36 -412.40 -421.44 -418.07 -414.71 -406.78 -398.85 -379.58 -360.31 -321.86 -283.41 -233.30 -183.20 -138.81 -94.42 -70.45 -46.49 -49.26 -52.03 -78.34 -104.66 -144.42 -184.17 -224.84 -265.51 -300.22 -334.94 -364.73 -394.53 -413.84 -433.16 -421.63
-108.35 -113.67 -118.99 -120.16 -121.34 -118.28 -115.22 -105.08 -94.94 -75.66 -56.38 -30.98 -5.57 18.91 43.39 59.82 76.26 82.15 88.04 86.91 85.78 80.99 76.20 65.77 55.34 35.68 16.02 -11.94 -39.90 -70.34 -100.77 -126.86 -152.95 -173.63 -194.31 -216.29 -238.27 -265.21 -292.15 -317.47 -342.78 -360.45 -378.13 -391.63 -405.14 -414.66 -424.17 -416.72 -409.26 -375.06 -340.85 -290.44 -240.04 -194.48 -148.92 -123.26 -97.60 -97.23 -96.86 -119.62 -142.38 -179.93 -217.49 -258.19 -298.89 -335.59 -372.29 -404.56 -436.84 -457.29 -477.74 -464.86
-124.74 -131.86 -138.98 -140.28 -141.57 -138.26 -134.95 -123.87 -112.79 -91.18 -69.56 -41.11 -12.66 13.69 40.05 54.67 69.30 68.29 67.28 55.91 44.55 30.35 16.15 1.89 -12.37 -28.28 -44.20 -63.80 -83.40 -104.31 -125.22 -140.06 -154.91 -160.94 -166.97 -172.82 -178.66 -193.07 -207.48 -229.75 -252.02 -279.00 -305.99 -337.84 -369.69 -399.22 -428.75 -435.17 -441.60 -411.70 -381.80 -330.03 -278.26 -230.59 -182.93 -155.10 -127.27 -123.73 -120.19 -139.76 -159.33 -195.42 -231.52 -273.00 -314.48 -353.89 -393.30 -429.84 -466.38 -491.49 -516.61 -506.27
-141.13 -150.05 -158.97 -160.39 -161.81 -158.24 -154.67 -142.66 -130.64 -106.69 -82.75 -51.25 -19.74 8.48 36.71 49.52 62.34 54.43 46.52 24.92 3.31 -20.29 -43.90 -61.99 -80.08 -92.25 -104.41 -115.66 -126.90 -138.28 -149.66 -153.27 -156.87 -148.26 -139.64 -129.34 -119.05 -120.93 -122.81 -142.03 -161.25 -197.55 -233.85 -284.05 -334.24 -383.79 -433.33 -453.63 -473.93 -448.34 -422.74 -369.61 -316.47 -266.71 -216.95 -186.95 -156.95 -150.24 -143.53 -159.90 -176.28 -210.91 -245.54 -287.80 -330.07 -372.19 -414.31 -455.12 -495.92 -525.70 -555.48 -547.67
-160.14 -168.87 -177.59 -177.32 -177.05 -171.78 -166.52 -153.37 -140.22 -115.68 -91.14 -59.81 -28.47 -1.77 24.93 33.95 42.96 28.52 14.08 -15.31 -44.70 -74.07 -103.45 -121.41 -139.37 -143.72 -148.06 -146.04 -144.02 -140.46 -136.90 -125.62 -114.35 -90.94 -67.54 -43.58 -19.63 -11.95 -4.27 -22.11 -39.95 -85.03 -130.10 -196.36 -262.62 -329.48 -396.34 -429.21 -462.09 -441.70 -421.31 -368.37 -315.42 -264.25 -213.07 -181.39 -149.71 -141.23 -132.75 -147.85 -162.95 -197.68 -232.42 -276.76 -321.10 -367.49 -413.88 -461.04 -508.19 -545.38 -582.56 -581.08
-179.16 -187.69 -196.22 -194.25 -192.29 -185.33 -178.36 -164.09 -149.81 -124.67 -99.53 -68.37 -37.20 -12.02 13.16 18.37 23.59 2.62 -18.36 -55.54 -92.71 -127.85 -162.99 -180.83 -198.66 -195.19 -191.72 -176.43 -161.14 -142.64 -124.13 -97.98 -71.82 -33.63 4.55 42.17 79.79 97.03 114.27 97.81 81.35 27.50 -26.35 -108.68 -191.00 -275.17 -359.34 -404.79 -450.24 -435.06 -419.88 -367.12 -314.36 -261.78 -209.20 -175.84 -142.48 -132.22 -121.97 -135.79 -149.61 -184.45 -219.29 -265.71 -312.14 -362.79 -413.45 -466.96 -520.46 -565.05 -609.64 -614.49
-201.26 -206.83 -212.40 -206.01 -199.62 -188.49 -177.36 -161.45 -145.55 -122.64 -99.74 -74.01 -48.28 -30.03 -11.79 -13.34 -14.89 -41.54 -68.20 -109.83 -151.46 -188.25 -225.04 -238.21 -251.39 -234.48 -217.58 -181.36 -145.15 -103.19 -61.24 -15.24 30.75 82.44 134.13 181.16 228.19 251.89 275.59 259.12 242.65 179.85 117.05 20.70 -75.64 -172.77 -269.90 -325.11 -380.32 -372.23 -364.14 -314.98 -265.82 -213.26 -160.70 -126.32 -91.94 -81.83 -71.72 -86.43 -101.15 -137.07 -173.00 -222.28 -271.55 -328.48 -385.40 -447.60 -509.81 -563.56 -617.31 -631.69
-223.37 -225.98 -228.59 -217.77 -206.95 -191.65 -176.35 -158.82 -141.29 -120.62 -99.95 -79.65 -59.35 -48.05 -36.74 -45.05 -53.36 -85.71 -118.05 -164.13 -210.21 -248.65 -287.08 -295.60 -304.12 -273.78 -243.43 -186.29 -129.15 -63.75 1.66 67.49 133.32 198.52 263.71 320.15 376.58 406.75 436.92 420.43 403.95 332.20 260.45 150.08 39.72 -70.36 -180.45 -245.42 -310.40 -309.40 -308.40 -262.84 -217.28 -164.74 -112.20 -76.80 -41.41 -31.44 -21.47 -37.08 -52.70 -89.70 -126.70 -178.84 -230.97 -294.16 -357.35 -428.25 -499.15 -562.06 -624.98 -648.88
