test/esri_led_0/synt_tma_6000m_led_0.esri
nrows             510
ncols             462
xllcorner      398000.00
yllcorner     7846000.00
cellsize          500.00
NODATA_value    -9999
[rows 256 to 287 of 510, columns 0 to 71 of 462]
195.02 178.19 161.35 130.94 100.54 68.24 35.93 10.95 -14.04 -28.68 -43.33 -50.39 -57.45 -60.65 -63.84 -64.23 -64.61 -62.29 -59.97 -56.51 -53.04 -50.19 -47.33 -45.24 -43.16 -41.57 -39.97 -39.48 -38.99 -39.72 -40.45 -40.87 -41.28 -40.25 -39.21 -37.79 -36.37 -35.66 -34.95 -34.08 -33.22 -31.32 -29.42 -27.63 -25.85 -25.55 -25.25 -26.13 -27.01 -28.59 -30.18 -33.37 -36.55 -41.95 -47.36 -53.79 -60.22 -66.83 -73.44 -81.46 -89.49 -99.59 -109.69 -119.84 -129.98 -138.82 -147.67 -157.30 -166.93 -178.75 -190.58 -201.92
194.78 177.41 160.04 128.82 97.61 64.30 30.99 4.99 -21.01 -36.62 -52.22 -60.21 -68.19 -72.14 -76.08 -76.67 -77.25 -74.30 -71.35 -66.65 -61.94 -57.72 -53.49 -50.28 -47.08 -44.70 -42.33 -41.19 -40.05 -40.18 -40.32 -40.47 -40.62 -39.92 -39.22 -38.52 -37.82 -37.82 -37.83 -37.46 -37.10 -35.50 -33.90 -32.30 -30.71 -30.53 -30.35 -31.14 -31.94 -33.10 -34.27 -36.82 -39.36 -44.05 -48.74 -54.42 -60.10 -65.84 -71.58 -78.50 -85.41 -94.23 -103.05 -112.09 -121.13 -129.18 -137.23 -145.98 -154.73 -165.43 -176.14 -186.84
192.39 174.31 156.23 123.88 91.53 57.16 22.78 -3.97 -30.73 -46.80 -62.87 -71.41 -79.95 -84.63 -89.31 -90.18 -91.06 -87.42 -83.78 -77.73 -71.69 -66.11 -60.52 -56.21 -51.90 -48.64 -45.38 -43.47 -41.56 -41.05 -40.55 -40.37 -40.19 -39.61 -39.04 -38.87 -38.71 -39.39 -40.07 -40.17 -40.27 -38.76 -37.26 -35.67 -34.08 -34.01 -33.94 -34.69 -35.45 -36.18 -36.91 -38.87 -40.84 -45.07 -49.30 -54.52 -59.74 -64.76 -69.78 -75.79 -81.81 -89.76 -97.71 -106.00 -114.29 -121.63 -128.97 -136.93 -144.88 -154.79 -164.70 -175.03
190.01 171.21 152.41 118.94 85.46 50.02 14.57 -12.94 -40.44 -56.98 -73.52 -82.62 -91.71 -97.12 -102.53 -103.70 -104.86 -100.53 -96.20 -88.82 -81.44 -74.50 -67.56 -62.14 -56.72 -52.58 -48.43 -45.75 -43.07 -41.92 -40.77 -40.26 -39.75 -39.31 -38.86 -39.23 -39.60 -40.96 -42.32 -42.88 -43.44 -42.03 -40.63 -39.04 -37.45 -37.49 -37.52 -38.24 -38.96 -39.26 -39.56 -40.93 -42.31 -46.09 -49.87 -54.62 -59.38 -63.68 -67.97 -73.09 -78.20 -85.29 -92.37 -99.91 -107.46 -114.09 -120.72 -127.88 -135.04 -144.15 -153.27 -163.22
178.68 159.85 141.02 107.76 74.50 39.42 4.34 -22.84 -50.01 -66.38 -82.74 -92.05 -101.35 -107.33 -113.30 -114.83 -116.36 -111.74 -107.12 -98.99 -90.86 -83.10 -75.33 -69.12 -62.91 -57.93 -52.95 -49.40 -45.86 -43.92 -41.99 -40.91 -39.84 -39.12 -38.40 -38.75 -39.10 -40.59 -42.08 -42.68 -43.29 -41.72 -40.15 -38.34 -36.53 -36.44 -36.34 -36.89 -37.45 -37.45 -37.44 -38.49 -39.55 -43.13 -46.71 -51.31 -55.92 -59.98 -64.04 -68.89 -73.74 -80.63 -87.51 -94.86 -102.21 -108.55 -114.89 -121.70 -128.51 -137.35 -146.19 -156.04
167.35 148.49 129.63 96.59 63.54 28.82 -5.90 -32.74 -59.58 -75.77 -91.96 -101.48 -111.00 -117.53 -124.07 -125.96 -127.85 -122.94 -118.03 -109.15 -100.27 -91.69 -83.11 -76.11 -69.11 -63.29 -57.47 -53.06 -48.64 -45.92 -43.21 -41.57 -39.93 -38.93 -37.93 -38.27 -38.61 -40.22 -41.84 -42.49 -43.14 -41.40 -39.67 -37.64 -35.62 -35.38 -35.15 -35.55 -35.95 -35.64 -35.33 -36.06 -36.79 -40.17 -43.56 -48.01 -52.45 -56.28 -60.10 -64.69 -69.28 -75.97 -82.66 -89.81 -96.95 -103.00 -109.05 -115.52 -121.99 -130.55 -139.10 -148.86
140.62 123.33 106.03 76.25 46.47 14.97 -16.54 -41.26 -65.97 -81.35 -96.72 -106.33 -115.94 -122.92 -129.89 -132.28 -134.67 -130.21 -125.74 -117.14 -108.54 -99.97 -91.41 -84.09 -76.77 -70.24 -63.72 -58.29 -52.86 -49.05 -45.24 -42.66 -40.07 -38.34 -36.60 -36.25 -35.91 -36.79 -37.67 -37.71 -37.75 -35.63 -33.51 -31.08 -28.65 -27.85 -27.04 -27.00 -26.96 -26.60 -26.23 -27.03 -27.83 -31.16 -34.50 -39.00 -43.50 -47.75 -52.01 -57.22 -62.43 -69.60 -76.77 -84.24 -91.71 -98.05 -104.40 -111.14 -117.87 -126.61 -135.34 -145.19
113.89 98.16 82.44 55.92 29.40 1.11 -27.18 -49.77 -72.36 -86.92 -101.48 -111.18 -120.88 -128.30 -135.72 -138.61 -141.50 -137.48 -133.45 -125.13 -116.80 -108.26 -99.71 -92.07 -84.44 -77.20 -69.96 -63.52 -57.08 -52.18 -47.28 -43.75 -40.22 -37.75 -35.27 -34.24 -33.21 -33.36 -33.51 -32.93 -32.36 -29.85 -27.35 -24.52 -21.68 -20.31 -18.94 -18.46 -17.98 -17.55 -17.13 -18.00 -18.87 -22.15 -25.43 -29.99 -34.54 -39.23 -43.92 -49.75 -55.58 -63.23 -70.88 -78.67 -86.46 -93.10 -99.75 -106.75 -113.76 -122.67 -131.58 -141.51
77.46 64.53 51.60 30.52 9.43 -13.71 -36.86 -56.13 -75.40 -88.64 -101.87 -111.65 -121.43 -129.61 -137.80 -141.66 -145.52 -142.49 -139.46 -132.07 -124.68 -116.87 -109.07 -101.62 -94.18 -86.34 -78.51 -70.87 -63.23 -56.97 -50.71 -45.95 -41.20 -37.63 -34.07 -31.87 -29.66 -28.52 -27.38 -25.75 -24.12 -20.99 -17.87 -14.41 -10.95 -8.67 -6.38 -5.26 -4.13 -3.80 -3.46 -4.66 -5.86 -9.20 -12.55 -17.31 -22.07 -27.64 -33.20 -40.28 -47.36 -56.06 -64.77 -73.30 -81.84 -89.10 -96.37 -104.00 -111.63 -121.11 -130.59 -140.84
41.03 30.90 20.77 5.12 -10.53 -28.54 -46.54 -62.49 -78.44 -90.35 -102.26 -112.12 -121.98 -130.93 -139.87 -144.71 -149.54 -147.50 -145.46 -139.01 -132.55 -125.49 -118.42 -111.18 -103.93 -95.49 -87.05 -78.21 -69.38 -61.76 -54.14 -48.16 -42.18 -37.52 -32.87 -29.49 -26.12 -23.69 -21.25 -18.56 -15.88 -12.13 -8.39 -4.30 -0.21 2.98 6.17 7.94 9.71 9.96 10.21 8.69 7.16 3.75 0.33 -4.64 -9.60 -16.04 -22.48 -30.80 -39.13 -48.89 -58.65 -67.94 -77.22 -85.10 -92.99 -101.24 -109.50 -119.55 -129.61 -140.17
8.19 1.28 -5.63 -15.56 -25.48 -38.21 -50.94 -63.47 -76.01 -86.43 -96.86 -106.93 -117.01 -127.36 -137.71 -144.24 -150.78 -150.14 -149.50 -144.37 -139.24 -133.54 -127.83 -121.37 -114.91 -106.12 -97.33 -87.35 -77.38 -68.46 -59.54 -52.35 -45.17 -39.33 -33.49 -28.83 -24.17 -20.39 -16.62 -12.83 -9.05 -4.55 -0.05 4.81 9.66 13.81 17.96 20.38 22.80 22.99 23.17 21.33 19.49 15.99 12.49 7.33 2.16 -5.07 -12.30 -21.84 -31.38 -42.29 -53.20 -63.26 -73.33 -81.67 -90.02 -98.78 -107.54 -118.29 -129.05 -140.04
-24.66 -28.35 -32.03 -36.23 -40.43 -47.89 -55.34 -64.46 -73.57 -82.51 -91.46 -101.75 -112.04 -123.79 -135.54 -143.78 -152.01 -152.78 -153.54 -149.73 -145.92 -141.59 -137.25 -131.57 -125.88 -116.75 -107.61 -96.49 -85.38 -75.16 -64.94 -56.55 -48.15 -41.14 -34.12 -28.17 -22.22 -17.10 -11.99 -7.10 -2.21 3.04 8.29 13.92 19.54 24.65 29.76 32.82 35.89 36.01 36.13 33.98 31.83 28.24 24.65 19.29 13.92 5.90 -2.12 -12.88 -23.63 -35.69 -47.75 -58.59 -69.44 -78.24 -87.04 -96.31 -105.57 -117.03 -128.48 -139.90
-41.58 -42.04 -42.49 -41.66 -40.84 -43.54 -46.24 -52.24 -58.24 -66.09 -73.93 -84.89 -95.85 -109.45 -123.04 -133.56 -144.07 -147.13 -150.18 -148.71 -147.24 -145.14 -143.05 -138.88 -134.71 -125.93 -117.15 -105.56 -93.97 -82.98 -72.00 -62.74 -53.48 -45.47 -37.47 -30.44 -23.40 -17.23 -11.05 -5.30 0.46 6.37 12.27 18.50 24.72 30.45 36.19 39.69 43.19 43.41 43.62 41.45 39.28 35.80 32.32 27.04 21.76 13.60 5.44 -5.62 -16.67 -29.00 -41.33 -52.27 -63.22 -71.95 -80.69 -89.94 -99.19 -110.78 -122.38 -133.88
-58.51 -55.73 -52.94 -47.09 -41.24 -39.19 -37.14 -40.03 -42.91 -49.66 -56.40 -68.04 -79.67 -95.10 -110.54 -123.33 -136.13 -141.47 -146.81 -147.68 -148.55 -148.70 -148.85 -146.19 -143.53 -135.11 -126.68 -114.62 -102.56 -90.80 -79.05 -68.93 -58.80 -49.81 -40.82 -32.70 -24.58 -17.35 -10.12 -3.49 3.14 9.70 16.25 23.07 29.89 36.26 42.62 46.56 50.50 50.81 51.11 48.92 46.74 43.36 39.98 34.80 29.61 21.30 13.00 1.64 -9.71 -22.31 -34.91 -45.95 -56.99 -65.66 -74.33 -83.57 -92.80 -104.54 -116.29 -127.87
-55.10 -49.03 -42.95 -32.63 -22.30 -15.53 -8.75 -8.59 -8.42 -14.88 -21.35 -34.56 -47.78 -65.37 -82.96 -98.45 -113.94 -122.94 -131.94 -136.89 -141.83 -145.46 -149.09 -148.79 -148.48 -141.33 -134.18 -122.58 -110.99 -99.20 -87.41 -76.88 -66.36 -56.67 -46.98 -38.05 -29.13 -21.19 -13.26 -6.09 1.07 8.04 15.00 22.05 29.11 35.54 41.97 46.00 50.04 50.65 51.25 49.48 47.71 44.75 41.79 37.12 32.45 24.94 17.43 7.17 -3.09 -14.45 -25.81 -35.81 -45.81 -53.78 -61.74 -70.26 -78.79 -89.65 -100.50 -111.44
-51.69 -42.33 -32.97 -18.17 -3.36 8.13 19.63 22.85 26.07 19.89 13.71 -1.09 -15.90 -35.64 -55.39 -73.57 -91.76 -104.41 -117.07 -126.09 -135.11 -142.22 -149.33 -151.38 -153.43 -147.55 -141.67 -130.55 -119.43 -107.60 -95.77 -84.84 -73.91 -63.53 -53.14 -43.41 -33.67 -25.03 -16.40 -8.69 -0.99 6.38 13.74 21.03 28.32 34.82 41.32 45.45 49.58 50.49 51.39 50.03 48.68 46.14 43.60 39.45 35.30 28.58 21.86 12.70 3.54 -6.59 -16.72 -25.68 -34.64 -41.89 -49.14 -56.96 -64.78 -74.75 -84.71 -95.01
-35.00 -21.99 -8.99 10.58 30.16 46.98 63.80 70.22 76.64 69.79 62.94 45.30 27.66 5.10 -17.47 -38.80 -60.14 -77.41 -94.68 -109.11 -123.55 -135.33 -147.11 -152.27 -157.43 -153.17 -148.92 -138.53 -128.14 -116.65 -105.16 -94.16 -83.17 -72.22 -61.28 -50.84 -40.40 -31.32 -22.23 -14.28 -6.33 1.22 8.78 16.04 23.31 29.51 35.70 39.68 43.65 44.91 46.17 45.44 44.72 42.80 40.89 37.57 34.26 28.98 23.69 16.57 9.46 1.60 -6.26 -13.36 -20.46 -26.45 -32.45 -39.01 -45.57 -53.93 -62.30 -71.47
-18.30 -1.66 14.98 39.34 63.69 85.83 107.97 117.59 127.21 119.69 112.17 91.70 71.22 45.84 20.46 -4.04 -28.53 -50.41 -72.29 -92.14 -111.99 -128.44 -144.89 -153.16 -161.42 -158.80 -156.17 -146.51 -136.86 -125.70 -114.55 -103.49 -92.42 -80.92 -69.41 -58.27 -47.14 -37.60 -28.07 -19.87 -11.68 -3.93 3.81 11.06 18.30 24.19 30.09 33.91 37.72 39.33 40.94 40.85 40.76 39.47 38.18 35.70 33.22 29.37 25.52 20.45 15.38 9.79 4.19 -1.04 -6.28 -11.02 -15.76 -21.06 -26.35 -33.11 -39.88 -47.93
1.93 22.12 42.30 71.37 100.44 127.81 155.17 167.66 180.16 171.27 162.38 138.35 114.33 85.78 57.23 29.63 2.03 -24.16 -50.35 -75.39 -100.44 -121.65 -142.85 -154.24 -165.62 -164.20 -162.78 -153.41 -144.05 -133.17 -122.29 -111.30 -100.32 -88.31 -76.30 -64.54 -52.78 -43.01 -33.24 -25.07 -16.89 -9.14 -1.39 5.69 12.77 18.22 23.67 27.16 30.64 32.42 34.19 34.57 34.95 34.19 33.43 31.78 30.13 27.76 25.40 22.46 19.52 16.28 13.04 9.81 6.58 3.32 0.06 -3.76 -7.59 -12.66 -17.73 -24.61
22.16 45.89 69.62 103.41 137.20 169.79 202.37 217.74 233.10 222.84 212.58 185.01 157.44 125.72 94.00 63.29 32.59 2.09 -28.40 -58.65 -88.90 -114.86 -140.81 -155.31 -169.81 -169.60 -169.38 -160.31 -151.23 -140.64 -130.04 -119.12 -108.21 -95.70 -83.20 -70.81 -58.42 -48.42 -38.42 -30.26 -22.10 -14.35 -6.60 0.32 7.24 12.24 17.25 20.41 23.56 25.51 27.45 28.29 29.14 28.91 28.68 27.86 27.04 26.16 25.27 24.46 23.65 22.77 21.89 20.66 19.44 17.66 15.88 13.53 11.18 7.80 4.42 -1.29
42.10 67.82 93.55 129.61 165.66 200.62 235.58 252.03 268.48 257.03 245.58 215.69 185.80 152.04 118.27 85.67 53.06 20.13 -12.80 -45.90 -79.00 -107.58 -136.16 -152.38 -168.59 -168.95 -169.32 -160.28 -151.23 -140.71 -130.19 -119.33 -108.47 -95.81 -83.15 -70.62 -58.08 -48.20 -38.32 -30.46 -22.60 -15.19 -7.79 -1.34 5.12 9.51 13.89 16.52 19.14 20.83 22.51 23.31 24.10 23.98 23.86 23.51 23.17 23.36 23.54 24.33 25.11 26.02 26.93 27.33 27.74 27.33 26.92 25.91 24.90 22.90 20.89 16.20
62.04 89.76 117.47 155.80 194.13 231.45 268.78 286.32 303.86 291.22 278.57 246.37 214.17 178.36 142.55 108.04 73.52 38.17 2.81 -33.14 -69.10 -100.31 -131.52 -149.44 -167.37 -168.31 -169.25 -160.24 -151.23 -140.79 -130.34 -119.54 -108.74 -95.92 -83.11 -70.43 -57.75 -47.98 -38.22 -30.66 -23.09 -16.03 -8.97 -2.99 2.99 6.77 10.54 12.63 14.71 16.15 17.58 18.32 19.07 19.05 19.04 19.17 19.30 20.56 21.82 24.19 26.57 29.27 31.97 34.00 36.04 37.00 37.96 38.29 38.62 37.99 37.37 33.70
81.88 109.05 136.22 172.65 209.08 244.08 279.07 294.95 310.83 297.79 284.75 252.74 220.73 184.97 149.22 114.68 80.15 45.04 9.93 -25.41 -60.76 -91.16 -121.56 -138.95 -156.33 -157.28 -158.24 -149.33 -140.43 -129.80 -119.17 -108.28 -97.40 -85.01 -72.63 -60.62 -48.61 -39.40 -30.18 -23.18 -16.17 -9.93 -3.69 1.32 6.34 9.23 12.12 13.43 14.74 15.39 16.04 16.03 16.03 15.48 14.94 15.01 15.07 16.83 18.60 21.89 25.18 28.93 32.69 35.80 38.90 40.97 43.04 44.46 45.88 46.23 46.58 43.73
101.72 128.34 154.96 189.50 224.04 256.70 289.35 303.57 317.80 304.36 290.93 259.11 227.29 191.59 155.88 121.33 86.78 51.91 17.05 -17.68 -52.42 -82.01 -111.60 -128.45 -145.30 -146.26 -147.22 -138.42 -129.62 -118.80 -107.99 -97.02 -86.06 -74.10 -62.15 -50.81 -39.48 -30.81 -22.14 -15.70 -9.25 -3.84 1.58 5.63 9.68 11.69 13.71 14.24 14.77 14.63 14.50 13.74 12.99 11.92 10.84 10.84 10.84 13.11 15.38 19.58 23.79 28.60 33.40 37.59 41.77 44.94 48.11 50.62 53.13 54.46 55.78 53.76
120.38 144.47 168.57 198.38 228.19 255.78 283.38 294.39 305.39 291.62 277.84 247.29 216.74 182.42 148.09 115.04 81.99 49.35 16.70 -15.11 -46.91 -73.48 -100.06 -114.80 -129.53 -129.74 -129.94 -120.84 -111.73 -100.36 -88.98 -77.78 -66.58 -55.39 -44.20 -34.02 -23.84 -15.99 -8.15 -2.42 3.30 7.62 11.94 14.72 17.50 18.46 19.42 19.00 18.59 17.33 16.07 14.02 11.97 9.75 7.53 6.93 6.33 8.70 11.07 15.77 20.48 25.84 31.20 36.00 40.80 44.78 48.76 52.15 55.54 57.65 59.77 58.51
139.04 160.61 182.18 207.26 232.34 254.87 277.41 285.20 292.99 278.87 264.76 235.48 206.19 173.25 140.31 108.76 77.21 46.78 16.35 -12.53 -41.40 -64.96 -88.51 -101.14 -113.77 -113.21 -112.65 -103.25 -93.85 -81.91 -69.96 -58.54 -47.11 -36.68 -26.24 -17.23 -8.21 -1.18 5.85 10.85 15.86 19.08 22.30 23.81 25.33 25.23 25.13 23.77 22.41 20.02 17.63 14.29 10.95 7.59 4.22 3.02 1.82 4.29 6.76 11.97 17.17 23.09 29.00 34.42 39.83 44.61 49.40 53.67 57.95 60.85 63.75 63.25
152.31 170.45 188.60 208.35 228.11 245.59 263.08 267.69 272.31 257.33 242.35 213.91 185.47 154.24 123.02 93.83 64.64 37.33 10.02 -15.20 -40.42 -60.46 -80.51 -90.53 -100.56 -98.48 -96.40 -86.01 -75.62 -62.82 -50.01 -38.31 -26.61 -16.92 -7.22 0.67 8.56 14.78 21.01 25.34 29.67 31.92 34.18 34.61 35.04 34.06 33.07 30.89 28.72 25.28 21.84 17.14 12.44 7.68 2.93 0.82 -1.29 1.03 3.35 8.78 14.22 20.31 26.41 32.01 37.62 42.82 48.02 52.90 57.78 61.36 64.94 65.15
165.58 180.30 195.03 209.45 223.88 236.31 248.75 250.19 251.64 235.80 219.95 192.35 164.74 135.24 105.74 78.91 52.08 27.88 3.69 -17.87 -39.43 -55.97 -72.51 -79.93 -87.34 -83.75 -80.15 -68.77 -57.40 -43.73 -30.06 -18.09 -6.11 2.85 11.81 18.57 25.33 30.75 36.17 39.83 43.49 44.77 46.06 45.41 44.76 42.88 41.01 38.02 35.03 30.54 26.05 19.99 13.94 7.78 1.63 -1.39 -4.40 -2.23 -0.06 5.60 11.26 17.53 23.81 29.61 35.41 41.02 46.63 52.12 57.61 61.87 66.13 67.05
167.01 177.94 188.87 198.14 207.42 215.10 222.78 221.29 219.80 203.30 186.80 160.42 134.05 106.93 79.80 56.10 32.40 12.01 -8.38 -25.81 -43.24 -56.01 -68.77 -73.37 -77.97 -72.61 -67.26 -54.88 -42.50 -28.27 -14.05 -2.04 9.96 18.31 26.67 32.58 38.50 43.28 48.05 51.26 54.47 55.33 56.18 55.18 54.18 52.10 50.02 46.77 43.51 38.50 33.49 26.62 19.76 12.69 5.61 1.80 -2.01 -0.37 1.27 6.49 11.71 17.51 23.30 28.69 34.09 39.50 44.91 50.41 55.91 60.37 64.83 66.17
168.44 175.57 182.71 186.83 190.96 193.88 196.81 192.38 187.96 170.80 153.64 128.50 103.36 78.61 53.87 33.30 12.73 -3.87 -20.46 -33.75 -47.05 -56.04 -65.03 -66.81 -68.59 -61.48 -54.38 -40.99 -27.60 -12.82 1.97 14.00 26.03 33.78 41.53 46.60 51.67 55.80 59.94 62.70 65.46 65.88 66.31 64.96 63.61 61.32 59.02 55.51 52.00 46.46 40.92 33.26 25.59 17.59 9.59 4.99 0.39 1.50 2.61 7.38 12.16 17.48 22.79 27.78 32.77 37.98 43.19 48.69 54.20 58.86 63.53 65.30
155.48 158.43 161.39 160.15 158.90 156.32 153.73 146.04 138.35 121.63 104.91 82.72 60.54 39.48 18.42 1.88 -14.67 -26.55 -38.43 -46.65 -54.86 -59.31 -63.76 -62.38 -61.00 -52.38 -43.75 -30.02 -16.29 -1.73 12.84 24.42 36.00 43.22 50.43 54.91 59.40 63.02 66.65 69.22 71.79 72.52 73.24 72.58 71.93 70.43 68.93 65.97 63.01 57.66 52.31 44.67 37.04 29.04 21.03 16.05 11.08 11.10 11.13 14.42 17.71 21.64 25.57 29.43 33.30 37.57 41.84 46.52 51.21 55.29 59.38 61.12
142.51 141.29 140.07 133.46 126.85 118.75 110.66 99.70 88.75 72.46 56.17 36.95 17.72 0.34 -17.04 -29.55 -42.06 -49.23 -56.41 -59.54 -62.67 -62.58 -62.48 -57.95 -53.41 -43.27 -33.13 -19.05 -4.98 9.36 23.70 34.84 45.97 52.65 59.32 63.22 67.12 70.24 73.36 75.74 78.12 79.15 80.17 80.21 80.24 79.54 78.83 76.43 74.02 68.86 63.70 56.09 48.49 40.48 32.48 27.12 21.76 20.71 19.65 21.46 23.27 25.80 28.34 31.08 33.82 37.15 40.49 44.35 48.22 51.72 55.22 56.94
