test/esri_led_0/synt_tma_1200m_led_0.esri
nrows             510
ncols             462
xllcorner      398000.00
yllcorner     7846000.00
cellsize          500.00
NODATA_value    -9999
[rows 99 to 131 of 510, columns 296 to 369 of 462]
20.64 21.80 22.96 23.23 23.51 22.96 22.41 21.14 19.86 17.99 16.11 13.79 11.46 8.85 6.24 3.51 0.79 -1.88 -4.54 -6.95 -9.36 -11.32 -13.28 -14.57 -15.87 -16.31 -16.75 -16.15 -15.55 -13.78 -12.01 -9.01 -6.02 -1.86 2.29 7.40 12.50 18.24 23.99 29.98 35.97 41.82 47.66 53.02 58.38 62.98 67.58 71.27 74.95 77.73 80.50 82.50 84.50 85.94 87.39 88.53 89.67 90.68 91.69 92.64 93.60 94.48 95.37 96.13 96.88 97.46 98.04 98.43 98.81 99.03 99.24 99.31 99.38 99.32
20.60 21.68 22.76 22.97 23.17 22.55 21.92 20.58 19.23 17.28 15.34 12.95 10.55 7.88 5.20 2.42 -0.37 -3.08 -5.80 -8.25 -10.70 -12.69 -14.68 -16.00 -17.32 -17.77 -18.22 -17.63 -17.03 -15.25 -13.47 -10.46 -7.44 -3.26 0.92 6.07 11.21 17.01 22.81 28.88 34.95 40.89 46.84 52.31 57.78 62.52 67.25 71.09 74.92 77.85 80.78 82.93 85.08 86.66 88.25 89.51 90.77 91.87 92.96 93.97 94.98 95.88 96.78 97.52 98.25 98.78 99.30 99.60 99.90 100.02 100.13 100.08 100.04 99.86
20.57 21.57 22.57 22.70 22.82 22.13 21.44 20.02 18.60 16.58 14.57 12.10 9.64 6.90 4.16 1.32 -1.53 -4.29 -7.05 -9.55 -12.04 -14.06 -16.08 -17.42 -18.76 -19.23 -19.69 -19.10 -18.50 -16.72 -14.93 -11.90 -8.87 -4.67 -0.46 4.73 9.92 15.78 21.64 27.78 33.93 39.97 46.01 51.60 57.19 62.06 66.92 70.91 74.89 77.97 81.05 83.35 85.66 87.38 89.11 90.49 91.87 93.05 94.24 95.29 96.35 97.27 98.19 98.91 99.62 100.09 100.56 100.78 101.00 101.00 101.01 100.85 100.69 100.39
20.77 21.65 22.52 22.54 22.55 21.75 20.95 19.44 17.93 15.83 13.73 11.20 8.66 5.86 3.05 0.16 -2.74 -5.54 -8.34 -10.87 -13.39 -15.43 -17.47 -18.83 -20.19 -20.68 -21.16 -20.59 -20.02 -18.25 -16.49 -13.49 -10.48 -6.29 -2.10 3.08 8.26 14.13 20.00 26.19 32.37 38.48 44.59 50.29 55.98 60.98 65.98 70.13 74.27 77.52 80.78 83.25 85.72 87.61 89.50 91.02 92.53 93.82 95.10 96.23 97.35 98.30 99.24 99.95 100.65 101.08 101.51 101.65 101.80 101.71 101.63 101.35 101.08 100.66
20.97 21.72 22.47 22.37 22.27 21.37 20.47 18.87 17.26 15.08 12.90 10.29 7.68 4.81 1.95 -1.00 -3.95 -6.79 -9.63 -12.18 -14.74 -16.80 -18.87 -20.25 -21.63 -22.13 -22.63 -22.08 -21.53 -19.79 -18.05 -15.07 -12.09 -7.92 -3.74 1.43 6.60 12.49 18.37 24.59 30.81 36.99 43.18 48.98 54.77 59.91 65.05 69.35 73.65 77.07 80.50 83.15 85.79 87.84 89.89 91.54 93.19 94.58 95.97 97.16 98.35 99.32 100.29 100.99 101.68 102.07 102.45 102.53 102.60 102.42 102.24 101.86 101.47 100.93
21.47 22.05 22.64 22.39 22.14 21.10 20.07 18.36 16.64 14.36 12.08 9.39 6.71 3.78 0.85 -2.14 -5.13 -8.00 -10.87 -13.44 -16.01 -18.09 -20.17 -21.56 -22.96 -23.48 -24.00 -23.48 -22.96 -21.26 -19.56 -16.63 -13.70 -9.58 -5.47 -0.34 4.79 10.65 16.50 22.73 28.96 35.19 41.43 47.32 53.21 58.48 63.75 68.21 72.67 76.28 79.89 82.71 85.54 87.76 89.98 91.76 93.55 95.05 96.54 97.79 99.05 100.04 101.04 101.72 102.41 102.75 103.10 103.11 103.12 102.84 102.57 102.07 101.58 100.91
21.97 22.39 22.80 22.40 22.00 20.84 19.67 17.84 16.01 13.64 11.27 8.50 5.73 2.75 -0.24 -3.28 -6.31 -9.21 -12.12 -14.70 -17.29 -19.38 -21.47 -22.88 -24.29 -24.83 -25.37 -24.88 -24.39 -22.73 -21.08 -18.20 -15.32 -11.25 -7.19 -2.11 2.98 8.81 14.64 20.87 27.11 33.40 39.68 45.66 51.65 57.05 62.45 67.08 71.70 75.49 79.27 82.28 85.29 87.68 90.06 91.99 93.91 95.51 97.10 98.42 99.74 100.76 101.78 102.46 103.14 103.44 103.74 103.69 103.63 103.27 102.90 102.29 101.68 100.88
22.84 23.05 23.26 22.68 22.09 20.78 19.46 17.50 15.53 13.05 10.57 7.72 4.87 1.82 -1.22 -4.30 -7.37 -10.29 -13.21 -15.80 -18.39 -20.48 -22.57 -23.97 -25.38 -25.93 -26.49 -26.02 -25.56 -23.95 -22.35 -19.53 -16.72 -12.73 -8.75 -3.74 1.27 7.05 12.83 19.05 25.27 31.59 37.90 43.97 50.03 55.56 61.08 65.87 70.65 74.61 78.57 81.76 84.94 87.49 90.03 92.08 94.14 95.82 97.51 98.88 100.24 101.28 102.31 102.97 103.63 103.88 104.14 104.01 103.88 103.42 102.96 102.23 101.50 100.55
23.70 23.71 23.72 22.95 22.19 20.72 19.24 17.15 15.05 12.47 9.88 6.94 4.01 0.90 -2.21 -5.32 -8.43 -11.36 -14.30 -16.90 -19.49 -21.58 -23.66 -25.07 -26.48 -27.04 -27.60 -27.17 -26.73 -25.18 -23.62 -20.87 -18.12 -14.21 -10.30 -5.37 -0.43 5.30 11.02 17.23 23.43 29.78 36.12 42.27 48.41 54.06 59.71 64.66 69.60 73.73 77.87 81.23 84.59 87.30 90.00 92.18 94.36 96.14 97.92 99.33 100.75 101.79 102.84 103.48 104.12 104.33 104.54 104.34 104.13 103.58 103.02 102.16 101.31 100.22
24.99 24.76 24.54 23.57 22.60 20.95 19.30 17.06 14.82 12.12 9.41 6.39 3.37 0.20 -2.96 -6.10 -9.24 -12.19 -15.13 -17.71 -20.29 -22.36 -24.42 -25.80 -27.19 -27.75 -28.30 -27.88 -27.46 -25.95 -24.43 -21.76 -19.08 -15.26 -11.43 -6.59 -1.74 3.91 9.56 15.73 21.90 28.25 34.61 40.82 47.03 52.79 58.55 63.64 68.72 73.02 77.32 80.84 84.36 87.20 90.04 92.33 94.62 96.46 98.30 99.74 101.18 102.22 103.25 103.85 104.45 104.59 104.74 104.45 104.16 103.48 102.81 101.82 100.83 99.58
26.28 25.82 25.36 24.19 23.01 21.19 19.36 16.97 14.59 11.77 8.94 5.84 2.73 -0.50 -3.72 -6.89 -10.06 -13.01 -15.96 -18.53 -21.10 -23.14 -25.17 -26.54 -27.91 -28.45 -29.00 -28.60 -28.20 -26.72 -25.25 -22.64 -20.04 -16.30 -12.57 -7.81 -3.05 2.52 8.10 14.23 20.36 26.73 33.10 39.37 45.64 51.52 57.39 62.62 67.85 72.31 76.77 80.44 84.12 87.10 90.08 92.48 94.87 96.78 98.69 100.15 101.62 102.64 103.66 104.22 104.78 104.86 104.94 104.56 104.18 103.39 102.61 101.48 100.35 98.94
28.01 27.30 26.59 25.20 23.81 21.79 19.78 17.24 14.69 11.75 8.80 5.61 2.41 -0.87 -4.16 -7.35 -10.54 -13.48 -16.41 -18.95 -21.48 -23.47 -25.46 -26.78 -28.10 -28.61 -29.13 -28.72 -28.30 -26.86 -25.42 -22.87 -20.32 -16.68 -13.04 -8.38 -3.73 1.76 7.25 13.32 19.39 25.75 32.10 38.42 44.73 50.69 56.65 62.00 67.35 71.95 76.54 80.35 84.16 87.25 90.34 92.81 95.28 97.22 99.16 100.61 102.06 103.04 104.02 104.51 104.99 104.98 104.97 104.47 103.98 103.06 102.15 100.86 99.57 97.97
29.75 28.79 27.83 26.21 24.60 22.40 20.19 17.50 14.80 11.73 8.66 5.37 2.09 -1.25 -4.59 -7.80 -11.01 -13.94 -16.87 -19.37 -21.87 -23.81 -25.75 -27.02 -28.29 -28.77 -29.25 -28.83 -28.41 -27.00 -25.58 -23.10 -20.61 -17.06 -13.51 -8.95 -4.40 1.00 6.39 12.40 18.42 24.76 31.11 37.46 43.82 49.87 55.91 61.38 66.86 71.59 76.32 80.26 84.21 87.40 90.60 93.15 95.69 97.66 99.62 101.07 102.51 103.45 104.38 104.79 105.21 105.10 105.00 104.39 103.79 102.74 101.68 100.23 98.79 97.00
31.91 30.70 29.49 27.65 25.82 23.42 21.03 18.18 15.32 12.13 8.93 5.55 2.18 -1.21 -4.60 -7.82 -11.05 -13.95 -16.85 -19.29 -21.73 -23.60 -25.46 -26.65 -27.84 -28.25 -28.67 -28.21 -27.76 -26.35 -24.93 -22.50 -20.07 -16.60 -13.14 -8.69 -4.25 1.04 6.33 12.26 18.19 24.49 30.80 37.16 43.53 49.63 55.74 61.30 66.86 71.69 76.52 80.56 84.60 87.87 91.14 93.72 96.30 98.26 100.22 101.61 103.01 103.86 104.71 105.01 105.32 105.08 104.85 104.11 103.36 102.15 100.93 99.31 97.68 95.69
34.08 32.62 31.15 29.09 27.03 24.45 21.87 18.85 15.84 12.52 9.20 5.73 2.27 -1.17 -4.61 -7.85 -11.08 -13.95 -16.83 -19.21 -21.59 -23.38 -25.17 -26.28 -27.39 -27.74 -28.09 -27.59 -27.10 -25.69 -24.29 -21.90 -19.52 -16.14 -12.76 -8.43 -4.10 1.08 6.26 12.11 17.96 24.22 30.49 36.87 43.24 49.40 55.56 61.21 66.86 71.79 76.73 80.86 85.00 88.34 91.68 94.30 96.91 98.86 100.81 102.15 103.50 104.26 105.03 105.23 105.43 105.07 104.71 103.82 102.93 101.56 100.19 98.38 96.57 94.38
36.64 34.94 33.24 30.97 28.69 25.93 23.16 19.99 16.82 13.38 9.95 6.39 2.84 -0.64 -4.12 -7.36 -10.59 -13.42 -16.25 -18.55 -20.85 -22.54 -24.22 -25.22 -26.21 -26.46 -26.71 -26.15 -25.59 -24.16 -22.73 -20.39 -18.04 -14.75 -11.45 -7.24 -3.03 2.03 7.08 12.82 18.56 24.75 30.94 37.29 43.64 49.81 55.98 61.67 67.37 72.36 77.35 81.54 85.73 89.10 92.48 95.08 97.68 99.58 101.48 102.74 103.99 104.63 105.28 105.33 105.38 104.86 104.34 103.28 102.22 100.67 99.11 97.10 95.10 92.70
39.20 37.26 35.32 32.84 30.35 27.40 24.45 21.13 17.81 14.25 10.69 7.05 3.42 -0.11 -3.64 -6.87 -10.10 -12.89 -15.67 -17.89 -20.11 -21.69 -23.27 -24.15 -25.04 -25.18 -25.33 -24.71 -24.08 -22.63 -21.18 -18.87 -16.56 -13.35 -10.14 -6.05 -1.95 2.97 7.90 13.53 19.15 25.27 31.39 37.71 44.03 50.22 56.40 62.14 67.88 72.93 77.98 82.22 86.46 89.87 93.27 95.86 98.46 100.31 102.16 103.32 104.48 105.00 105.52 105.43 105.33 104.65 103.98 102.75 101.52 99.78 98.04 95.83 93.63 91.02
42.10 39.95 37.80 35.13 32.45 29.34 26.22 22.76 19.30 15.63 11.96 8.25 4.54 0.98 -2.58 -5.80 -9.03 -11.75 -14.47 -16.59 -18.71 -20.16 -21.61 -22.35 -23.10 -23.12 -23.14 -22.42 -21.70 -20.21 -18.72 -16.43 -14.14 -11.01 -7.89 -3.92 0.04 4.82 9.60 15.08 20.56 26.57 32.57 38.81 45.05 51.20 57.35 63.08 68.81 73.87 78.93 83.17 87.42 90.80 94.19 96.74 99.28 101.04 102.80 103.83 104.87 105.23 105.58 105.31 105.04 104.17 103.31 101.88 100.46 98.52 96.58 94.18 91.77 88.96
44.99 42.64 40.28 37.42 34.55 31.27 27.99 24.39 20.80 17.02 13.23 9.45 5.66 2.06 -1.53 -4.74 -7.95 -10.61 -13.28 -15.30 -17.31 -18.63 -19.95 -20.56 -21.16 -21.06 -20.95 -20.13 -19.32 -17.79 -16.26 -13.99 -11.72 -8.68 -5.63 -1.80 2.04 6.67 11.29 16.63 21.97 27.86 33.75 39.91 46.08 52.19 58.30 64.02 69.74 74.81 79.87 84.12 88.37 91.74 95.11 97.61 100.11 101.77 103.44 104.34 105.25 105.45 105.65 105.20 104.75 103.69 102.64 101.02 99.41 97.27 95.13 92.53 89.92 86.90
48.16 45.63 43.11 40.09 37.08 33.66 30.25 26.54 22.82 18.95 15.08 11.23 7.38 3.76 0.14 -3.05 -6.24 -8.83 -11.43 -13.33 -15.24 -16.41 -17.59 -18.04 -18.49 -18.24 -17.99 -17.07 -16.14 -14.55 -12.97 -10.71 -8.46 -5.50 -2.55 1.15 4.84 9.30 13.75 18.91 24.07 29.79 35.51 41.55 47.58 53.59 59.61 65.26 70.92 75.93 80.95 85.15 89.36 92.66 95.97 98.38 100.78 102.32 103.87 104.61 105.36 105.37 105.39 104.75 104.10 102.84 101.58 99.76 97.94 95.61 93.28 90.48 87.68 84.48
51.32 48.63 45.94 42.77 39.60 36.05 32.50 28.68 24.85 20.88 16.92 13.00 9.09 5.45 1.81 -1.36 -4.52 -7.05 -9.58 -11.37 -13.16 -14.20 -15.23 -15.53 -15.82 -15.43 -15.03 -14.00 -12.96 -11.32 -9.68 -7.44 -5.20 -2.33 0.54 4.10 7.65 11.92 16.20 21.18 26.16 31.72 37.28 43.18 49.08 55.00 60.92 66.51 72.09 77.06 82.03 86.18 90.34 93.58 96.83 99.14 101.46 102.88 104.29 104.88 105.47 105.30 105.14 104.29 103.45 101.98 100.52 98.50 96.48 93.95 91.42 88.43 85.44 82.06
54.68 51.88 49.07 45.80 42.53 38.89 35.24 31.33 27.42 23.39 19.35 15.40 11.44 7.78 4.13 0.99 -2.15 -4.60 -7.06 -8.74 -10.43 -11.32 -12.22 -12.36 -12.50 -11.97 -11.43 -10.28 -9.14 -7.45 -5.75 -3.53 -1.31 1.47 4.25 7.65 11.04 15.12 19.19 23.96 28.72 34.07 39.42 45.13 50.85 56.60 62.36 67.82 73.27 78.13 82.99 87.04 91.10 94.24 97.38 99.57 101.76 103.03 104.29 104.71 105.12 104.76 104.41 103.36 102.32 100.66 99.00 96.79 94.58 91.87 89.17 86.02 82.86 79.34
58.04 55.12 52.21 48.83 45.46 41.72 37.98 33.98 29.99 25.89 21.79 17.79 13.79 10.12 6.45 3.34 0.23 -2.16 -4.54 -6.12 -7.69 -8.45 -9.20 -9.19 -9.19 -8.51 -7.83 -6.57 -5.32 -3.57 -1.82 0.38 2.59 5.27 7.96 11.20 14.44 18.31 22.19 26.73 31.28 36.42 41.56 47.08 52.61 58.20 63.80 69.13 74.45 79.20 83.95 87.90 91.86 94.89 97.92 99.99 102.06 103.18 104.29 104.53 104.77 104.23 103.68 102.44 101.20 99.34 97.49 95.08 92.68 89.80 86.91 83.60 80.29 76.62
61.54 58.57 55.60 52.17 48.74 44.96 41.17 37.14 33.10 28.96 24.83 20.81 16.78 13.11 9.44 6.36 3.27 0.95 -1.38 -2.86 -4.34 -4.98 -5.62 -5.49 -5.36 -4.56 -3.76 -2.42 -1.08 0.71 2.49 4.67 6.84 9.42 12.00 15.07 18.14 21.79 25.45 29.74 34.04 38.93 43.81 49.09 54.37 59.75 65.12 70.26 75.39 79.96 84.54 88.34 92.15 95.03 97.92 99.84 101.75 102.71 103.67 103.74 103.81 103.09 102.36 100.94 99.52 97.50 95.47 92.92 90.36 87.34 84.32 80.90 77.47 73.72
65.04 62.01 58.99 55.51 52.03 48.20 44.37 40.29 36.21 32.04 27.87 23.82 19.78 16.10 12.43 9.37 6.31 4.05 1.78 0.39 -1.00 -1.52 -2.04 -1.78 -1.53 -0.61 0.31 1.74 3.17 4.99 6.81 8.96 11.10 13.57 16.05 18.94 21.84 25.27 28.71 32.75 36.80 41.43 46.06 51.10 56.14 61.29 66.45 71.38 76.32 80.73 85.14 88.78 92.43 95.17 97.92 99.68 101.45 102.25 103.05 102.95 102.85 101.94 101.04 99.45 97.85 95.66 93.46 90.75 88.04 84.88 81.73 78.19 74.66 70.82
68.62 65.60 62.58 59.11 55.63 51.81 47.98 43.90 39.82 35.65 31.48 27.44 23.39 19.73 16.07 13.03 10.00 7.77 5.55 4.22 2.89 2.44 1.99 2.33 2.66 3.65 4.64 6.12 7.60 9.42 11.25 13.34 15.43 17.79 20.14 22.85 25.56 28.76 31.96 35.74 39.51 43.85 48.19 52.93 57.68 62.56 67.43 72.12 76.80 80.98 85.17 88.62 92.07 94.63 97.19 98.79 100.40 101.04 101.68 101.43 101.17 100.13 99.08 97.35 95.62 93.30 90.99 88.17 85.36 82.13 78.90 75.31 71.73 67.88
72.20 69.18 66.17 62.70 59.23 55.41 51.59 47.51 43.43 39.27 35.10 31.05 27.01 23.35 19.70 16.69 13.68 11.49 9.31 8.04 6.77 6.39 6.02 6.44 6.85 7.91 8.97 10.50 12.03 13.86 15.69 17.73 19.76 22.00 24.23 26.76 29.29 32.25 35.21 38.72 42.22 46.27 50.32 54.77 59.22 63.82 68.42 72.85 77.28 81.24 85.20 88.45 91.70 94.08 96.47 97.91 99.34 99.83 100.31 99.91 99.50 98.31 97.11 95.25 93.38 90.95 88.51 85.60 82.69 79.38 76.07 72.44 68.81 64.94
75.81 72.85 69.89 66.48 63.07 59.30 55.53 51.50 47.47 43.34 39.20 35.19 31.17 27.54 23.90 20.91 17.91 15.75 13.58 12.33 11.08 10.73 10.37 10.81 11.25 12.32 13.40 14.92 16.44 18.23 20.02 21.98 23.93 26.03 28.13 30.47 32.81 35.53 38.25 41.47 44.69 48.42 52.15 56.28 60.41 64.69 68.96 73.09 77.22 80.90 84.59 87.61 90.62 92.81 94.99 96.26 97.53 97.87 98.21 97.68 97.15 95.86 94.57 92.62 90.67 88.18 85.68 82.73 79.78 76.46 73.15 69.54 65.93 62.12
79.41 76.51 73.61 70.26 66.91 63.19 59.47 55.49 51.50 47.41 43.31 39.32 35.33 31.72 28.11 25.13 22.15 20.00 17.85 16.62 15.39 15.06 14.73 15.19 15.65 16.73 17.82 19.33 20.85 22.60 24.36 26.23 28.10 30.07 32.03 34.18 36.33 38.81 41.28 44.22 47.15 50.57 53.99 57.79 61.59 65.55 69.50 73.33 77.15 80.57 83.99 86.77 89.55 91.53 93.51 94.61 95.71 95.91 96.10 95.46 94.81 93.42 92.02 89.99 87.96 85.41 82.85 79.87 76.88 73.55 70.22 66.64 63.05 59.29
82.99 80.19 77.38 74.13 70.88 67.25 63.63 59.73 55.83 51.81 47.78 43.84 39.91 36.33 32.75 29.78 26.82 24.66 22.51 21.26 20.00 19.64 19.27 19.69 20.11 21.15 22.18 23.63 25.09 26.76 28.43 30.19 31.95 33.77 35.59 37.54 39.50 41.74 43.98 46.63 49.28 52.38 55.48 58.93 62.39 65.99 69.60 73.09 76.59 79.70 82.82 85.34 87.86 89.64 91.41 92.34 93.28 93.35 93.43 92.70 91.97 90.52 89.08 87.02 84.97 82.42 79.86 76.90 73.94 70.67 67.39 63.89 60.38 56.74
86.58 83.87 81.16 78.00 74.85 71.32 67.79 63.97 60.16 56.20 52.25 48.36 44.48 40.93 37.39 34.43 31.48 29.32 27.16 25.89 24.62 24.22 23.82 24.20 24.58 25.57 26.55 27.94 29.32 30.91 32.50 34.15 35.80 37.47 39.14 40.91 42.67 44.67 46.68 49.04 51.41 54.19 56.96 60.07 63.18 66.44 69.70 72.86 76.02 78.84 81.65 83.92 86.18 87.74 89.30 90.07 90.84 90.80 90.75 89.94 89.12 87.63 86.13 84.05 81.98 79.42 76.87 73.94 71.00 67.78 64.56 61.14 57.72 54.19
90.07 87.48 84.89 81.86 78.82 75.42 72.01 68.31 64.61 60.75 56.89 53.08 49.27 45.77 42.27 39.33 36.39 34.21 32.03 30.71 29.38 28.91 28.43 28.72 29.00 29.88 30.75 32.02 33.29 34.76 36.22 37.74 39.25 40.76 42.28 43.86 45.44 47.22 49.00 51.09 53.19 55.66 58.12 60.89 63.66 66.56 69.47 72.29 75.10 77.61 80.12 82.12 84.12 85.47 86.82 87.44 88.05 87.91 87.77 86.91 86.05 84.55 83.05 81.00 78.95 76.45 73.95 71.09 68.24 65.12 62.01 58.72 55.43 52.07
93.56 91.09 88.62 85.71 82.80 79.52 76.23 72.64 69.06 65.29 61.53 57.80 54.07 50.61 47.16 44.23 41.31 39.10 36.90 35.52 34.14 33.59 33.04 33.23 33.42 34.19 34.96 36.11 37.27 38.61 39.95 41.32 42.70 44.06 45.42 46.81 48.21 49.76 51.32 53.14 54.97 57.13 59.28 61.71 64.13 66.68 69.23 71.71 74.19 76.38 78.58 80.31 82.05 83.19 84.33 84.80 85.27 85.03 84.80 83.89 82.98 81.47 79.96 77.94 75.92 73.47 71.03 68.25 65.47 62.46 59.45 56.29 53.14 49.94
