test/esri_led_0/synt_tma_2400m_led_0.esri
nrows             510
ncols             462
xllcorner      398000.00
yllcorner     7846000.00
cellsize          500.00
NODATA_value    -9999
[rows 320 to 351 of 510, columns 0 to 73 of 462]
1.18 0.10 -0.97 -1.98 -2.99 -3.71 -4.43 -4.66 -4.89 -4.56 -4.22 -3.42 -2.62 -1.55 -0.48 0.60 1.69 2.58 3.47 4.04 4.60 4.78 4.95 4.74 4.53 3.98 3.44 2.65 1.87 0.95 0.03 -0.95 -1.94 -2.98 -4.02 -5.17 -6.33 -7.68 -9.04 -10.63 -12.23 -14.00 -15.78 -17.56 -19.33 -20.84 -22.35 -23.34 -24.33 -24.69 -25.05 -24.83 -24.62 -24.04 -23.46 -22.77 -22.09 -21.52 -20.94 -20.60 -20.26 -20.18 -20.09 -20.17 -20.25 -20.32 -20.39 -20.19 -19.99 -19.22 -18.45 -16.87 -15.28 -12.78
0.11 -0.93 -1.97 -2.95 -3.92 -4.61 -5.31 -5.55 -5.78 -5.50 -5.22 -4.50 -3.78 -2.82 -1.86 -0.89 0.08 0.87 1.66 2.12 2.58 2.66 2.73 2.40 2.08 1.40 0.72 -0.21 -1.14 -2.22 -3.30 -4.43 -5.56 -6.73 -7.90 -9.14 -10.39 -11.78 -13.17 -14.74 -16.31 -18.00 -19.70 -21.34 -22.99 -24.35 -25.71 -26.56 -27.40 -27.63 -27.86 -27.54 -27.22 -26.54 -25.87 -25.09 -24.31 -23.64 -22.97 -22.52 -22.08 -21.89 -21.71 -21.70 -21.70 -21.70 -21.70 -21.45 -21.19 -20.38 -19.57 -17.95 -16.33 -13.80
-1.23 -2.23 -3.24 -4.15 -5.07 -5.72 -6.36 -6.59 -6.81 -6.56 -6.32 -5.68 -5.04 -4.20 -3.35 -2.50 -1.66 -1.00 -0.34 -0.00 0.34 0.29 0.24 -0.21 -0.66 -1.47 -2.27 -3.34 -4.41 -5.62 -6.83 -8.08 -9.34 -10.60 -11.87 -13.17 -14.47 -15.87 -17.27 -18.79 -20.32 -21.91 -23.50 -25.00 -26.51 -27.71 -28.91 -29.61 -30.30 -30.40 -30.50 -30.07 -29.64 -28.87 -28.10 -27.23 -26.35 -25.57 -24.79 -24.22 -23.66 -23.35 -23.04 -22.92 -22.80 -22.70 -22.60 -22.27 -21.93 -21.06 -20.19 -18.53 -16.87 -14.33
-2.57 -3.53 -4.50 -5.36 -6.22 -6.82 -7.42 -7.63 -7.84 -7.63 -7.41 -6.86 -6.30 -5.57 -4.84 -4.12 -3.40 -2.87 -2.34 -2.13 -1.91 -2.08 -2.25 -2.82 -3.39 -4.33 -5.27 -6.47 -7.67 -9.01 -10.36 -11.73 -13.11 -14.47 -15.84 -17.20 -18.56 -19.97 -21.38 -22.85 -24.32 -25.81 -27.30 -28.66 -30.02 -31.07 -32.11 -32.65 -33.20 -33.17 -33.14 -32.60 -32.07 -31.20 -30.34 -29.36 -28.39 -27.50 -26.61 -25.92 -25.24 -24.81 -24.37 -24.14 -23.90 -23.70 -23.51 -23.09 -22.67 -21.74 -20.81 -19.12 -17.42 -14.85
-4.13 -5.05 -5.98 -6.77 -7.56 -8.09 -8.62 -8.80 -8.98 -8.79 -8.60 -8.12 -7.64 -7.03 -6.41 -5.83 -5.25 -4.87 -4.48 -4.40 -4.33 -4.63 -4.93 -5.62 -6.32 -7.37 -8.43 -9.74 -11.05 -12.50 -13.94 -15.41 -16.88 -18.30 -19.73 -21.12 -22.52 -23.91 -25.30 -26.71 -28.12 -29.49 -30.86 -32.07 -33.27 -34.15 -35.02 -35.40 -35.78 -35.61 -35.44 -34.79 -34.13 -33.16 -32.20 -31.12 -30.04 -29.03 -28.02 -27.20 -26.39 -25.83 -25.26 -24.90 -24.53 -24.22 -23.90 -23.39 -22.87 -21.88 -20.88 -19.15 -17.42 -14.85
-5.70 -6.58 -7.45 -8.17 -8.89 -9.36 -9.82 -9.97 -10.12 -9.95 -9.79 -9.38 -8.98 -8.48 -7.98 -7.54 -7.10 -6.86 -6.62 -6.68 -6.74 -7.18 -7.61 -8.43 -9.25 -10.42 -11.59 -13.01 -14.43 -15.98 -17.53 -19.09 -20.64 -22.13 -23.63 -25.05 -26.47 -27.85 -29.23 -30.57 -31.91 -33.16 -34.41 -35.47 -36.52 -37.23 -37.93 -38.15 -38.37 -38.06 -37.75 -36.97 -36.20 -35.13 -34.05 -32.87 -31.68 -30.55 -29.43 -28.49 -27.55 -26.85 -26.15 -25.66 -25.16 -24.73 -24.29 -23.68 -23.07 -22.01 -20.94 -19.18 -17.42 -14.86
-7.40 -8.23 -9.05 -9.69 -10.33 -10.71 -11.10 -11.20 -11.31 -11.15 -11.00 -10.67 -10.34 -9.96 -9.58 -9.28 -8.99 -8.90 -8.81 -9.02 -9.23 -9.80 -10.36 -11.30 -12.23 -13.50 -14.76 -16.27 -17.77 -19.39 -21.00 -22.61 -24.22 -25.75 -27.28 -28.71 -30.15 -31.49 -32.84 -34.10 -35.36 -36.48 -37.61 -38.49 -39.38 -39.91 -40.43 -40.48 -40.52 -40.06 -39.59 -38.68 -37.77 -36.58 -35.38 -34.08 -32.78 -31.54 -30.29 -29.23 -28.16 -27.33 -26.50 -25.87 -25.24 -24.68 -24.12 -23.41 -22.70 -21.56 -20.43 -18.64 -16.85 -14.32
-9.09 -9.87 -10.65 -11.21 -11.76 -12.07 -12.37 -12.44 -12.50 -12.36 -12.22 -11.96 -11.70 -11.44 -11.18 -11.03 -10.88 -10.94 -11.01 -11.37 -11.72 -12.42 -13.12 -14.17 -15.22 -16.58 -17.94 -19.52 -21.11 -22.79 -24.48 -26.14 -27.81 -29.37 -30.94 -32.38 -33.82 -35.13 -36.45 -37.63 -38.81 -39.80 -40.80 -41.52 -42.25 -42.59 -42.93 -42.81 -42.68 -42.05 -41.43 -40.38 -39.34 -38.03 -36.71 -35.30 -33.88 -32.52 -31.16 -29.97 -28.77 -27.81 -26.85 -26.08 -25.32 -24.64 -23.96 -23.14 -22.32 -21.12 -19.91 -18.10 -16.29 -13.78
-10.75 -11.48 -12.21 -12.68 -13.15 -13.37 -13.59 -13.61 -13.62 -13.49 -13.36 -13.17 -12.98 -12.84 -12.70 -12.69 -12.69 -12.91 -13.13 -13.63 -14.14 -14.96 -15.79 -16.94 -18.09 -19.52 -20.95 -22.58 -24.22 -25.94 -27.66 -29.34 -31.03 -32.61 -34.19 -35.62 -37.05 -38.33 -39.60 -40.69 -41.79 -42.65 -43.51 -44.07 -44.62 -44.78 -44.94 -44.63 -44.32 -43.52 -42.73 -41.54 -40.35 -38.91 -37.46 -35.93 -34.40 -32.93 -31.45 -30.14 -28.84 -27.75 -26.66 -25.77 -24.88 -24.07 -23.26 -22.34 -21.41 -20.14 -18.86 -17.03 -15.20 -12.74
-12.42 -13.09 -13.77 -14.16 -14.54 -14.67 -14.81 -14.77 -14.74 -14.62 -14.50 -14.38 -14.26 -14.24 -14.22 -14.36 -14.50 -14.88 -15.25 -15.90 -16.55 -17.51 -18.46 -19.71 -20.95 -22.46 -23.96 -25.64 -27.33 -29.08 -30.83 -32.55 -34.26 -35.85 -37.44 -38.87 -40.29 -41.52 -42.75 -43.76 -44.77 -45.50 -46.23 -46.62 -47.00 -46.98 -46.95 -46.45 -45.95 -44.99 -44.03 -42.69 -41.36 -39.79 -38.22 -36.57 -34.92 -33.34 -31.75 -30.32 -28.90 -27.69 -26.47 -25.45 -24.43 -23.50 -22.56 -21.53 -20.50 -19.16 -17.81 -15.96 -14.12 -11.70
-13.85 -14.47 -15.10 -15.40 -15.70 -15.76 -15.82 -15.74 -15.66 -15.55 -15.44 -15.40 -15.35 -15.44 -15.54 -15.82 -16.11 -16.63 -17.15 -17.94 -18.72 -19.79 -20.85 -22.18 -23.51 -25.06 -26.61 -28.31 -30.02 -31.78 -33.54 -35.26 -36.97 -38.56 -40.15 -41.55 -42.96 -44.14 -45.33 -46.25 -47.17 -47.77 -48.38 -48.60 -48.82 -48.61 -48.40 -47.72 -47.04 -45.91 -44.78 -43.30 -41.82 -40.12 -38.43 -36.67 -34.92 -33.24 -31.55 -30.03 -28.51 -27.18 -25.86 -24.72 -23.57 -22.51 -21.45 -20.31 -19.16 -17.74 -16.32 -14.46 -12.60 -10.24
-15.28 -15.85 -16.42 -16.64 -16.86 -16.84 -16.82 -16.70 -16.58 -16.48 -16.39 -16.41 -16.44 -16.65 -16.85 -17.28 -17.71 -18.38 -19.05 -19.97 -20.89 -22.07 -23.24 -24.65 -26.06 -27.66 -29.26 -30.99 -32.71 -34.48 -36.25 -37.97 -39.68 -41.27 -42.85 -44.23 -45.62 -46.76 -47.90 -48.74 -49.58 -50.05 -50.52 -50.58 -50.64 -50.25 -49.86 -48.99 -48.13 -46.83 -45.54 -43.90 -42.27 -40.46 -38.64 -36.78 -34.92 -33.14 -31.36 -29.74 -28.11 -26.68 -25.25 -23.98 -22.72 -21.53 -20.34 -19.08 -17.82 -16.32 -14.83 -12.95 -11.08 -8.78
-16.30 -16.82 -17.35 -17.50 -17.65 -17.57 -17.49 -17.34 -17.19 -17.12 -17.04 -17.14 -17.24 -17.55 -17.87 -18.43 -18.99 -19.79 -20.59 -21.63 -22.67 -23.94 -25.21 -26.67 -28.14 -29.76 -31.38 -33.11 -34.84 -36.59 -38.35 -40.05 -41.75 -43.32 -44.89 -46.25 -47.62 -48.72 -49.81 -50.57 -51.33 -51.69 -52.05 -51.95 -51.86 -51.30 -50.74 -49.71 -48.68 -47.23 -45.77 -44.01 -42.25 -40.33 -38.40 -36.46 -34.52 -32.67 -30.82 -29.12 -27.43 -25.90 -24.38 -23.00 -21.61 -20.29 -18.97 -17.58 -16.20 -14.61 -13.03 -11.13 -9.23 -6.99
-17.32 -17.79 -18.27 -18.35 -18.44 -18.30 -18.15 -17.98 -17.80 -17.75 -17.70 -17.86 -18.03 -18.46 -18.89 -19.58 -20.27 -21.20 -22.14 -23.30 -24.46 -25.82 -27.17 -28.70 -30.22 -31.87 -33.51 -35.24 -36.96 -38.70 -40.45 -42.13 -43.82 -45.37 -46.93 -48.27 -49.61 -50.67 -51.72 -52.41 -53.09 -53.33 -53.57 -53.33 -53.09 -52.35 -51.62 -50.42 -49.22 -47.62 -46.01 -44.12 -42.23 -40.20 -38.17 -36.15 -34.13 -32.20 -30.28 -28.51 -26.74 -25.12 -23.51 -22.01 -20.51 -19.06 -17.60 -16.09 -14.58 -12.90 -11.23 -9.31 -7.39 -5.21
-17.85 -18.29 -18.72 -18.75 -18.79 -18.61 -18.43 -18.25 -18.07 -18.05 -18.03 -18.27 -18.51 -19.04 -19.58 -20.38 -21.19 -22.23 -23.28 -24.54 -25.79 -27.22 -28.65 -30.20 -31.76 -33.40 -35.05 -36.75 -38.46 -40.17 -41.88 -43.54 -45.21 -46.74 -48.27 -49.60 -50.92 -51.94 -52.96 -53.58 -54.20 -54.34 -54.48 -54.11 -53.74 -52.86 -51.99 -50.64 -49.30 -47.56 -45.83 -43.84 -41.84 -39.74 -37.64 -35.57 -33.50 -31.54 -29.59 -27.77 -25.96 -24.27 -22.58 -20.97 -19.36 -17.76 -16.16 -14.50 -12.84 -11.05 -9.25 -7.29 -5.33 -3.21
-18.39 -18.78 -19.17 -19.15 -19.14 -18.92 -18.71 -18.52 -18.33 -18.35 -18.36 -18.68 -18.99 -19.63 -20.26 -21.18 -22.11 -23.27 -24.43 -25.78 -27.13 -28.63 -30.12 -31.71 -33.30 -34.94 -36.59 -38.27 -39.95 -41.64 -43.32 -44.96 -46.59 -48.11 -49.62 -50.93 -52.23 -53.22 -54.20 -54.76 -55.31 -55.35 -55.39 -54.89 -54.39 -53.37 -52.35 -50.86 -49.37 -47.51 -45.65 -43.56 -41.46 -39.29 -37.12 -35.00 -32.88 -30.88 -28.89 -27.03 -25.17 -23.41 -21.65 -19.93 -18.21 -16.46 -14.72 -12.91 -11.10 -9.19 -7.28 -5.28 -3.28 -1.21
-18.48 -18.84 -19.19 -19.15 -19.11 -18.88 -18.65 -18.48 -18.31 -18.37 -18.43 -18.83 -19.22 -19.95 -20.68 -21.70 -22.72 -23.97 -25.23 -26.65 -28.08 -29.61 -31.15 -32.74 -34.34 -35.97 -37.59 -39.23 -40.88 -42.52 -44.16 -45.76 -47.36 -48.86 -50.35 -51.64 -52.93 -53.90 -54.86 -55.36 -55.87 -55.83 -55.79 -55.19 -54.58 -53.44 -52.30 -50.70 -49.10 -47.15 -45.20 -43.04 -40.88 -38.68 -36.48 -34.35 -32.22 -30.23 -28.24 -26.37 -24.49 -22.68 -20.86 -19.03 -17.20 -15.29 -13.39 -11.39 -9.40 -7.35 -5.30 -3.22 -1.15 0.88
-18.58 -18.90 -19.22 -19.15 -19.08 -18.84 -18.60 -18.44 -18.28 -18.39 -18.51 -18.97 -19.44 -20.27 -21.09 -22.21 -23.34 -24.68 -26.03 -27.52 -29.02 -30.60 -32.17 -33.78 -35.38 -36.99 -38.59 -40.20 -41.80 -43.40 -45.00 -46.57 -48.14 -49.61 -51.09 -52.36 -53.64 -54.57 -55.51 -55.97 -56.43 -56.31 -56.20 -55.48 -54.77 -53.52 -52.26 -50.55 -48.84 -46.79 -44.75 -42.53 -40.31 -38.07 -35.84 -33.70 -31.57 -29.58 -27.59 -25.70 -23.81 -21.94 -20.07 -18.13 -16.18 -14.12 -12.05 -9.88 -7.71 -5.51 -3.31 -1.16 0.98 2.98
-18.36 -18.65 -18.95 -18.88 -18.80 -18.57 -18.34 -18.22 -18.10 -18.27 -18.44 -18.98 -19.53 -20.44 -21.35 -22.56 -23.76 -25.18 -26.60 -28.14 -29.69 -31.28 -32.88 -34.47 -36.06 -37.62 -39.19 -40.73 -42.28 -43.83 -45.37 -46.90 -48.43 -49.89 -51.34 -52.61 -53.88 -54.80 -55.72 -56.15 -56.58 -56.40 -56.23 -55.44 -54.65 -53.30 -51.96 -50.17 -48.38 -46.28 -44.19 -41.95 -39.71 -37.48 -35.26 -33.16 -31.06 -29.11 -27.15 -25.28 -23.41 -21.50 -19.59 -17.53 -15.47 -13.23 -10.98 -8.61 -6.23 -3.84 -1.45 0.80 3.04 5.04
-18.13 -18.41 -18.69 -18.60 -18.52 -18.30 -18.09 -18.00 -17.91 -18.14 -18.37 -18.99 -19.61 -20.61 -21.61 -22.90 -24.19 -25.68 -27.17 -28.76 -30.35 -31.96 -33.58 -35.15 -36.73 -38.25 -39.78 -41.27 -42.76 -44.26 -45.75 -47.24 -48.73 -50.17 -51.60 -52.86 -54.12 -55.03 -55.94 -56.33 -56.72 -56.49 -56.26 -55.39 -54.52 -53.09 -51.66 -49.79 -47.92 -45.77 -43.62 -41.36 -39.10 -36.89 -34.68 -32.62 -30.55 -28.64 -26.72 -24.86 -23.00 -21.05 -19.10 -16.93 -14.76 -12.34 -9.91 -7.33 -4.74 -2.17 0.40 2.76 5.11 7.11
-17.73 -18.00 -18.27 -18.20 -18.13 -17.94 -17.76 -17.72 -17.69 -17.98 -18.28 -18.98 -19.67 -20.75 -21.82 -23.18 -24.55 -26.09 -27.63 -29.24 -30.86 -32.47 -34.08 -35.62 -37.16 -38.63 -40.10 -41.52 -42.95 -44.38 -45.81 -47.26 -48.71 -50.12 -51.54 -52.79 -54.04 -54.95 -55.86 -56.23 -56.60 -56.33 -56.06 -55.13 -54.20 -52.71 -51.22 -49.31 -47.40 -45.23 -43.07 -40.83 -38.59 -36.43 -34.27 -32.28 -30.28 -28.44 -26.59 -24.77 -22.95 -20.97 -18.99 -16.71 -14.43 -11.82 -9.21 -6.39 -3.57 -0.79 2.00 4.49 6.99 9.02
-17.32 -17.59 -17.85 -17.79 -17.73 -17.58 -17.44 -17.45 -17.46 -17.83 -18.19 -18.96 -19.74 -20.89 -22.04 -23.47 -24.90 -26.49 -28.08 -29.72 -31.37 -32.97 -34.58 -36.09 -37.60 -39.01 -40.42 -41.77 -43.13 -44.50 -45.87 -47.28 -48.68 -50.08 -51.47 -52.72 -53.97 -54.87 -55.77 -56.13 -56.48 -56.17 -55.85 -54.87 -53.88 -52.33 -50.78 -48.83 -46.87 -44.69 -42.51 -40.29 -38.07 -35.97 -33.86 -31.94 -30.02 -28.24 -26.46 -24.68 -22.89 -20.88 -18.88 -16.49 -14.09 -11.30 -8.50 -5.45 -2.40 0.60 3.60 6.23 8.86 10.92
-16.81 -17.09 -17.36 -17.33 -17.30 -17.20 -17.10 -17.18 -17.25 -17.69 -18.12 -18.97 -19.81 -21.03 -22.25 -23.74 -25.22 -26.85 -28.48 -30.13 -31.78 -33.37 -34.95 -36.41 -37.87 -39.22 -40.56 -41.84 -43.13 -44.43 -45.73 -47.10 -48.46 -49.84 -51.21 -52.46 -53.71 -54.61 -55.52 -55.86 -56.21 -55.86 -55.52 -54.49 -53.46 -51.87 -50.28 -48.30 -46.32 -44.15 -41.98 -39.81 -37.64 -35.61 -33.59 -31.77 -29.95 -28.26 -26.58 -24.85 -23.12 -21.10 -19.09 -16.59 -14.10 -11.12 -8.14 -4.86 -1.58 1.64 4.87 7.66 10.45 12.57
-16.30 -16.59 -16.87 -16.87 -16.87 -16.82 -16.77 -16.90 -17.04 -17.55 -18.05 -18.97 -19.89 -21.18 -22.47 -24.01 -25.55 -27.21 -28.87 -30.53 -32.20 -33.76 -35.32 -36.74 -38.15 -39.43 -40.70 -41.91 -43.12 -44.36 -45.60 -46.91 -48.23 -49.59 -50.95 -52.20 -53.45 -54.36 -55.26 -55.60 -55.93 -55.56 -55.18 -54.11 -53.04 -51.41 -49.77 -47.77 -45.77 -43.61 -41.45 -39.33 -37.20 -35.26 -33.32 -31.60 -29.87 -28.28 -26.70 -25.02 -23.35 -21.32 -19.29 -16.70 -14.11 -10.95 -7.78 -4.27 -0.75 2.69 6.14 9.09 12.04 14.22
-15.69 -16.00 -16.30 -16.34 -16.38 -16.38 -16.39 -16.60 -16.80 -17.38 -17.95 -18.94 -19.93 -21.28 -22.63 -24.22 -25.80 -27.49 -29.18 -30.84 -32.50 -34.04 -35.57 -36.94 -38.30 -39.50 -40.71 -41.84 -42.98 -44.15 -45.32 -46.60 -47.88 -49.23 -50.58 -51.83 -53.08 -54.00 -54.91 -55.24 -55.57 -55.17 -54.77 -53.66 -52.55 -50.88 -49.20 -47.18 -45.15 -43.01 -40.86 -38.80 -36.73 -34.88 -33.02 -31.41 -29.80 -28.31 -26.83 -25.23 -23.63 -21.62 -19.61 -16.95 -14.29 -10.97 -7.65 -3.94 -0.22 3.43 7.08 10.18 13.28 15.52
-15.09 -15.41 -15.73 -15.81 -15.89 -15.95 -16.01 -16.29 -16.56 -17.20 -17.85 -18.91 -19.97 -21.38 -22.79 -24.42 -26.06 -27.77 -29.48 -31.14 -32.80 -34.31 -35.82 -37.13 -38.44 -39.58 -40.71 -41.77 -42.83 -43.94 -45.05 -46.29 -47.53 -48.86 -50.20 -51.46 -52.72 -53.64 -54.56 -54.88 -55.21 -54.78 -54.36 -53.21 -52.06 -50.34 -48.63 -46.59 -44.54 -42.41 -40.28 -38.27 -36.26 -34.49 -32.73 -31.23 -29.72 -28.34 -26.97 -25.44 -23.92 -21.92 -19.92 -17.19 -14.46 -10.99 -7.52 -3.61 0.31 4.16 8.02 11.26 14.51 16.81
-14.33 -14.67 -15.01 -15.13 -15.25 -15.36 -15.48 -15.82 -16.16 -16.87 -17.59 -18.71 -19.84 -21.30 -22.77 -24.44 -26.12 -27.85 -29.59 -31.25 -32.91 -34.40 -35.88 -37.15 -38.41 -39.48 -40.56 -41.55 -42.55 -43.60 -44.66 -45.87 -47.08 -48.41 -49.74 -51.01 -52.29 -53.22 -54.16 -54.48 -54.79 -54.34 -53.89 -52.69 -51.49 -49.72 -47.96 -45.87 -43.79 -41.66 -39.52 -37.54 -35.56 -33.86 -32.17 -30.76 -29.35 -28.08 -26.80 -25.37 -23.93 -21.98 -20.02 -17.28 -14.53 -10.98 -7.42 -3.38 0.67 4.65 8.64 11.98 15.33 17.66
-13.57 -13.93 -14.29 -14.45 -14.60 -14.78 -14.95 -15.36 -15.76 -16.54 -17.32 -18.51 -19.70 -21.23 -22.75 -24.47 -26.18 -27.94 -29.70 -31.36 -33.02 -34.48 -35.94 -37.16 -38.38 -39.39 -40.40 -41.33 -42.26 -43.26 -44.27 -45.45 -46.63 -47.96 -49.29 -50.57 -51.86 -52.80 -53.75 -54.07 -54.38 -53.90 -53.42 -52.17 -50.92 -49.10 -47.28 -45.16 -43.04 -40.90 -38.76 -36.81 -34.86 -33.24 -31.61 -30.30 -28.99 -27.81 -26.64 -25.29 -23.94 -22.03 -20.12 -17.36 -14.60 -10.96 -7.32 -3.15 1.03 5.14 9.26 12.70 16.14 18.51
-12.59 -12.95 -13.32 -13.51 -13.70 -13.92 -14.14 -14.60 -15.07 -15.91 -16.75 -18.00 -19.25 -20.82 -22.40 -24.15 -25.91 -27.70 -29.48 -31.15 -32.82 -34.27 -35.72 -36.91 -38.10 -39.07 -40.04 -40.92 -41.81 -42.78 -43.75 -44.92 -46.09 -47.42 -48.76 -50.07 -51.38 -52.34 -53.31 -53.62 -53.93 -53.41 -52.89 -51.58 -50.27 -48.37 -46.48 -44.29 -42.10 -39.91 -37.72 -35.76 -33.80 -32.19 -30.59 -29.34 -28.08 -26.99 -25.90 -24.65 -23.39 -21.56 -19.73 -17.02 -14.30 -10.68 -7.06 -2.87 1.32 5.46 9.60 13.04 16.49 18.84
-11.60 -11.98 -12.35 -12.57 -12.79 -13.06 -13.33 -13.85 -14.37 -15.27 -16.18 -17.48 -18.79 -20.42 -22.04 -23.84 -25.64 -27.46 -29.27 -30.94 -32.62 -34.06 -35.50 -36.66 -37.82 -38.75 -39.67 -40.51 -41.35 -42.29 -43.23 -44.38 -45.54 -46.89 -48.24 -49.57 -50.90 -51.88 -52.86 -53.17 -53.47 -52.92 -52.36 -50.99 -49.61 -47.64 -45.67 -43.41 -41.15 -38.92 -36.68 -34.70 -32.73 -31.15 -29.58 -28.38 -27.18 -26.17 -25.17 -24.00 -22.84 -21.09 -19.34 -16.67 -14.01 -10.40 -6.79 -2.59 1.62 5.78 9.93 13.39 16.84 19.18
-10.34 -10.70 -11.07 -11.30 -11.54 -11.84 -12.15 -12.72 -13.28 -14.24 -15.19 -16.55 -17.91 -19.59 -21.26 -23.11 -24.95 -26.79 -28.64 -30.34 -32.04 -33.49 -34.94 -36.09 -37.25 -38.16 -39.07 -39.89 -40.71 -41.64 -42.56 -43.73 -44.90 -46.27 -47.64 -49.01 -50.37 -51.38 -52.39 -52.69 -52.99 -52.40 -51.81 -50.36 -48.91 -46.84 -44.77 -42.41 -40.05 -37.72 -35.39 -33.35 -31.30 -29.69 -28.08 -26.89 -25.70 -24.74 -23.78 -22.70 -21.62 -19.98 -18.33 -15.79 -13.24 -9.75 -6.26 -2.17 1.92 5.97 10.02 13.38 16.73 18.98
-9.07 -9.43 -9.78 -10.04 -10.29 -10.63 -10.97 -11.58 -12.20 -13.20 -14.21 -15.62 -17.03 -18.76 -20.48 -22.37 -24.25 -26.13 -28.01 -29.74 -31.46 -32.92 -34.38 -35.52 -36.67 -37.57 -38.46 -39.26 -40.06 -40.98 -41.90 -43.08 -44.25 -45.65 -47.05 -48.45 -49.85 -50.88 -51.91 -52.21 -52.51 -51.88 -51.25 -49.73 -48.20 -46.04 -43.87 -41.41 -38.94 -36.52 -34.10 -31.99 -29.87 -28.23 -26.58 -25.40 -24.22 -23.31 -22.40 -21.40 -20.40 -18.86 -17.33 -14.90 -12.47 -9.10 -5.73 -1.75 2.22 6.16 10.10 13.36 16.62 18.78
