test/esri_led_0/synt_tma_3600m_led_0.esri
nrows             510
ncols             462
xllcorner      398000.00
yllcorner     7846000.00
cellsize          500.00
NODATA_value    -9999
[rows 384 to 415 of 510, columns 0 to 72 of 462]
31.54 29.36 27.17 23.97 20.76 17.33 13.90 11.03 8.17 6.29 4.41 3.46 2.51 2.07 1.63 1.19 0.74 -0.12 -0.99 -2.57 -4.15 -6.62 -9.08 -12.49 -15.90 -20.15 -24.40 -29.18 -33.95 -38.74 -43.54 -47.83 -52.13 -55.65 -59.17 -61.96 -64.74 -66.98 -69.21 -71.06 -72.90 -74.39 -75.88 -76.93 -77.98 -78.41 -78.83 -78.37 -77.91 -76.42 -74.92 -72.49 -70.05 -66.93 -63.81 -60.29 -56.77 -53.11 -49.45 -45.88 -42.31 -39.04 -35.76 -32.88 -30.00 -27.45 -24.90 -22.40 -19.91 -17.04 -14.17 -10.51 -6.84
29.85 27.52 25.19 21.84 18.50 14.94 11.39 8.45 5.51 3.62 1.73 0.83 -0.07 -0.40 -0.72 -0.97 -1.23 -1.85 -2.48 -3.78 -5.09 -7.31 -9.52 -12.74 -15.96 -20.10 -24.24 -28.98 -33.72 -38.52 -43.33 -47.66 -51.99 -55.56 -59.13 -61.94 -64.75 -67.00 -69.25 -71.07 -72.89 -74.33 -75.77 -76.75 -77.73 -78.07 -78.42 -77.87 -77.32 -75.74 -74.15 -71.63 -69.10 -65.90 -62.69 -59.10 -55.50 -51.76 -48.01 -44.34 -40.68 -37.27 -33.86 -30.81 -27.75 -24.98 -22.20 -19.44 -16.67 -13.52 -10.36 -6.45 -2.53
27.60 25.19 22.78 19.37 15.97 12.39 8.80 5.86 2.91 1.04 -0.82 -1.67 -2.51 -2.74 -2.96 -3.07 -3.17 -3.59 -4.00 -5.06 -6.12 -8.09 -10.05 -13.06 -16.06 -20.04 -24.03 -28.66 -33.29 -38.04 -42.79 -47.10 -51.41 -54.97 -58.54 -61.36 -64.19 -66.45 -68.70 -70.53 -72.35 -73.78 -75.20 -76.16 -77.13 -77.45 -77.77 -77.19 -76.61 -74.99 -73.37 -70.80 -68.23 -64.98 -61.72 -58.05 -54.38 -50.52 -46.67 -42.84 -39.02 -35.41 -31.79 -28.47 -25.15 -22.06 -18.96 -15.84 -12.73 -9.24 -5.74 -1.55 2.64
25.34 22.85 20.36 16.90 13.44 9.83 6.22 3.26 0.31 -1.53 -3.37 -4.16 -4.95 -5.08 -5.21 -5.16 -5.12 -5.32 -5.52 -6.34 -7.15 -8.87 -10.58 -13.37 -16.17 -19.99 -23.81 -28.34 -32.87 -37.56 -42.24 -46.53 -50.82 -54.38 -57.95 -60.79 -63.62 -65.89 -68.16 -69.98 -71.81 -73.22 -74.63 -75.58 -76.52 -76.82 -77.11 -76.51 -75.91 -74.25 -72.59 -69.98 -67.36 -64.05 -60.74 -57.00 -53.25 -49.29 -45.33 -41.34 -37.36 -33.54 -29.72 -26.14 -22.55 -19.14 -15.72 -12.25 -8.79 -4.95 -1.12 3.34 7.81
22.49 20.01 17.53 14.14 10.75 7.23 3.72 0.86 -2.00 -3.76 -5.53 -6.25 -6.98 -7.04 -7.09 -6.94 -6.79 -6.83 -6.88 -7.49 -8.10 -9.60 -11.09 -13.66 -16.24 -19.86 -23.49 -27.85 -32.21 -36.77 -41.33 -45.52 -49.71 -53.22 -56.73 -59.53 -62.33 -64.59 -66.84 -68.65 -70.47 -71.87 -73.28 -74.23 -75.18 -75.49 -75.80 -75.21 -74.62 -72.99 -71.35 -68.75 -66.15 -62.84 -59.52 -55.73 -51.94 -47.88 -43.81 -39.67 -35.52 -31.47 -27.41 -23.54 -19.66 -15.91 -12.15 -8.32 -4.49 -0.33 3.83 8.53 13.24
19.64 17.17 14.70 11.38 8.05 4.64 1.22 -1.54 -4.31 -5.99 -7.68 -8.34 -9.01 -8.99 -8.98 -8.72 -8.46 -8.35 -8.24 -8.65 -9.06 -10.33 -11.60 -13.95 -16.31 -19.73 -23.16 -27.36 -31.55 -35.98 -40.41 -44.51 -48.61 -52.06 -55.50 -58.27 -61.05 -63.28 -65.51 -67.32 -69.12 -70.53 -71.93 -72.88 -73.83 -74.16 -74.48 -73.91 -73.34 -71.73 -70.11 -67.52 -64.94 -61.62 -58.30 -54.46 -50.63 -46.46 -42.30 -37.99 -33.67 -29.39 -25.11 -20.94 -16.77 -12.67 -8.58 -4.39 -0.20 4.29 8.77 13.72 18.67
16.12 13.76 11.39 8.28 5.17 1.99 -1.18 -3.73 -6.28 -7.83 -9.38 -9.97 -10.56 -10.50 -10.44 -10.11 -9.79 -9.57 -9.35 -9.61 -9.86 -10.94 -12.02 -14.16 -16.30 -19.50 -22.70 -26.67 -30.64 -34.87 -39.10 -43.04 -46.97 -50.30 -53.62 -56.30 -58.99 -61.16 -63.32 -65.08 -66.84 -68.23 -69.61 -70.56 -71.50 -71.85 -72.19 -71.66 -71.13 -69.58 -68.02 -65.51 -62.99 -59.72 -56.45 -52.62 -48.79 -44.55 -40.32 -35.87 -31.42 -26.92 -22.43 -18.00 -13.56 -9.16 -4.75 -0.25 4.25 9.00 13.76 18.87 23.99
12.61 10.34 8.08 5.18 2.28 -0.65 -3.57 -5.92 -8.26 -9.67 -11.09 -11.60 -12.12 -12.01 -11.90 -11.51 -11.11 -10.79 -10.46 -10.57 -10.67 -11.56 -12.45 -14.37 -16.29 -19.26 -22.23 -25.98 -29.73 -33.76 -37.79 -41.56 -45.34 -48.54 -51.74 -54.33 -56.93 -59.03 -61.13 -62.85 -64.57 -65.92 -67.28 -68.23 -69.18 -69.54 -69.90 -69.41 -68.93 -67.43 -65.94 -63.49 -61.05 -57.83 -54.60 -50.77 -46.94 -42.64 -38.34 -33.75 -29.16 -24.46 -19.76 -15.05 -10.35 -5.64 -0.93 3.89 8.70 13.72 18.74 24.02 29.31
8.38 6.29 4.21 1.63 -0.95 -3.51 -6.07 -8.11 -10.14 -11.36 -12.58 -13.00 -13.43 -13.27 -13.12 -12.68 -12.24 -11.83 -11.42 -11.39 -11.36 -12.07 -12.78 -14.48 -16.18 -18.90 -21.62 -25.11 -28.60 -32.38 -36.16 -39.72 -43.28 -46.31 -49.34 -51.79 -54.25 -56.23 -58.22 -59.85 -61.47 -62.76 -64.06 -64.97 -65.88 -66.23 -66.59 -66.13 -65.68 -64.26 -62.84 -60.49 -58.14 -55.00 -51.87 -48.08 -44.28 -39.96 -35.63 -30.93 -26.24 -21.38 -16.52 -11.61 -6.70 -1.75 3.20 8.24 13.27 18.46 23.66 29.01 34.37
4.15 2.24 0.34 -1.92 -4.18 -6.38 -8.57 -10.30 -12.03 -13.05 -14.08 -14.40 -14.73 -14.53 -14.34 -13.85 -13.36 -12.87 -12.37 -12.21 -12.06 -12.59 -13.12 -14.60 -16.07 -18.54 -21.02 -24.24 -27.47 -31.00 -34.53 -37.88 -41.23 -44.09 -46.94 -49.25 -51.57 -53.44 -55.31 -56.84 -58.37 -59.60 -60.83 -61.71 -62.58 -62.93 -63.28 -62.86 -62.44 -61.09 -59.74 -57.49 -55.23 -52.18 -49.13 -45.38 -41.63 -37.27 -32.91 -28.12 -23.32 -18.30 -13.28 -8.16 -3.05 2.14 7.32 12.58 17.85 23.21 28.57 34.00 39.43
-0.78 -2.49 -4.20 -6.09 -7.98 -9.75 -11.52 -12.88 -14.24 -15.02 -15.81 -16.00 -16.20 -15.93 -15.66 -15.10 -14.54 -13.95 -13.36 -13.05 -12.74 -13.07 -13.41 -14.65 -15.89 -18.09 -20.29 -23.25 -26.20 -29.47 -32.73 -35.85 -38.96 -41.61 -44.27 -46.40 -48.54 -50.25 -51.97 -53.36 -54.74 -55.85 -56.96 -57.73 -58.51 -58.79 -59.08 -58.64 -58.21 -56.90 -55.59 -53.41 -51.24 -48.27 -45.30 -41.60 -37.90 -33.54 -29.18 -24.34 -19.49 -14.37 -9.26 -4.02 1.23 6.54 11.85 17.23 22.60 28.01 33.42 38.80 44.19
-5.72 -7.23 -8.73 -10.25 -11.78 -13.12 -14.47 -15.47 -16.46 -17.00 -17.53 -17.60 -17.66 -17.32 -16.98 -16.36 -15.73 -15.03 -14.34 -13.88 -13.43 -13.56 -13.70 -14.70 -15.70 -17.64 -19.57 -22.25 -24.92 -27.93 -30.93 -33.81 -36.69 -39.14 -41.59 -43.55 -45.51 -47.07 -48.62 -49.87 -51.12 -52.10 -53.08 -53.76 -54.43 -54.66 -54.88 -54.43 -53.98 -52.71 -51.44 -49.34 -47.24 -44.35 -41.47 -37.82 -34.18 -29.82 -25.46 -20.56 -15.66 -10.45 -5.23 0.13 5.50 10.94 16.38 21.87 27.35 32.81 38.27 43.61 48.94
-11.36 -12.69 -14.02 -15.18 -16.34 -17.26 -18.18 -18.79 -19.39 -19.65 -19.90 -19.79 -19.67 -19.20 -18.74 -17.99 -17.25 -16.40 -15.54 -14.89 -14.23 -14.12 -14.01 -14.74 -15.47 -17.13 -18.78 -21.18 -23.58 -26.32 -29.07 -31.71 -34.36 -36.60 -38.85 -40.62 -42.39 -43.76 -45.12 -46.18 -47.23 -48.02 -48.81 -49.30 -49.79 -49.86 -49.93 -49.38 -48.83 -47.53 -46.23 -44.16 -42.08 -39.25 -36.41 -32.81 -29.21 -24.87 -20.54 -15.63 -10.73 -5.50 -0.26 5.12 10.51 15.96 21.41 26.86 32.31 37.67 43.04 48.20 53.37
-17.00 -18.15 -19.30 -20.10 -20.90 -21.39 -21.89 -22.11 -22.33 -22.30 -22.27 -21.97 -21.68 -21.09 -20.50 -19.63 -18.76 -17.76 -16.75 -15.89 -15.02 -14.67 -14.32 -14.78 -15.24 -16.62 -17.99 -20.11 -22.23 -24.72 -27.21 -29.62 -32.03 -34.07 -36.11 -37.69 -39.27 -40.45 -41.62 -42.49 -43.35 -43.94 -44.54 -44.84 -45.15 -45.07 -44.98 -44.34 -43.69 -42.36 -41.03 -38.98 -36.92 -34.14 -31.35 -27.80 -24.24 -19.93 -15.61 -10.71 -5.80 -0.55 4.71 10.11 15.52 20.98 26.43 31.85 37.26 42.54 47.81 52.80 57.79
-23.31 -24.32 -25.33 -25.81 -26.29 -26.37 -26.46 -26.29 -26.13 -25.79 -25.45 -24.94 -24.42 -23.65 -22.88 -21.83 -20.78 -19.55 -18.32 -17.18 -16.05 -15.39 -14.73 -14.88 -15.03 -16.11 -17.19 -19.04 -20.89 -23.12 -25.36 -27.56 -29.75 -31.59 -33.43 -34.81 -36.20 -37.17 -38.14 -38.77 -39.39 -39.72 -40.05 -40.08 -40.11 -39.78 -39.44 -38.61 -37.78 -36.34 -34.90 -32.80 -30.71 -27.93 -25.15 -21.63 -18.10 -13.83 -9.57 -4.71 0.14 5.34 10.54 15.86 21.19 26.52 31.85 37.10 42.34 47.38 52.42 57.11 61.80
-29.61 -30.48 -31.36 -31.51 -31.67 -31.35 -31.03 -30.48 -29.93 -29.28 -28.64 -27.90 -27.16 -26.21 -25.26 -24.03 -22.79 -21.34 -19.88 -18.47 -17.07 -16.10 -15.14 -14.98 -14.82 -15.61 -16.39 -17.96 -19.54 -21.53 -23.52 -25.50 -27.47 -29.11 -30.75 -31.94 -33.13 -33.89 -34.65 -35.04 -35.44 -35.50 -35.56 -35.32 -35.08 -34.49 -33.91 -32.88 -31.86 -30.31 -28.76 -26.63 -24.50 -21.73 -18.95 -15.46 -11.96 -7.74 -3.52 1.28 6.09 11.23 16.37 21.61 26.86 32.07 37.28 42.34 47.41 52.22 57.02 61.42 65.82
-36.38 -37.16 -37.94 -37.82 -37.69 -37.00 -36.30 -35.38 -34.47 -33.51 -32.56 -31.57 -30.58 -29.42 -28.26 -26.79 -25.33 -23.59 -21.85 -20.11 -18.37 -17.06 -15.74 -15.23 -14.73 -15.20 -15.67 -16.97 -18.27 -20.03 -21.78 -23.54 -25.30 -26.74 -28.18 -29.18 -30.17 -30.71 -31.25 -31.37 -31.50 -31.25 -31.00 -30.41 -29.83 -28.92 -28.02 -26.75 -25.47 -23.77 -22.06 -19.85 -17.64 -14.84 -12.05 -8.59 -5.13 -0.98 3.17 7.87 12.57 17.59 22.60 27.68 32.76 37.75 42.73 47.52 52.30 56.77 61.25 65.27 69.29
-43.16 -43.84 -44.53 -44.12 -43.71 -42.64 -41.58 -40.29 -39.01 -37.74 -36.48 -35.24 -34.00 -32.63 -31.25 -29.55 -27.86 -25.84 -23.82 -21.75 -19.68 -18.01 -16.33 -15.48 -14.63 -14.79 -14.95 -15.98 -17.01 -18.52 -20.03 -21.58 -23.13 -24.37 -25.62 -26.41 -27.21 -27.52 -27.84 -27.70 -27.56 -26.99 -26.43 -25.50 -24.58 -23.36 -22.13 -20.61 -19.09 -17.22 -15.35 -13.06 -10.77 -7.96 -5.15 -1.72 1.71 5.78 9.86 14.46 19.06 23.95 28.84 33.75 38.67 43.43 48.19 52.69 57.19 61.33 65.47 69.11 72.76
-50.02 -50.65 -51.28 -50.63 -49.98 -48.58 -47.18 -45.56 -43.94 -42.39 -40.83 -39.35 -37.87 -36.27 -34.67 -32.73 -30.78 -28.46 -26.15 -23.72 -21.29 -19.24 -17.19 -15.98 -14.76 -14.60 -14.43 -15.17 -15.92 -17.19 -18.45 -19.77 -21.10 -22.13 -23.17 -23.75 -24.33 -24.41 -24.49 -24.07 -23.65 -22.76 -21.86 -20.59 -19.32 -17.77 -16.21 -14.43 -12.66 -10.63 -8.60 -6.24 -3.88 -1.07 1.74 5.11 8.48 12.45 16.41 20.86 25.31 30.02 34.73 39.42 44.10 48.58 53.06 57.23 61.39 65.16 68.93 72.17 75.41
-56.88 -57.45 -58.03 -57.13 -56.24 -54.52 -52.79 -50.83 -48.88 -47.03 -45.19 -43.46 -41.74 -39.91 -38.09 -35.90 -33.71 -31.09 -28.47 -25.68 -22.90 -20.47 -18.05 -16.47 -14.89 -14.40 -13.91 -14.37 -14.83 -15.85 -16.87 -17.97 -19.07 -19.89 -20.72 -21.09 -21.46 -21.30 -21.14 -20.44 -19.74 -18.52 -17.30 -15.68 -14.05 -12.17 -10.29 -8.26 -6.23 -4.04 -1.85 0.58 3.01 5.82 8.63 11.95 15.26 19.11 22.96 27.26 31.57 36.09 40.62 45.08 49.54 53.74 57.93 61.76 65.60 68.99 72.39 75.23 78.07
-63.42 -63.96 -64.50 -63.41 -62.33 -60.33 -58.32 -56.08 -53.83 -51.73 -49.62 -47.68 -45.74 -43.71 -41.68 -39.26 -36.84 -33.93 -31.03 -27.91 -24.80 -22.01 -19.22 -17.28 -15.34 -14.51 -13.68 -13.84 -14.00 -14.73 -15.47 -16.32 -17.16 -17.75 -18.33 -18.46 -18.59 -18.19 -17.79 -16.81 -15.83 -14.31 -12.80 -10.87 -8.94 -6.79 -4.64 -2.40 -0.17 2.12 4.41 6.86 9.31 12.06 14.82 18.01 21.21 24.90 28.59 32.69 36.79 41.09 45.38 49.59 53.79 57.68 61.58 65.08 68.58 71.62 74.66 77.13 79.61
-69.96 -70.46 -70.97 -69.69 -68.42 -66.13 -63.85 -61.32 -58.79 -56.42 -54.06 -51.90 -49.74 -47.50 -45.26 -42.61 -39.96 -36.78 -33.59 -30.14 -26.69 -23.54 -20.39 -18.09 -15.80 -14.63 -13.46 -13.31 -13.16 -13.62 -14.08 -14.67 -15.25 -15.60 -15.94 -15.84 -15.73 -15.08 -14.43 -13.18 -11.93 -10.11 -8.29 -6.06 -3.82 -1.40 1.02 3.45 5.88 8.28 10.68 13.14 15.60 18.30 21.00 24.08 27.17 30.69 34.21 38.11 42.02 46.08 50.15 54.09 58.03 61.63 65.22 68.39 71.56 74.25 76.93 79.04 81.14
-75.98 -76.47 -76.95 -75.52 -74.08 -71.57 -69.06 -66.28 -63.50 -60.92 -58.34 -55.99 -53.64 -51.23 -48.83 -45.98 -43.14 -39.72 -36.29 -32.56 -28.82 -25.35 -21.88 -19.24 -16.61 -15.10 -13.59 -13.10 -12.60 -12.74 -12.88 -13.17 -13.46 -13.52 -13.59 -13.22 -12.86 -11.95 -11.04 -9.54 -8.04 -5.98 -3.92 -1.46 0.99 3.59 6.19 8.72 11.26 13.67 16.08 18.47 20.86 23.43 25.99 28.89 31.79 35.09 38.39 42.04 45.70 49.50 53.30 56.97 60.63 63.94 67.26 70.13 73.00 75.39 77.78 79.58 81.39
-82.00 -82.47 -82.93 -81.34 -79.75 -77.01 -74.26 -71.24 -68.22 -65.42 -62.62 -60.09 -57.55 -54.97 -52.39 -49.35 -46.32 -42.66 -39.00 -34.98 -30.96 -27.17 -23.37 -20.40 -17.42 -15.57 -13.71 -12.88 -12.05 -11.86 -11.68 -11.67 -11.66 -11.45 -11.24 -10.61 -9.98 -8.82 -7.66 -5.91 -4.16 -1.85 0.45 3.13 5.81 8.58 11.36 13.99 16.63 19.05 21.48 23.80 26.13 28.55 30.98 33.70 36.41 39.49 42.57 45.98 49.38 52.92 56.46 59.85 63.24 66.26 69.29 71.87 74.44 76.53 78.62 80.13 81.64
-87.63 -88.07 -88.52 -86.78 -85.04 -82.09 -79.13 -75.88 -72.63 -69.64 -66.65 -63.96 -61.27 -58.56 -55.84 -52.66 -49.47 -45.63 -41.78 -37.53 -33.28 -29.21 -25.14 -21.85 -18.56 -16.36 -14.15 -12.96 -11.77 -11.23 -10.69 -10.34 -10.00 -9.48 -8.97 -8.06 -7.16 -5.75 -4.35 -2.39 -0.42 2.05 4.53 7.34 10.14 12.99 15.83 18.47 21.10 23.44 25.78 27.94 30.11 32.33 34.55 37.02 39.49 42.30 45.11 48.24 51.37 54.63 57.89 61.02 64.14 66.91 69.69 72.03 74.37 76.23 78.09 79.38 80.67
-93.27 -93.68 -94.10 -92.22 -90.34 -87.16 -83.99 -80.52 -77.05 -73.86 -70.68 -67.84 -64.99 -62.14 -59.29 -55.96 -52.63 -48.60 -44.57 -40.08 -35.60 -31.26 -26.91 -23.31 -19.70 -17.15 -14.60 -13.05 -11.50 -10.60 -9.70 -9.02 -8.34 -7.52 -6.70 -5.52 -4.34 -2.69 -1.04 1.14 3.31 5.96 8.61 11.54 14.47 17.39 20.31 22.94 25.57 27.82 30.08 32.09 34.10 36.11 38.11 40.34 42.56 45.11 47.66 50.51 53.36 56.35 59.33 62.19 65.04 67.57 70.09 72.19 74.29 75.93 77.56 78.63 79.71
-98.76 -99.14 -99.51 -97.47 -95.42 -92.01 -88.61 -84.91 -81.21 -77.84 -74.46 -71.48 -68.50 -65.54 -62.58 -59.14 -55.70 -51.54 -47.37 -42.70 -38.04 -33.46 -28.88 -24.99 -21.10 -18.22 -15.33 -13.42 -11.50 -10.23 -8.96 -7.93 -6.89 -5.76 -4.63 -3.18 -1.74 0.13 2.00 4.33 6.67 9.41 12.15 15.12 18.08 20.97 23.86 26.39 28.92 31.01 33.10 34.88 36.67 38.42 40.16 42.11 44.06 46.33 48.60 51.17 53.75 56.47 59.19 61.82 64.44 66.76 69.08 71.01 72.93 74.41 75.88 76.82 77.76
-104.26 -104.59 -104.93 -102.71 -100.50 -96.87 -93.23 -89.30 -85.37 -81.81 -78.25 -75.13 -72.01 -68.94 -65.88 -62.33 -58.78 -54.48 -50.17 -45.32 -40.48 -35.67 -30.86 -26.68 -22.50 -19.28 -16.07 -13.78 -11.50 -9.86 -8.22 -6.83 -5.45 -4.01 -2.56 -0.85 0.87 2.95 5.04 7.53 10.02 12.86 15.70 18.69 21.69 24.55 27.40 29.84 32.27 34.19 36.12 37.68 39.24 40.73 42.22 43.89 45.56 47.55 49.54 51.84 54.14 56.60 59.06 61.45 63.84 65.95 68.07 69.82 71.57 72.89 74.21 75.01 75.81
-109.78 -110.06 -110.33 -107.92 -105.51 -101.62 -97.72 -93.54 -89.35 -85.59 -81.82 -78.56 -75.30 -72.14 -68.98 -65.35 -61.72 -57.33 -52.93 -47.96 -42.98 -37.99 -33.00 -28.58 -24.16 -20.63 -17.11 -14.47 -11.83 -9.82 -7.81 -6.09 -4.36 -2.61 -0.87 1.09 3.04 5.30 7.55 10.14 12.72 15.57 18.42 21.36 24.29 27.02 29.76 32.02 34.28 35.98 37.67 38.98 40.28 41.50 42.72 44.11 45.51 47.24 48.97 51.02 53.07 55.31 57.55 59.75 61.95 63.92 65.88 67.51 69.14 70.37 71.59 72.32 73.04
-115.31 -115.52 -115.73 -113.13 -110.53 -106.37 -102.22 -97.77 -93.33 -89.36 -85.39 -81.99 -78.58 -75.33 -72.07 -68.37 -64.67 -60.18 -55.69 -50.59 -45.49 -40.32 -35.15 -30.48 -25.82 -21.98 -18.15 -15.15 -12.16 -9.79 -7.41 -5.34 -3.26 -1.22 0.83 3.02 5.22 7.64 10.07 12.74 15.42 18.28 21.14 24.02 26.89 29.50 32.11 34.20 36.28 37.76 39.23 40.28 41.33 42.27 43.22 44.34 45.47 46.93 48.40 50.20 52.01 54.03 56.05 58.06 60.07 61.88 63.70 65.21 66.72 67.85 68.98 69.63 70.28
-120.95 -121.09 -121.22 -118.39 -115.57 -111.11 -106.66 -101.93 -97.21 -93.01 -88.81 -85.26 -81.71 -78.37 -75.03 -71.28 -67.52 -63.00 -58.47 -53.30 -48.14 -42.85 -37.56 -32.70 -27.84 -23.73 -19.63 -16.30 -12.98 -10.25 -7.53 -5.13 -2.73 -0.42 1.89 4.28 6.68 9.22 11.76 14.46 17.16 19.96 22.75 25.48 28.21 30.63 33.04 34.90 36.75 37.98 39.21 40.01 40.80 41.50 42.19 43.08 43.97 45.21 46.46 48.07 49.68 51.53 53.37 55.25 57.12 58.83 60.54 61.98 63.42 64.50 65.57 66.18 66.78
-126.59 -126.65 -126.71 -123.66 -120.61 -115.86 -111.11 -106.09 -101.08 -96.66 -92.24 -88.54 -84.84 -81.41 -77.98 -74.18 -70.38 -65.81 -61.24 -56.02 -50.79 -45.38 -39.97 -34.92 -29.86 -25.48 -21.10 -17.45 -13.79 -10.72 -7.65 -4.92 -2.20 0.38 2.96 5.55 8.14 10.79 13.45 16.18 18.91 21.63 24.36 26.95 29.53 31.75 33.97 35.60 37.23 38.21 39.20 39.74 40.28 40.72 41.16 41.81 42.46 43.49 44.52 45.94 47.35 49.03 50.70 52.44 54.17 55.78 57.39 58.75 60.12 61.14 62.16 62.73 63.29
