test/esri_led_0/synt_tma_4800m_led_0.esri
nrows             510
ncols             462
xllcorner      398000.00
yllcorner     7846000.00
cellsize          500.00
NODATA_value    -9999
[rows 96 to 127 of 510, columns 72 to 143 of 462]
32.02 30.13 28.24 24.19 20.14 14.92 9.70 4.20 -1.31 -6.66 -12.01 -17.14 -22.27 -27.20 -32.13 -36.76 -41.40 -45.67 -49.94 -53.84 -57.74 -61.04 -64.35 -66.54 -68.73 -69.48 -70.22 -69.70 -69.19 -67.70 -66.22 -63.74 -61.26 -57.71 -54.15 -49.78 -45.40 -40.57 -35.75 -30.62 -25.49 -20.03 -14.58 -8.89 -3.21 2.49 8.19 13.73 19.27 24.58 29.88 34.91 39.93 44.42 48.91 52.46 56.01 58.36 60.72 61.91 63.11 63.15 63.20 61.85 60.51 57.67 54.84 50.95 47.05 42.80 38.55 34.44
32.56 31.29 30.01 26.58 23.14 18.45 13.75 8.59 3.42 -1.80 -7.02 -12.19 -17.36 -22.43 -27.51 -32.38 -37.26 -41.86 -46.47 -50.78 -55.09 -58.84 -62.60 -65.26 -67.93 -69.16 -70.40 -70.39 -70.38 -69.37 -68.35 -66.23 -64.12 -60.79 -57.46 -53.19 -48.93 -44.18 -39.42 -34.35 -29.28 -23.89 -18.51 -12.92 -7.32 -1.76 3.80 9.12 14.44 19.46 24.49 29.19 33.90 38.15 42.40 45.91 49.42 52.00 54.58 56.22 57.86 58.48 59.10 58.42 57.74 55.64 53.54 50.41 47.28 43.71 40.14 36.54
32.57 31.83 31.08 28.21 25.33 21.13 16.93 12.11 7.29 2.25 -2.80 -7.95 -13.10 -18.25 -23.40 -28.44 -33.48 -38.34 -43.20 -47.84 -52.49 -56.63 -60.78 -63.86 -66.93 -68.61 -70.29 -70.74 -71.19 -70.64 -70.08 -68.34 -66.60 -63.52 -60.45 -56.35 -52.25 -47.63 -43.01 -38.08 -33.16 -27.91 -22.67 -17.23 -11.80 -6.44 -1.08 3.98 9.04 13.74 18.45 22.83 27.21 31.21 35.21 38.67 42.13 44.93 47.72 49.80 51.87 53.06 54.24 54.22 54.19 52.81 51.44 49.05 46.67 43.78 40.89 37.81
32.58 32.37 32.16 29.84 27.51 23.81 20.10 15.63 11.17 6.29 1.41 -3.71 -8.84 -14.07 -19.30 -24.50 -29.70 -34.82 -39.93 -44.91 -49.89 -54.42 -58.95 -62.45 -65.94 -68.06 -70.17 -71.09 -72.00 -71.91 -71.81 -70.45 -69.09 -66.26 -63.44 -59.50 -55.56 -51.08 -46.61 -41.82 -37.03 -31.93 -26.83 -21.55 -16.27 -11.11 -5.96 -1.16 3.64 8.02 12.41 16.46 20.51 24.26 28.01 31.43 34.84 37.85 40.86 43.37 45.88 47.63 49.39 50.01 50.64 49.99 49.34 47.70 46.05 43.85 41.65 39.09
32.41 32.61 32.80 30.91 29.01 25.70 22.39 18.23 14.07 9.37 4.68 -0.36 -5.40 -10.62 -15.85 -21.10 -26.36 -31.60 -36.83 -41.99 -47.15 -51.91 -56.68 -60.46 -64.23 -66.68 -69.13 -70.42 -71.72 -72.03 -72.34 -71.36 -70.38 -67.88 -65.38 -61.73 -58.09 -53.89 -49.70 -45.19 -40.68 -35.86 -31.04 -26.05 -21.05 -16.20 -11.35 -6.87 -2.39 1.69 5.76 9.52 13.28 16.85 20.41 23.81 27.21 30.42 33.64 36.54 39.45 41.72 43.99 45.21 46.42 46.41 46.39 45.40 44.40 42.79 41.18 39.10
32.24 32.84 33.44 31.98 30.51 27.60 24.68 20.82 16.96 12.46 7.95 3.00 -1.96 -7.18 -12.39 -17.71 -23.02 -28.37 -33.73 -39.07 -44.40 -49.40 -54.40 -58.46 -62.52 -65.30 -68.08 -69.76 -71.44 -72.15 -72.86 -72.26 -71.67 -69.49 -67.32 -63.96 -60.61 -56.70 -52.79 -48.56 -44.34 -39.79 -35.25 -30.54 -25.84 -21.29 -16.74 -12.57 -8.41 -4.65 -0.90 2.58 6.06 9.43 12.80 16.18 19.57 22.99 26.42 29.72 33.02 35.81 38.60 40.40 42.21 42.83 43.45 43.10 42.75 41.73 40.72 39.11
32.01 32.89 33.77 32.61 31.44 28.82 26.19 22.57 18.96 14.64 10.33 5.51 0.70 -4.42 -9.54 -14.79 -20.04 -25.36 -30.67 -36.00 -41.32 -46.35 -51.38 -55.55 -59.72 -62.72 -65.71 -67.68 -69.65 -70.70 -71.74 -71.52 -71.30 -69.55 -67.81 -64.92 -62.02 -58.57 -55.12 -51.35 -47.58 -43.47 -39.37 -35.11 -30.85 -26.72 -22.60 -18.81 -15.02 -11.56 -8.09 -4.83 -1.57 1.68 4.92 8.33 11.74 15.37 19.00 22.65 26.31 29.54 32.76 35.06 37.35 38.49 39.63 39.80 39.97 39.43 38.88 37.68
31.77 32.94 34.10 33.24 32.38 30.03 27.69 24.32 20.95 16.83 12.70 8.03 3.35 -1.67 -6.69 -11.87 -17.06 -22.34 -27.62 -32.93 -38.24 -43.30 -48.36 -52.64 -56.92 -60.13 -63.34 -65.60 -67.86 -69.24 -70.62 -70.78 -70.93 -69.62 -68.30 -65.87 -63.44 -60.45 -57.46 -54.14 -50.81 -47.15 -43.50 -39.67 -35.85 -32.16 -28.46 -25.04 -21.62 -18.46 -15.29 -12.25 -9.20 -6.08 -2.95 0.48 3.92 7.75 11.58 15.59 19.60 23.26 26.93 29.71 32.50 34.16 35.82 36.51 37.20 37.12 37.05 36.25
31.47 32.83 34.20 33.55 32.90 30.77 28.63 25.46 22.29 18.35 14.42 9.92 5.42 0.55 -4.31 -9.35 -14.39 -19.51 -24.64 -29.79 -34.95 -39.88 -44.82 -49.08 -53.34 -56.67 -59.99 -62.47 -64.95 -66.61 -68.28 -68.81 -69.35 -68.53 -67.70 -65.85 -64.00 -61.60 -59.21 -56.45 -53.69 -50.58 -47.47 -44.19 -40.91 -37.71 -34.51 -31.49 -28.47 -25.56 -22.66 -19.76 -16.87 -13.81 -10.76 -7.28 -3.80 0.23 4.26 8.58 12.90 16.93 20.96 24.12 27.29 29.35 31.41 32.49 33.57 33.86 34.16 33.69
31.17 32.73 34.30 33.86 33.43 31.50 29.58 26.60 23.63 19.88 16.13 11.81 7.48 2.77 -1.94 -6.83 -11.72 -16.69 -21.66 -26.65 -31.65 -36.46 -41.27 -45.52 -49.76 -53.20 -56.64 -59.34 -62.03 -63.99 -65.94 -66.85 -67.76 -67.44 -67.11 -65.83 -64.56 -62.75 -60.95 -58.76 -56.58 -54.01 -51.45 -48.70 -45.96 -43.26 -40.56 -37.94 -35.31 -32.67 -30.02 -27.28 -24.54 -21.55 -18.57 -15.04 -11.51 -7.28 -3.06 1.58 6.21 10.60 14.98 18.53 22.08 24.54 27.00 28.47 29.95 30.60 31.26 31.14
30.65 32.41 34.16 33.92 33.68 31.94 30.21 27.42 24.63 21.06 17.50 13.35 9.20 4.66 0.13 -4.59 -9.30 -14.07 -18.84 -23.62 -28.41 -33.05 -37.69 -41.86 -46.03 -49.53 -53.02 -55.89 -58.76 -60.97 -63.19 -64.47 -65.75 -65.91 -66.08 -65.39 -64.70 -63.51 -62.32 -60.72 -59.12 -57.10 -55.08 -52.85 -50.62 -48.40 -46.17 -43.90 -41.63 -39.18 -36.74 -34.09 -31.45 -28.51 -25.56 -22.00 -18.43 -14.04 -9.66 -4.79 0.08 4.73 9.37 13.18 16.98 19.71 22.43 24.18 25.93 26.86 27.80 27.97
30.12 32.08 34.03 33.98 33.94 32.39 30.84 28.23 25.63 22.25 18.87 14.89 10.92 6.55 2.19 -2.34 -6.88 -11.45 -16.02 -20.60 -25.17 -29.64 -34.11 -38.20 -42.30 -45.85 -49.40 -52.44 -55.48 -57.96 -60.44 -62.08 -63.73 -64.39 -65.05 -64.94 -64.84 -64.26 -63.69 -62.68 -61.66 -60.19 -58.72 -57.00 -55.29 -53.53 -51.77 -49.85 -47.94 -45.69 -43.45 -40.91 -38.37 -35.46 -32.56 -28.95 -25.34 -20.80 -16.26 -11.15 -6.05 -1.14 3.76 7.83 11.89 14.88 17.87 19.89 21.91 23.12 24.33 24.80
29.03 31.25 33.48 33.68 33.89 32.59 31.28 28.90 26.51 23.33 20.14 16.34 12.53 8.33 4.13 -0.24 -4.60 -8.98 -13.36 -17.74 -22.12 -26.43 -30.73 -34.75 -38.77 -42.36 -45.94 -49.12 -52.29 -55.01 -57.72 -59.71 -61.69 -62.79 -63.89 -64.30 -64.71 -64.68 -64.64 -64.14 -63.63 -62.61 -61.59 -60.28 -58.97 -57.55 -56.13 -54.46 -52.78 -50.67 -48.56 -46.07 -43.58 -40.70 -37.82 -34.20 -30.58 -25.99 -21.40 -16.21 -11.03 -6.04 -1.06 3.10 7.25 10.36 13.46 15.63 17.80 19.21 20.62 21.36
27.94 30.43 32.92 33.38 33.85 32.79 31.72 29.56 27.40 24.41 21.41 17.78 14.15 10.10 6.06 1.87 -2.31 -6.50 -10.69 -14.88 -19.07 -23.22 -27.36 -31.30 -35.24 -38.86 -42.48 -45.79 -49.11 -52.06 -55.01 -57.33 -59.65 -61.19 -62.73 -63.66 -64.59 -65.09 -65.60 -65.60 -65.60 -65.03 -64.46 -63.55 -62.64 -61.56 -60.49 -59.06 -57.63 -55.65 -53.67 -51.24 -48.80 -45.94 -43.08 -39.45 -35.82 -31.18 -26.54 -21.28 -16.02 -10.95 -5.88 -1.63 2.62 5.84 9.06 11.38 13.69 15.30 16.91 17.93
25.92 28.78 31.64 32.48 33.32 32.60 31.89 30.02 28.15 25.38 22.61 19.15 15.69 11.81 7.92 3.89 -0.14 -4.16 -8.19 -12.22 -16.24 -20.26 -24.27 -28.14 -32.02 -35.66 -39.30 -42.73 -46.17 -49.31 -52.46 -55.07 -57.67 -59.58 -61.49 -62.84 -64.19 -65.12 -66.06 -66.44 -66.83 -66.58 -66.34 -65.67 -65.01 -64.11 -63.20 -61.89 -60.57 -58.65 -56.72 -54.30 -51.88 -49.02 -46.16 -42.57 -38.97 -34.42 -29.88 -24.75 -19.63 -14.69 -9.75 -5.59 -1.44 1.75 4.94 7.30 9.65 11.38 13.12 14.40
23.90 27.13 30.37 31.57 32.78 32.42 32.05 30.48 28.91 26.36 23.81 20.53 17.24 13.51 9.78 5.91 2.04 -1.82 -5.68 -9.55 -13.42 -17.30 -21.18 -24.98 -28.79 -32.46 -36.12 -39.67 -43.22 -46.57 -49.92 -52.81 -55.70 -57.97 -60.25 -62.02 -63.80 -65.16 -66.52 -67.29 -68.06 -68.13 -68.21 -67.79 -67.37 -66.65 -65.92 -64.71 -63.51 -61.64 -59.77 -57.37 -54.96 -52.10 -49.24 -45.69 -42.13 -37.67 -33.22 -28.23 -23.24 -18.43 -13.62 -9.56 -5.49 -2.33 0.83 3.22 5.61 7.47 9.33 10.87
20.65 24.34 28.03 29.70 31.38 31.46 31.55 30.35 29.16 26.88 24.61 21.52 18.43 14.87 11.32 7.61 3.91 0.20 -3.50 -7.23 -10.95 -14.71 -18.47 -22.22 -25.96 -29.64 -33.32 -36.96 -40.60 -44.11 -47.62 -50.73 -53.85 -56.42 -58.99 -61.11 -63.22 -64.91 -66.60 -67.64 -68.69 -68.96 -69.23 -68.93 -68.62 -67.94 -67.25 -66.06 -64.86 -62.99 -61.12 -58.70 -56.27 -53.42 -50.56 -47.09 -43.61 -39.36 -35.11 -30.41 -25.71 -21.18 -16.66 -12.81 -8.96 -5.92 -2.89 -0.53 1.83 3.78 5.72 7.53
17.41 21.55 25.69 27.83 29.97 30.50 31.04 30.22 29.40 27.40 25.40 22.51 19.62 16.23 12.85 9.31 5.77 2.22 -1.32 -4.90 -8.48 -12.13 -15.77 -19.45 -23.12 -26.82 -30.51 -34.24 -37.98 -41.64 -45.31 -48.66 -52.01 -54.88 -57.74 -60.19 -62.64 -64.66 -66.67 -68.00 -69.32 -69.79 -70.25 -70.06 -69.86 -69.23 -68.59 -67.41 -66.22 -64.34 -62.46 -60.02 -57.59 -54.73 -51.88 -48.49 -45.10 -41.05 -37.01 -32.59 -28.18 -23.94 -19.70 -16.07 -12.43 -9.52 -6.61 -4.28 -1.95 0.09 2.12 4.19
12.57 17.17 21.76 24.40 27.04 28.09 29.14 28.78 28.42 26.77 25.12 22.51 19.89 16.74 13.60 10.29 6.97 3.61 0.26 -3.15 -6.57 -10.08 -13.59 -17.18 -20.77 -24.44 -28.11 -31.89 -35.67 -39.45 -43.23 -46.74 -50.26 -53.34 -56.42 -59.13 -61.83 -64.10 -66.38 -67.90 -69.43 -70.01 -70.58 -70.42 -70.25 -69.61 -68.96 -67.75 -66.54 -64.63 -62.73 -60.28 -57.82 -55.01 -52.19 -48.93 -45.68 -41.89 -38.10 -34.03 -29.95 -26.04 -22.13 -18.74 -15.35 -12.57 -9.78 -7.46 -5.15 -3.00 -0.85 1.51
7.73 12.79 17.84 20.98 24.12 25.68 27.24 27.33 27.43 26.14 24.84 22.50 20.16 17.26 14.36 11.26 8.17 5.01 1.85 -1.40 -4.65 -8.03 -11.41 -14.92 -18.42 -22.07 -25.72 -29.54 -33.36 -37.25 -41.14 -44.82 -48.50 -51.80 -55.11 -58.06 -61.02 -63.55 -66.08 -67.81 -69.54 -70.22 -70.91 -70.78 -70.64 -69.99 -69.33 -68.09 -66.86 -64.93 -63.00 -60.53 -58.06 -55.28 -52.50 -49.38 -46.26 -42.73 -39.20 -35.46 -31.72 -28.14 -24.56 -21.42 -18.27 -15.61 -12.95 -10.65 -8.35 -6.08 -3.82 -1.17
0.82 6.26 11.70 15.33 18.96 21.06 23.16 23.78 24.40 23.59 22.78 20.87 18.96 16.45 13.94 11.18 8.43 5.55 2.67 -0.35 -3.37 -6.56 -9.76 -13.12 -16.49 -20.04 -23.60 -27.38 -31.17 -35.08 -38.99 -42.75 -46.51 -49.95 -53.39 -56.53 -59.66 -62.37 -65.09 -66.96 -68.84 -69.61 -70.37 -70.26 -70.15 -69.49 -68.83 -67.59 -66.35 -64.43 -62.51 -60.09 -57.67 -54.98 -52.30 -49.37 -46.44 -43.20 -39.95 -36.55 -33.14 -29.87 -26.59 -23.64 -20.68 -18.07 -15.45 -13.06 -10.66 -8.18 -5.70 -2.71
-6.08 -0.26 5.56 9.68 13.79 16.43 19.07 20.22 21.37 21.04 20.72 19.24 17.77 15.64 13.52 11.10 8.69 6.09 3.50 0.71 -2.08 -5.10 -8.11 -11.33 -14.56 -18.02 -21.48 -25.23 -28.97 -32.90 -36.83 -40.68 -44.52 -48.10 -51.68 -54.99 -58.30 -61.20 -64.10 -66.12 -68.14 -68.99 -69.84 -69.75 -69.66 -69.00 -68.33 -67.09 -65.84 -63.94 -62.03 -59.65 -57.27 -54.69 -52.11 -49.36 -46.62 -43.66 -40.70 -37.63 -34.56 -31.59 -28.62 -25.86 -23.09 -20.53 -17.96 -15.46 -12.97 -10.27 -7.57 -4.25
-15.15 -9.05 -2.95 1.63 6.21 9.39 12.58 14.31 16.05 16.35 16.65 15.80 14.96 13.41 11.86 9.93 8.00 5.80 3.60 1.13 -1.35 -4.10 -6.85 -9.86 -12.87 -16.15 -19.43 -23.03 -26.63 -30.47 -34.31 -38.14 -41.98 -45.62 -49.26 -52.69 -56.12 -59.15 -62.17 -64.31 -66.44 -67.38 -68.32 -68.29 -68.26 -67.62 -66.99 -65.79 -64.60 -62.77 -60.95 -58.70 -56.45 -54.05 -51.65 -49.15 -46.66 -44.00 -41.35 -38.60 -35.85 -33.13 -30.42 -27.76 -25.11 -22.45 -19.80 -17.05 -14.30 -11.24 -8.18 -4.46
-24.22 -17.84 -11.47 -6.42 -1.37 2.35 6.08 8.41 10.73 11.66 12.58 12.36 12.15 11.18 10.21 8.76 7.32 5.51 3.71 1.55 -0.61 -3.10 -5.60 -8.39 -11.18 -14.28 -17.38 -20.84 -24.29 -28.04 -31.79 -35.61 -39.43 -43.14 -46.85 -50.39 -53.94 -57.09 -60.24 -62.49 -64.74 -65.77 -66.79 -66.82 -66.85 -66.25 -65.65 -64.50 -63.35 -61.61 -59.87 -57.76 -55.64 -53.42 -51.20 -48.94 -46.69 -44.34 -41.99 -39.56 -37.14 -34.68 -32.22 -29.67 -27.12 -24.38 -21.64 -18.64 -15.63 -12.21 -8.79 -4.67
-34.53 -27.97 -21.41 -15.94 -10.48 -6.22 -1.97 0.95 3.87 5.50 7.13 7.67 8.21 7.94 7.68 6.83 5.98 4.66 3.34 1.58 -0.19 -2.35 -4.52 -7.03 -9.53 -12.37 -15.20 -18.43 -21.65 -25.23 -28.80 -32.54 -36.29 -40.02 -43.76 -47.39 -51.03 -54.30 -57.56 -59.93 -62.29 -63.43 -64.57 -64.69 -64.81 -64.30 -63.78 -62.73 -61.68 -60.09 -58.51 -56.59 -54.67 -52.69 -50.71 -48.74 -46.76 -44.72 -42.69 -40.56 -38.44 -36.19 -33.94 -31.41 -28.88 -25.92 -22.97 -19.56 -16.15 -12.25 -8.35 -3.80
-44.84 -38.10 -31.36 -25.47 -19.58 -14.80 -10.03 -6.51 -2.98 -0.65 1.68 2.98 4.27 4.71 5.15 4.90 4.65 3.81 2.97 1.60 0.24 -1.60 -3.44 -5.66 -7.88 -10.45 -13.03 -16.02 -19.01 -22.41 -25.82 -29.48 -33.14 -36.90 -40.66 -44.39 -48.12 -51.50 -54.89 -57.37 -59.85 -61.09 -62.34 -62.56 -62.78 -62.35 -61.91 -60.96 -60.01 -58.58 -57.14 -55.42 -53.71 -51.97 -50.23 -48.53 -46.84 -45.11 -43.38 -41.56 -39.74 -37.70 -35.66 -33.15 -30.63 -27.46 -24.29 -20.48 -16.67 -12.29 -7.91 -2.92
-54.44 -47.60 -40.76 -34.55 -28.33 -23.14 -17.94 -13.89 -9.85 -6.87 -3.88 -1.86 0.16 1.31 2.45 2.81 3.17 2.86 2.55 1.62 0.70 -0.76 -2.21 -4.09 -5.97 -8.23 -10.49 -13.20 -15.92 -19.12 -22.32 -25.89 -29.46 -33.24 -37.02 -40.86 -44.69 -48.22 -51.74 -54.37 -57.00 -58.39 -59.78 -60.12 -60.47 -60.16 -59.86 -59.06 -58.26 -57.02 -55.78 -54.30 -52.82 -51.35 -49.88 -48.47 -47.07 -45.63 -44.20 -42.63 -41.07 -39.17 -37.27 -34.70 -32.13 -28.66 -25.18 -20.89 -16.59 -11.69 -6.79 -1.40
-64.03 -57.10 -50.17 -43.63 -37.09 -31.47 -25.84 -21.28 -16.71 -13.08 -9.45 -6.70 -3.94 -2.10 -0.25 0.72 1.70 1.91 2.12 1.64 1.16 0.09 -0.98 -2.52 -4.06 -6.00 -7.95 -10.39 -12.83 -15.83 -18.83 -22.31 -25.78 -29.58 -33.38 -37.32 -41.26 -44.93 -48.59 -51.37 -54.15 -55.68 -57.21 -57.68 -58.16 -57.98 -57.81 -57.16 -56.52 -55.47 -54.42 -53.18 -51.93 -50.73 -49.53 -48.41 -47.30 -46.15 -45.01 -43.70 -42.39 -40.64 -38.89 -36.26 -33.63 -29.85 -26.07 -21.29 -16.51 -11.10 -5.68 0.12
-70.76 -63.85 -56.94 -50.26 -43.58 -37.72 -31.86 -26.96 -22.06 -17.97 -13.87 -10.57 -7.26 -4.84 -2.43 -0.90 0.62 1.35 2.07 2.06 2.06 1.42 0.78 -0.37 -1.52 -3.13 -4.74 -6.90 -9.06 -11.87 -14.67 -18.07 -21.46 -25.30 -29.14 -33.22 -37.29 -41.14 -44.99 -47.96 -50.93 -52.64 -54.34 -54.99 -55.64 -55.64 -55.64 -55.20 -54.75 -53.93 -53.11 -52.13 -51.14 -50.22 -49.30 -48.46 -47.62 -46.73 -45.84 -44.72 -43.60 -41.92 -40.23 -37.47 -34.71 -30.58 -26.46 -21.19 -15.92 -10.03 -4.13 1.98
-77.50 -70.60 -63.70 -56.89 -50.07 -43.98 -37.89 -32.65 -27.41 -22.85 -18.29 -14.44 -10.58 -7.59 -4.60 -2.53 -0.46 0.78 2.01 2.48 2.96 2.75 2.54 1.78 1.01 -0.26 -1.53 -3.41 -5.30 -7.91 -10.52 -13.83 -17.14 -21.02 -24.90 -29.11 -33.32 -37.35 -41.38 -44.54 -47.70 -49.59 -51.48 -52.30 -53.12 -53.30 -53.48 -53.23 -52.98 -52.39 -51.80 -51.08 -50.35 -49.71 -49.07 -48.51 -47.95 -47.31 -46.67 -45.74 -44.81 -43.19 -41.57 -38.68 -35.79 -31.32 -26.85 -21.09 -15.33 -8.95 -2.58 3.85
-80.50 -73.71 -66.93 -60.19 -53.45 -47.36 -41.26 -35.91 -30.55 -25.77 -20.99 -16.82 -12.64 -9.27 -5.89 -3.38 -0.87 0.84 2.55 3.51 4.48 4.75 5.03 4.69 4.35 3.42 2.49 0.87 -0.75 -3.18 -5.62 -8.87 -12.12 -16.08 -20.04 -24.42 -28.80 -33.05 -37.29 -40.67 -44.05 -46.16 -48.28 -49.32 -50.37 -50.77 -51.17 -51.15 -51.13 -50.80 -50.46 -50.02 -49.59 -49.23 -48.87 -48.57 -48.27 -47.84 -47.41 -46.61 -45.81 -44.18 -42.55 -39.48 -36.41 -31.57 -26.73 -20.51 -14.28 -7.49 -0.69 5.93
-83.49 -76.82 -70.15 -63.49 -56.84 -50.73 -44.63 -39.16 -33.69 -28.69 -23.69 -19.20 -14.71 -10.95 -7.19 -4.24 -1.29 0.89 3.08 4.54 6.01 6.76 7.52 7.60 7.69 7.10 6.51 5.15 3.79 1.54 -0.72 -3.91 -7.11 -11.14 -15.17 -19.73 -24.28 -28.74 -33.20 -36.80 -40.40 -42.74 -45.08 -46.34 -47.61 -48.23 -48.85 -49.06 -49.28 -49.20 -49.13 -48.97 -48.82 -48.75 -48.68 -48.63 -48.59 -48.38 -48.16 -47.48 -46.80 -45.17 -43.54 -40.28 -37.03 -31.82 -26.62 -19.93 -13.23 -6.02 1.19 8.01
