test/esri_led_0/synt_tma+240m_led_0.esri
nrows             510
ncols             462
xllcorner      398000.00
yllcorner     7846000.00
cellsize          500.00
NODATA_value    -9999
[rows 66 to 98 of 510, columns 150 to 224 of 462]
-83.69 -85.34 -87.00 -88.28 -89.55 -90.50 -91.45 -92.11 -92.77 -93.14 -93.50 -93.52 -93.54 -93.09 -92.63 -91.52 -90.42 -88.45 -86.48 -83.46 -80.43 -76.23 -72.04 -66.66 -61.29 -54.91 -48.53 -41.50 -34.48 -27.31 -20.15 -13.43 -6.72 -0.99 4.74 9.12 13.50 16.41 19.32 20.89 22.45 22.98 23.51 23.42 23.32 23.05 22.77 22.70 22.63 23.05 23.47 24.53 25.60 27.34 29.08 31.43 33.77 36.59 39.41 42.55 45.70 49.05 52.39 55.84 59.29 62.75 66.21 69.59 72.97 76.15 79.34 82.19 85.03 87.39 89.75
-83.08 -84.93 -86.79 -88.26 -89.74 -90.87 -92.01 -92.84 -93.67 -94.19 -94.70 -94.85 -94.99 -94.63 -94.28 -93.24 -92.21 -90.29 -88.38 -85.40 -82.42 -78.26 -74.11 -68.79 -63.48 -57.18 -50.88 -43.95 -37.03 -29.99 -22.94 -16.36 -9.77 -4.16 1.45 5.74 10.03 12.88 15.74 17.29 18.83 19.38 19.93 19.90 19.86 19.68 19.49 19.54 19.58 20.14 20.70 21.93 23.16 25.09 27.02 29.57 32.13 35.17 38.22 41.61 44.99 48.59 52.19 55.87 59.56 63.23 66.90 70.45 73.99 77.29 80.59 83.50 86.41 88.76 91.11
-81.90 -83.94 -85.97 -87.62 -89.27 -90.58 -91.89 -92.87 -93.86 -94.51 -95.17 -95.43 -95.69 -95.43 -95.17 -94.22 -93.26 -91.42 -89.57 -86.67 -83.76 -79.70 -75.64 -70.44 -65.25 -59.11 -52.96 -46.22 -39.48 -32.64 -25.80 -19.40 -13.01 -7.57 -2.13 2.04 6.20 8.99 11.77 13.30 14.83 15.41 15.99 16.03 16.07 15.99 15.91 16.08 16.25 16.95 17.65 19.03 20.42 22.51 24.61 27.35 30.10 33.35 36.60 40.20 43.81 47.62 51.44 55.33 59.22 63.06 66.90 70.57 74.24 77.61 80.97 83.88 86.79 89.09 91.39
-80.73 -82.94 -85.15 -86.98 -88.81 -90.28 -91.76 -92.90 -94.05 -94.84 -95.64 -96.01 -96.39 -96.23 -96.07 -95.19 -94.31 -92.54 -90.77 -87.94 -85.11 -81.14 -77.17 -72.10 -67.02 -61.03 -55.04 -48.49 -41.93 -35.29 -28.65 -22.45 -16.25 -10.98 -5.70 -1.66 2.38 5.09 7.80 9.31 10.83 11.44 12.06 12.17 12.28 12.30 12.32 12.61 12.91 13.75 14.59 16.13 17.67 19.94 22.21 25.14 28.07 31.52 34.98 38.80 42.63 46.66 50.69 54.78 58.88 62.89 66.90 70.70 74.49 77.92 81.35 84.27 87.18 89.42 91.66
-79.05 -81.41 -83.77 -85.76 -87.74 -89.37 -91.00 -92.29 -93.58 -94.50 -95.42 -95.92 -96.41 -96.34 -96.27 -95.48 -94.69 -93.00 -91.32 -88.59 -85.86 -82.03 -78.19 -73.29 -68.38 -62.61 -56.83 -50.51 -44.20 -37.82 -31.43 -25.48 -19.53 -14.46 -9.40 -5.51 -1.62 1.01 3.64 5.14 6.64 7.29 7.95 8.14 8.33 8.45 8.58 9.00 9.41 10.38 11.35 13.03 14.71 17.12 19.53 22.62 25.71 29.33 32.96 36.96 40.96 45.16 49.37 53.62 57.86 62.00 66.13 69.99 73.86 77.30 80.74 83.61 86.47 88.61 90.74
-77.37 -79.88 -82.39 -84.53 -86.67 -88.45 -90.24 -91.67 -93.10 -94.16 -95.21 -95.82 -96.42 -96.45 -96.47 -95.77 -95.07 -93.47 -91.87 -89.24 -86.62 -82.91 -79.21 -74.48 -69.74 -64.18 -58.61 -52.54 -46.47 -40.35 -34.22 -28.52 -22.81 -17.95 -13.09 -9.35 -5.61 -3.06 -0.51 0.97 2.45 3.14 3.84 4.11 4.38 4.61 4.84 5.38 5.92 7.02 8.12 9.93 11.74 14.30 16.86 20.11 23.35 27.14 30.94 35.11 39.29 43.67 48.05 52.45 56.85 61.10 65.36 69.29 73.23 76.68 80.14 82.95 85.77 87.80 89.83
-75.25 -77.88 -80.52 -82.79 -85.07 -86.99 -88.91 -90.48 -92.04 -93.22 -94.40 -95.11 -95.82 -95.94 -96.07 -95.45 -94.84 -93.34 -91.84 -89.34 -86.83 -83.28 -79.73 -75.20 -70.67 -65.35 -60.03 -54.24 -48.46 -42.62 -36.79 -31.36 -25.93 -21.30 -16.67 -13.10 -9.52 -7.06 -4.60 -3.14 -1.68 -0.95 -0.22 0.13 0.47 0.81 1.14 1.78 2.43 3.63 4.84 6.76 8.68 11.35 14.01 17.36 20.72 24.63 28.53 32.83 37.12 41.61 46.11 50.60 55.10 59.41 63.73 67.68 71.63 75.04 78.46 81.18 83.91 85.80 87.70
-73.12 -75.89 -78.65 -81.06 -83.46 -85.52 -87.58 -89.28 -90.98 -92.28 -93.58 -94.40 -95.22 -95.44 -95.66 -95.13 -94.61 -93.21 -91.81 -89.43 -87.04 -83.65 -80.26 -75.93 -71.60 -66.52 -61.45 -55.94 -50.44 -44.90 -39.36 -34.21 -29.05 -24.65 -20.25 -16.84 -13.43 -11.06 -8.69 -7.25 -5.81 -5.04 -4.28 -3.85 -3.43 -3.00 -2.57 -1.82 -1.07 0.25 1.57 3.59 5.62 8.39 11.16 14.62 18.08 22.11 26.13 30.54 34.96 39.56 44.17 48.76 53.35 57.72 62.09 66.06 70.02 73.40 76.78 79.41 82.05 83.81 85.57
-70.65 -73.50 -76.36 -78.88 -81.40 -83.59 -85.77 -87.59 -89.41 -90.82 -92.24 -93.16 -94.08 -94.40 -94.71 -94.28 -93.86 -92.56 -91.26 -89.01 -86.75 -83.53 -80.30 -76.19 -72.07 -67.25 -62.44 -57.23 -52.01 -46.78 -41.54 -36.67 -31.80 -27.64 -23.48 -20.24 -17.00 -14.73 -12.46 -11.05 -9.63 -8.84 -8.05 -7.56 -7.08 -6.57 -6.06 -5.23 -4.39 -3.00 -1.61 0.48 2.57 5.39 8.22 11.73 15.24 19.31 23.38 27.84 32.30 36.94 41.58 46.20 50.81 55.18 59.55 63.48 67.40 70.70 74.00 76.52 79.04 80.66 82.28
-68.17 -71.12 -74.08 -76.71 -79.35 -81.65 -83.95 -85.89 -87.84 -89.37 -90.89 -91.92 -92.95 -93.36 -93.77 -93.43 -93.10 -91.91 -90.71 -88.59 -86.47 -83.41 -80.35 -76.44 -72.54 -67.98 -63.43 -58.51 -53.59 -48.65 -43.72 -39.14 -34.56 -30.63 -26.71 -23.64 -20.57 -18.40 -16.23 -14.84 -13.46 -12.64 -11.82 -11.27 -10.73 -10.14 -9.55 -8.64 -7.72 -6.26 -4.79 -2.64 -0.49 2.39 5.27 8.83 12.39 16.51 20.63 25.13 29.63 34.32 39.00 43.64 48.27 52.64 57.00 60.89 64.78 68.00 71.23 73.63 76.04 77.51 78.99
-65.42 -68.45 -71.47 -74.19 -76.92 -79.32 -81.73 -83.78 -85.83 -87.47 -89.10 -90.23 -91.35 -91.86 -92.36 -92.12 -91.88 -90.79 -89.70 -87.71 -85.71 -82.81 -79.92 -76.22 -72.53 -68.22 -63.92 -59.28 -54.64 -50.00 -45.36 -41.05 -36.75 -33.06 -29.37 -26.48 -23.58 -21.51 -19.45 -18.10 -16.76 -15.94 -15.11 -14.52 -13.94 -13.30 -12.66 -11.70 -10.74 -9.24 -7.74 -5.58 -3.42 -0.55 2.33 5.86 9.40 13.49 17.57 22.04 26.51 31.15 35.78 40.37 44.95 49.25 53.55 57.36 61.16 64.28 67.41 69.70 71.99 73.34 74.69
-62.67 -65.77 -68.86 -71.68 -74.49 -77.00 -79.51 -81.67 -83.83 -85.57 -87.31 -88.53 -89.76 -90.35 -90.95 -90.80 -90.66 -89.67 -88.69 -86.82 -84.95 -82.22 -79.49 -76.00 -72.52 -68.46 -64.41 -60.05 -55.69 -51.35 -47.00 -42.97 -38.94 -35.49 -32.04 -29.31 -26.59 -24.63 -22.67 -21.37 -20.07 -19.23 -18.40 -17.77 -17.15 -16.46 -15.77 -14.76 -13.76 -12.23 -10.70 -8.52 -6.35 -3.48 -0.62 2.90 6.41 10.47 14.52 18.95 23.38 27.97 32.57 37.10 41.63 45.87 50.10 53.82 57.54 60.56 63.59 65.76 67.94 69.17 70.40
-59.75 -62.88 -66.02 -68.90 -71.78 -74.37 -76.96 -79.22 -81.47 -83.30 -85.13 -86.45 -87.76 -88.45 -89.13 -89.07 -89.01 -88.13 -87.24 -85.50 -83.75 -81.17 -78.59 -75.29 -71.99 -68.17 -64.34 -60.24 -56.14 -52.06 -47.98 -44.21 -40.44 -37.21 -33.98 -31.43 -28.88 -27.03 -25.18 -23.94 -22.70 -21.88 -21.06 -20.43 -19.80 -19.09 -18.38 -17.37 -16.35 -14.84 -13.32 -11.19 -9.06 -6.27 -3.47 -0.06 3.36 7.30 11.25 15.55 19.86 24.33 28.79 33.20 37.61 41.72 45.83 49.44 53.05 55.96 58.88 60.96 63.04 64.20 65.35
-56.82 -60.00 -63.18 -66.12 -69.07 -71.75 -74.42 -76.76 -79.11 -81.03 -82.96 -84.37 -85.77 -86.54 -87.31 -87.34 -87.37 -86.59 -85.80 -84.17 -82.54 -80.12 -77.69 -74.58 -71.47 -67.87 -64.27 -60.43 -56.59 -52.78 -48.97 -45.45 -41.93 -38.93 -35.92 -33.54 -31.16 -29.43 -27.69 -26.51 -25.33 -24.53 -23.72 -23.08 -22.44 -21.72 -20.99 -19.97 -18.95 -17.45 -15.95 -13.86 -11.77 -9.05 -6.33 -3.01 0.31 4.14 7.97 12.15 16.33 20.68 25.02 29.30 33.58 37.57 41.57 45.06 48.55 51.36 54.17 56.16 58.15 59.22 60.30
-53.79 -56.99 -60.19 -63.17 -66.16 -68.89 -71.63 -74.04 -76.46 -78.46 -80.46 -81.95 -83.43 -84.28 -85.12 -85.23 -85.34 -84.64 -83.94 -82.42 -80.90 -78.60 -76.31 -73.36 -70.42 -67.02 -63.61 -60.00 -56.38 -52.80 -49.23 -45.95 -42.67 -39.87 -37.07 -34.86 -32.65 -31.04 -29.42 -28.32 -27.22 -26.46 -25.70 -25.08 -24.46 -23.75 -23.05 -22.06 -21.06 -19.62 -18.18 -16.19 -14.19 -11.61 -9.02 -5.86 -2.71 0.93 4.56 8.54 12.52 16.66 20.81 24.90 29.00 32.83 36.66 40.02 43.39 46.10 48.82 50.76 52.70 53.77 54.84
-50.77 -53.98 -57.20 -60.22 -63.25 -66.04 -68.84 -71.32 -73.81 -75.89 -77.97 -79.53 -81.09 -82.01 -82.94 -83.12 -83.31 -82.70 -82.09 -80.67 -79.25 -77.09 -74.92 -72.14 -69.36 -66.16 -62.96 -59.56 -56.17 -52.83 -49.50 -46.45 -43.40 -40.81 -38.21 -36.18 -34.14 -32.65 -31.16 -30.14 -29.11 -28.40 -27.68 -27.08 -26.48 -25.79 -25.10 -24.14 -23.18 -21.80 -20.42 -18.52 -16.62 -14.16 -11.71 -8.72 -5.73 -2.29 1.16 4.93 8.71 12.65 16.59 20.50 24.41 28.08 31.75 34.99 38.22 40.85 43.48 45.37 47.25 48.31 49.37
-47.72 -50.93 -54.13 -57.17 -60.21 -63.04 -65.87 -68.40 -70.93 -73.06 -75.20 -76.82 -78.43 -79.42 -80.40 -80.65 -80.90 -80.37 -79.83 -78.50 -77.17 -75.11 -73.06 -70.41 -67.77 -64.74 -61.70 -58.50 -55.30 -52.17 -49.04 -46.20 -43.36 -40.97 -38.58 -36.71 -34.84 -33.49 -32.14 -31.21 -30.29 -29.65 -29.00 -28.45 -27.90 -27.26 -26.62 -25.73 -24.83 -23.55 -22.26 -20.50 -18.74 -16.47 -14.20 -11.44 -8.68 -5.49 -2.30 1.22 4.73 8.41 12.10 15.78 19.46 22.96 26.45 29.56 32.68 35.25 37.82 39.71 41.61 42.74 43.86
-44.68 -47.87 -51.07 -54.12 -57.18 -60.03 -62.89 -65.47 -68.05 -70.24 -72.43 -74.10 -75.78 -76.82 -77.87 -78.18 -78.50 -78.03 -77.56 -76.32 -75.08 -73.13 -71.19 -68.68 -66.18 -63.31 -60.44 -57.43 -54.42 -51.51 -48.59 -45.96 -43.33 -41.13 -38.94 -37.24 -35.54 -34.33 -33.12 -32.29 -31.47 -30.89 -30.32 -29.82 -29.33 -28.74 -28.15 -27.32 -26.49 -25.30 -24.11 -22.49 -20.87 -18.78 -16.70 -14.16 -11.62 -8.69 -5.75 -2.50 0.74 4.17 7.60 11.06 14.52 17.83 21.14 24.13 27.13 29.64 32.16 34.06 35.96 37.16 38.35
-41.68 -44.84 -47.99 -51.03 -54.07 -56.94 -59.80 -62.39 -64.99 -67.20 -69.42 -71.13 -72.84 -73.92 -75.00 -75.36 -75.72 -75.31 -74.90 -73.73 -72.55 -70.69 -68.84 -66.45 -64.06 -61.33 -58.60 -55.76 -52.92 -50.18 -47.45 -45.02 -42.59 -40.58 -38.58 -37.06 -35.55 -34.49 -33.43 -32.74 -32.04 -31.57 -31.09 -30.68 -30.27 -29.76 -29.25 -28.52 -27.78 -26.73 -25.67 -24.22 -22.77 -20.91 -19.05 -16.77 -14.50 -11.86 -9.21 -6.27 -3.32 -0.17 2.97 6.19 9.41 12.55 15.69 18.59 21.50 24.01 26.52 28.49 30.47 31.82 33.16
-38.68 -41.80 -44.92 -47.95 -50.97 -53.84 -56.70 -59.31 -61.93 -64.17 -66.41 -68.15 -69.90 -71.02 -72.14 -72.54 -72.95 -72.59 -72.23 -71.13 -70.02 -68.25 -66.49 -64.21 -61.93 -59.34 -56.76 -54.08 -51.41 -48.86 -46.32 -44.08 -41.84 -40.03 -38.23 -36.89 -35.55 -34.65 -33.75 -33.18 -32.61 -32.24 -31.87 -31.54 -31.21 -30.78 -30.36 -29.72 -29.08 -28.15 -27.22 -25.95 -24.68 -23.03 -21.39 -19.39 -17.38 -15.03 -12.68 -10.03 -7.39 -4.52 -1.66 1.32 4.30 7.27 10.24 13.05 15.86 18.37 20.87 22.93 24.98 26.47 27.96
-35.76 -38.83 -41.89 -44.87 -47.85 -50.69 -53.53 -56.12 -58.72 -60.96 -63.20 -64.94 -66.69 -67.83 -68.96 -69.39 -69.82 -69.50 -69.18 -68.12 -67.06 -65.37 -63.67 -61.49 -59.30 -56.84 -54.37 -51.85 -49.32 -46.95 -44.58 -42.53 -40.49 -38.88 -37.27 -36.13 -34.99 -34.27 -33.55 -33.15 -32.74 -32.51 -32.28 -32.07 -31.86 -31.55 -31.24 -30.74 -30.23 -29.46 -28.69 -27.61 -26.54 -25.14 -23.74 -22.01 -20.28 -18.24 -16.19 -13.85 -11.50 -8.91 -6.32 -3.56 -0.79 2.04 4.87 7.65 10.42 12.98 15.54 17.74 19.94 21.65 23.35
-32.85 -35.85 -38.86 -41.79 -44.73 -47.54 -50.35 -52.93 -55.52 -57.75 -59.98 -61.74 -63.49 -64.64 -65.79 -66.24 -66.70 -66.41 -66.12 -65.11 -64.11 -62.48 -60.85 -58.76 -56.67 -54.33 -51.99 -49.61 -47.24 -45.04 -42.84 -40.99 -39.14 -37.73 -36.32 -35.37 -34.43 -33.89 -33.36 -33.12 -32.87 -32.78 -32.69 -32.60 -32.52 -32.33 -32.13 -31.76 -31.38 -30.76 -30.15 -29.27 -28.40 -27.24 -26.09 -24.64 -23.19 -21.45 -19.70 -17.66 -15.62 -13.30 -10.98 -8.44 -5.89 -3.19 -0.49 2.24 4.97 7.59 10.21 12.56 14.91 16.83 18.75
-30.06 -32.98 -35.90 -38.76 -41.63 -44.38 -47.13 -49.67 -52.20 -54.40 -56.60 -58.33 -60.06 -61.19 -62.33 -62.79 -63.24 -62.97 -62.69 -61.72 -60.75 -59.17 -57.60 -55.59 -53.59 -51.36 -49.12 -46.89 -44.66 -42.63 -40.61 -38.95 -37.29 -36.10 -34.91 -34.19 -33.47 -33.16 -32.84 -32.81 -32.77 -32.87 -32.96 -33.05 -33.14 -33.11 -33.08 -32.87 -32.66 -32.24 -31.81 -31.15 -30.49 -29.58 -28.67 -27.49 -26.31 -24.84 -23.37 -21.60 -19.82 -17.73 -15.63 -13.24 -10.85 -8.22 -5.60 -2.84 -0.08 2.67 5.41 7.96 10.51 12.70 14.88
-27.27 -30.11 -32.94 -35.73 -38.53 -41.22 -43.91 -46.40 -48.89 -51.05 -53.21 -54.92 -56.62 -57.75 -58.87 -59.33 -59.78 -59.52 -59.27 -58.33 -57.39 -55.87 -54.35 -52.43 -50.50 -48.38 -46.26 -44.17 -42.08 -40.22 -38.37 -36.91 -35.45 -34.48 -33.50 -33.00 -32.51 -32.42 -32.32 -32.50 -32.67 -32.95 -33.24 -33.50 -33.76 -33.89 -34.03 -33.99 -33.95 -33.71 -33.47 -33.02 -32.58 -31.91 -31.25 -30.34 -29.43 -28.24 -27.05 -25.54 -24.02 -22.15 -20.28 -18.05 -15.82 -13.26 -10.70 -7.91 -5.13 -2.26 0.60 3.36 6.12 8.57 11.02
-24.63 -27.35 -30.08 -32.78 -35.47 -38.08 -40.68 -43.09 -45.50 -47.60 -49.69 -51.34 -53.00 -54.09 -55.17 -55.61 -56.04 -55.78 -55.52 -54.60 -53.67 -52.20 -50.73 -48.87 -47.02 -45.01 -42.99 -41.04 -39.09 -37.42 -35.75 -34.50 -33.26 -32.52 -31.79 -31.56 -31.32 -31.50 -31.68 -32.12 -32.56 -33.10 -33.64 -34.13 -34.63 -34.99 -35.35 -35.52 -35.70 -35.67 -35.65 -35.43 -35.21 -34.78 -34.34 -33.66 -32.98 -32.01 -31.04 -29.71 -28.39 -26.65 -24.92 -22.75 -20.59 -18.01 -15.44 -12.55 -9.66 -6.61 -3.56 -0.56 2.44 5.17 7.90
-21.98 -24.60 -27.22 -29.82 -32.42 -34.93 -37.45 -39.78 -42.11 -44.14 -46.17 -47.77 -49.37 -50.42 -51.47 -51.88 -52.29 -52.03 -51.77 -50.86 -49.96 -48.53 -47.10 -45.32 -43.54 -41.63 -39.72 -37.92 -36.11 -34.62 -33.12 -32.09 -31.06 -30.57 -30.08 -30.11 -30.14 -30.59 -31.04 -31.74 -32.45 -33.24 -34.03 -34.77 -35.50 -36.08 -36.66 -37.05 -37.45 -37.64 -37.84 -37.84 -37.84 -37.64 -37.44 -36.99 -36.54 -35.78 -35.03 -33.89 -32.75 -31.15 -29.55 -27.45 -25.35 -22.76 -20.17 -17.18 -14.19 -10.96 -7.73 -4.49 -1.24 1.77 4.78
-19.50 -21.99 -24.48 -26.96 -29.44 -31.84 -34.24 -36.46 -38.69 -40.63 -42.57 -44.09 -45.61 -46.60 -47.59 -47.95 -48.32 -48.04 -47.76 -46.86 -45.96 -44.57 -43.17 -41.46 -39.75 -37.95 -36.15 -34.49 -32.84 -31.53 -30.23 -29.44 -28.65 -28.44 -28.22 -28.56 -28.90 -29.68 -30.46 -31.50 -32.55 -33.67 -34.80 -35.84 -36.89 -37.77 -38.64 -39.30 -39.96 -40.40 -40.85 -41.07 -41.30 -41.29 -41.29 -41.00 -40.72 -40.09 -39.46 -38.40 -37.34 -35.76 -34.18 -32.03 -29.89 -27.19 -24.48 -21.32 -18.15 -14.70 -11.26 -7.76 -4.27 -1.00 2.27
-17.02 -19.38 -21.74 -24.10 -26.45 -28.74 -31.03 -33.15 -35.27 -37.11 -38.96 -40.40 -41.84 -42.77 -43.70 -44.03 -44.35 -44.05 -43.75 -42.86 -41.97 -40.61 -39.24 -37.60 -35.96 -34.27 -32.57 -31.06 -29.56 -28.45 -27.34 -26.79 -26.24 -26.30 -26.37 -27.02 -27.67 -28.78 -29.88 -31.27 -32.65 -34.10 -35.56 -36.92 -38.28 -39.45 -40.62 -41.55 -42.48 -43.17 -43.86 -44.31 -44.75 -44.94 -45.13 -45.02 -44.90 -44.40 -43.89 -42.91 -41.92 -40.36 -38.80 -36.61 -34.42 -31.61 -28.80 -25.46 -22.12 -18.45 -14.78 -11.04 -7.30 -3.77 -0.24
-14.72 -16.93 -19.15 -21.36 -23.57 -25.72 -27.87 -29.87 -31.86 -33.59 -35.32 -36.66 -38.00 -38.85 -39.70 -39.96 -40.23 -39.90 -39.56 -38.66 -37.77 -36.44 -35.10 -33.53 -31.95 -30.37 -28.78 -27.43 -26.09 -25.19 -24.30 -24.01 -23.72 -24.11 -24.50 -25.51 -26.53 -28.04 -29.54 -31.34 -33.14 -35.01 -36.88 -38.64 -40.41 -41.94 -43.47 -44.72 -45.97 -46.93 -47.88 -48.54 -49.19 -49.52 -49.86 -49.82 -49.78 -49.28 -48.79 -47.75 -46.72 -45.05 -43.38 -41.03 -38.69 -35.68 -32.67 -29.12 -25.56 -21.66 -17.76 -13.80 -9.84 -6.12 -2.39
-12.42 -14.48 -16.55 -18.62 -20.70 -22.71 -24.72 -26.59 -28.46 -30.07 -31.68 -32.92 -34.16 -34.93 -35.69 -35.90 -36.11 -35.74 -35.37 -34.47 -33.57 -32.26 -30.96 -29.45 -27.94 -26.47 -24.99 -23.80 -22.61 -21.93 -21.25 -21.23 -21.21 -21.92 -22.63 -24.01 -25.39 -27.30 -29.20 -31.42 -33.63 -35.92 -38.21 -40.37 -42.53 -44.43 -46.32 -47.89 -49.46 -50.69 -51.91 -52.77 -53.63 -54.10 -54.58 -54.62 -54.65 -54.17 -53.69 -52.60 -51.51 -49.73 -47.96 -45.46 -42.95 -39.75 -36.55 -32.77 -29.00 -24.87 -20.75 -16.57 -12.39 -8.47 -4.55
-10.31 -12.22 -14.12 -16.04 -17.95 -19.81 -21.67 -23.39 -25.11 -26.59 -28.07 -29.20 -30.32 -30.99 -31.66 -31.79 -31.93 -31.51 -31.10 -30.18 -29.27 -27.98 -26.70 -25.26 -23.81 -22.45 -21.09 -20.07 -19.05 -18.60 -18.15 -18.43 -18.71 -19.78 -20.86 -22.66 -24.47 -26.84 -29.22 -31.93 -34.64 -37.42 -40.21 -42.84 -45.48 -47.80 -50.13 -52.05 -53.98 -55.47 -56.95 -57.98 -59.01 -59.55 -60.10 -60.10 -60.11 -59.51 -58.92 -57.65 -56.38 -54.38 -52.38 -49.63 -46.88 -43.43 -39.98 -35.98 -31.98 -27.67 -23.35 -19.03 -14.71 -10.70 -6.69
-8.21 -9.95 -11.70 -13.45 -15.21 -16.92 -18.62 -20.20 -21.77 -23.12 -24.46 -25.47 -26.48 -27.05 -27.62 -27.69 -27.75 -27.29 -26.82 -25.89 -24.96 -23.70 -22.44 -21.06 -19.68 -18.43 -17.18 -16.33 -15.48 -15.26 -15.05 -15.63 -16.21 -17.65 -19.08 -21.31 -23.54 -26.39 -29.23 -32.44 -35.64 -38.93 -42.21 -45.32 -48.43 -51.18 -53.93 -56.21 -58.49 -60.25 -62.00 -63.20 -64.39 -65.00 -65.61 -65.59 -65.57 -64.86 -64.15 -62.70 -61.25 -59.03 -56.80 -53.80 -50.80 -47.11 -43.42 -39.19 -34.97 -30.46 -25.96 -21.50 -17.03 -12.93 -8.83
-6.33 -7.90 -9.47 -11.05 -12.64 -14.18 -15.72 -17.13 -18.55 -19.75 -20.95 -21.83 -22.71 -23.17 -23.64 -23.62 -23.59 -23.08 -22.56 -21.61 -20.65 -19.41 -18.16 -16.84 -15.52 -14.38 -13.25 -12.58 -11.90 -11.94 -11.97 -12.88 -13.79 -15.63 -17.48 -20.18 -22.89 -26.27 -29.65 -33.41 -37.18 -41.03 -44.87 -48.51 -52.15 -55.37 -58.58 -61.22 -63.86 -65.85 -67.84 -69.15 -70.45 -71.03 -71.62 -71.45 -71.29 -70.35 -69.41 -67.67 -65.93 -63.40 -60.86 -57.57 -54.28 -50.34 -46.40 -42.00 -37.59 -32.99 -28.39 -23.90 -19.41 -15.36 -11.31
