test/esri_led_0/synt_tma+240m_led_0.esri
nrows             510
ncols             462
xllcorner      398000.00
yllcorner     7846000.00
cellsize          500.00
NODATA_value    -9999
[rows 462 to 494 of 510, columns 375 to 449 of 462]
-30.11 -29.18 -28.03 -26.87 -25.58 -24.29 -22.98 -21.66 -20.40 -19.14 -17.99 -16.84 -15.80 -14.75 -13.75 -12.75 -11.69 -10.63 -9.40 -8.17 -6.66 -5.15 -3.30 -1.45 0.76 2.97 5.47 7.97 10.65 13.32 16.01 18.70 21.25 23.79 26.09 28.39 30.38 32.37 34.06 35.75 37.18 38.61 39.83 41.05 42.12 43.18 44.12 45.05 45.88 46.70 47.42 48.14 48.77 49.41 49.96 50.52 51.04 51.56 52.08 52.60 53.16 53.72 54.40 55.07 55.91 56.76 57.85 58.94 60.33 61.71 63.37 65.03 66.87 68.70 70.48
-28.86 -27.82 -26.54 -25.27 -23.88 -22.48 -21.08 -19.67 -18.37 -17.07 -15.94 -14.81 -13.85 -12.88 -12.02 -11.16 -10.28 -9.40 -8.36 -7.31 -5.98 -4.65 -2.94 -1.23 0.89 3.00 5.46 7.92 10.58 13.25 15.95 18.64 21.19 23.74 26.02 28.30 30.24 32.19 33.81 35.43 36.78 38.13 39.28 40.43 41.44 42.45 43.37 44.28 45.12 45.95 46.71 47.46 48.14 48.81 49.41 50.00 50.53 51.06 51.55 52.03 52.52 53.01 53.57 54.12 54.82 55.51 56.44 57.36 58.59 59.81 61.34 62.86 64.60 66.34 68.08
-27.49 -26.41 -25.09 -23.77 -22.32 -20.86 -19.41 -17.95 -16.62 -15.28 -14.15 -13.02 -12.09 -11.17 -10.38 -9.60 -8.83 -8.07 -7.16 -6.25 -5.04 -3.84 -2.23 -0.62 1.42 3.47 5.89 8.31 10.96 13.60 16.28 18.96 21.48 24.00 26.22 28.43 30.28 32.14 33.65 35.16 36.40 37.64 38.69 39.75 40.69 41.64 42.52 43.41 44.24 45.08 45.86 46.64 47.35 48.06 48.68 49.30 49.83 50.35 50.80 51.24 51.64 52.05 52.47 52.90 53.45 53.99 54.75 55.51 56.57 57.64 59.03 60.42 62.06 63.70 65.39
-26.13 -25.01 -23.64 -22.27 -20.76 -19.25 -17.74 -16.23 -14.86 -13.49 -12.36 -11.22 -10.33 -9.45 -8.75 -8.05 -7.39 -6.74 -5.96 -5.18 -4.10 -3.02 -1.52 -0.01 1.96 3.93 6.32 8.70 11.33 13.96 16.62 19.29 21.77 24.26 26.41 28.56 30.33 32.09 33.49 34.89 36.02 37.15 38.11 39.07 39.95 40.82 41.68 42.53 43.37 44.21 45.02 45.83 46.57 47.32 47.96 48.61 49.13 49.65 50.05 50.45 50.76 51.08 51.38 51.69 52.08 52.47 53.06 53.66 54.56 55.46 56.72 57.97 59.52 61.06 62.69
-24.70 -23.63 -22.30 -20.96 -19.46 -17.96 -16.44 -14.92 -13.52 -12.13 -10.97 -9.81 -8.92 -8.03 -7.34 -6.66 -6.04 -5.42 -4.70 -3.97 -2.95 -1.93 -0.48 0.98 2.92 4.85 7.22 9.58 12.19 14.81 17.44 20.08 22.50 24.93 27.00 29.06 30.70 32.35 33.61 34.88 35.88 36.88 37.73 38.58 39.39 40.19 41.01 41.82 42.65 43.48 44.30 45.12 45.87 46.63 47.26 47.90 48.38 48.86 49.18 49.51 49.71 49.92 50.08 50.25 50.48 50.71 51.15 51.58 52.33 53.07 54.19 55.31 56.74 58.17 59.73
-23.27 -22.26 -20.96 -19.66 -18.17 -16.68 -15.14 -13.61 -12.19 -10.77 -9.59 -8.41 -7.51 -6.61 -5.94 -5.27 -4.69 -4.11 -3.44 -2.76 -1.80 -0.84 0.56 1.96 3.87 5.77 8.12 10.46 13.06 15.65 18.26 20.87 23.24 25.61 27.58 29.55 31.08 32.60 33.73 34.87 35.73 36.60 37.35 38.09 38.83 39.56 40.33 41.11 41.93 42.76 43.58 44.41 45.17 45.93 46.56 47.19 47.63 48.07 48.32 48.57 48.66 48.76 48.78 48.81 48.88 48.96 49.23 49.50 50.09 50.68 51.66 52.64 53.96 55.29 56.77
-21.86 -20.99 -19.82 -18.64 -17.23 -15.82 -14.32 -12.82 -11.39 -9.96 -8.74 -7.52 -6.56 -5.61 -4.89 -4.16 -3.55 -2.93 -2.23 -1.53 -0.55 0.43 1.84 3.26 5.18 7.10 9.45 11.81 14.40 17.00 19.58 22.16 24.46 26.77 28.64 30.51 31.90 33.29 34.29 35.28 36.02 36.76 37.41 38.05 38.72 39.38 40.12 40.86 41.66 42.46 43.26 44.07 44.79 45.52 46.08 46.65 47.00 47.35 47.47 47.60 47.55 47.49 47.36 47.23 47.14 47.06 47.17 47.28 47.72 48.16 49.00 49.84 51.04 52.23 53.61
-20.44 -19.73 -18.68 -17.63 -16.30 -14.97 -13.50 -12.03 -10.59 -9.14 -7.88 -6.62 -5.62 -4.61 -3.84 -3.06 -2.40 -1.75 -1.02 -0.30 0.70 1.70 3.13 4.56 6.49 8.43 10.79 13.16 15.75 18.35 20.90 23.45 25.69 27.93 29.70 31.46 32.72 33.99 34.84 35.70 36.31 36.92 37.47 38.01 38.61 39.21 39.91 40.60 41.38 42.16 42.94 43.73 44.42 45.11 45.61 46.11 46.37 46.62 46.62 46.63 46.43 46.23 45.94 45.65 45.40 45.15 45.11 45.06 45.35 45.65 46.34 47.04 48.11 49.18 50.45
-19.17 -18.71 -17.86 -17.01 -15.82 -14.64 -13.23 -11.83 -10.40 -8.96 -7.65 -6.34 -5.24 -4.15 -3.27 -2.38 -1.62 -0.85 -0.02 0.80 1.89 2.98 4.49 6.00 8.00 10.00 12.41 14.83 17.45 20.07 22.60 25.14 27.32 29.51 31.18 32.85 34.00 35.14 35.88 36.61 37.12 37.64 38.11 38.58 39.13 39.68 40.35 41.02 41.76 42.50 43.23 43.96 44.55 45.15 45.53 45.90 46.00 46.10 45.92 45.75 45.37 44.99 44.52 44.05 43.64 43.23 43.03 42.84 42.99 43.14 43.69 44.25 45.17 46.09 47.21
-17.90 -17.68 -17.03 -16.39 -15.35 -14.30 -12.97 -11.64 -10.21 -8.78 -7.41 -6.05 -4.87 -3.68 -2.69 -1.71 -0.83 0.05 0.97 1.90 3.08 4.25 5.84 7.43 9.50 11.57 14.03 16.50 19.14 21.78 24.31 26.83 28.96 31.09 32.66 34.24 35.27 36.30 36.91 37.53 37.94 38.35 38.75 39.15 39.65 40.16 40.80 41.43 42.14 42.85 43.52 44.18 44.69 45.20 45.45 45.70 45.64 45.58 45.22 44.87 44.30 43.74 43.09 42.44 41.87 41.30 40.95 40.61 40.62 40.63 41.04 41.46 42.23 43.01 43.98
-16.93 -17.02 -16.64 -16.26 -15.41 -14.55 -13.32 -12.10 -10.69 -9.28 -7.86 -6.44 -5.15 -3.86 -2.73 -1.59 -0.56 0.47 1.56 2.64 3.97 5.29 7.02 8.74 10.92 13.10 15.66 18.21 20.90 23.59 26.13 28.66 30.75 32.85 34.36 35.87 36.82 37.77 38.31 38.86 39.22 39.58 39.96 40.34 40.84 41.34 41.96 42.59 43.26 43.92 44.50 45.08 45.45 45.81 45.87 45.92 45.64 45.36 44.78 44.19 43.41 42.63 41.80 40.96 40.23 39.50 39.02 38.54 38.42 38.30 38.57 38.84 39.45 40.06 40.85
-15.96 -16.36 -16.25 -16.13 -15.46 -14.80 -13.68 -12.56 -11.17 -9.77 -8.30 -6.83 -5.43 -4.03 -2.76 -1.48 -0.29 0.90 2.14 3.39 4.86 6.33 8.19 10.05 12.34 14.64 17.28 19.91 22.66 25.40 27.94 30.49 32.55 34.61 36.06 37.51 38.38 39.24 39.71 40.18 40.50 40.81 41.17 41.52 42.02 42.52 43.13 43.75 44.37 45.00 45.49 45.98 46.20 46.42 46.28 46.15 45.64 45.14 44.33 43.52 42.52 41.52 40.50 39.48 38.59 37.70 37.09 36.48 36.22 35.97 36.10 36.23 36.68 37.12 37.72
-15.48 -16.23 -16.40 -16.58 -16.12 -15.67 -14.68 -13.68 -12.32 -10.96 -9.45 -7.93 -6.42 -4.91 -3.48 -2.06 -0.69 0.68 2.11 3.54 5.20 6.85 8.88 10.90 13.34 15.78 18.53 21.28 24.10 26.92 29.50 32.08 34.14 36.21 37.63 39.06 39.91 40.76 41.22 41.69 42.03 42.37 42.78 43.19 43.74 44.29 44.94 45.58 46.17 46.77 47.15 47.53 47.56 47.59 47.21 46.83 46.06 45.28 44.20 43.13 41.90 40.67 39.46 38.25 37.22 36.20 35.47 34.75 34.39 34.02 34.01 34.00 34.26 34.52 34.90
-15.00 -16.09 -16.56 -17.02 -16.78 -16.54 -15.67 -14.80 -13.48 -12.15 -10.59 -9.03 -7.41 -5.79 -4.21 -2.63 -1.09 0.46 2.08 3.69 5.53 7.37 9.56 11.75 14.33 16.92 19.78 22.64 25.54 28.44 31.05 33.66 35.73 37.80 39.21 40.62 41.44 42.27 42.74 43.20 43.57 43.94 44.40 44.86 45.47 46.07 46.74 47.41 47.97 48.53 48.80 49.07 48.92 48.77 48.14 47.52 46.47 45.42 44.08 42.74 41.27 39.81 38.42 37.02 35.86 34.69 33.86 33.02 32.55 32.07 31.92 31.78 31.85 31.93 32.08
-15.18 -16.61 -17.36 -18.11 -18.07 -18.04 -17.29 -16.55 -15.27 -13.98 -12.39 -10.80 -9.09 -7.38 -5.67 -3.95 -2.24 -0.52 1.27 3.07 5.09 7.11 9.48 11.84 14.58 17.31 20.30 23.28 26.27 29.26 31.93 34.61 36.72 38.83 40.27 41.72 42.60 43.48 44.03 44.58 45.07 45.56 46.17 46.77 47.51 48.25 49.00 49.75 50.30 50.85 51.01 51.16 50.80 50.43 49.53 48.63 47.28 45.93 44.30 42.68 40.99 39.29 37.73 36.17 34.90 33.62 32.70 31.78 31.23 30.67 30.39 30.12 30.00 29.89 29.80
-15.36 -17.13 -18.16 -19.19 -19.37 -19.54 -18.92 -18.29 -17.05 -15.82 -14.19 -12.57 -10.77 -8.97 -7.12 -5.27 -3.39 -1.51 0.47 2.45 4.65 6.86 9.39 11.93 14.82 17.71 20.82 23.93 27.00 30.08 32.82 35.55 37.70 39.85 41.33 42.82 43.75 44.69 45.33 45.97 46.58 47.19 47.94 48.68 49.55 50.42 51.25 52.08 52.62 53.17 53.21 53.25 52.68 52.10 50.92 49.74 48.09 46.44 44.53 42.62 40.70 38.78 37.05 35.32 33.93 32.54 31.55 30.55 29.91 29.26 28.86 28.45 28.15 27.85 27.51
-16.35 -18.41 -19.67 -20.93 -21.27 -21.61 -21.09 -20.56 -19.36 -18.16 -16.53 -14.89 -13.03 -11.17 -9.22 -7.27 -5.27 -3.26 -1.14 0.99 3.34 5.70 8.38 11.07 14.09 17.11 20.34 23.56 26.73 29.90 32.72 35.53 37.76 39.99 41.57 43.15 44.22 45.28 46.10 46.92 47.76 48.59 49.58 50.57 51.65 52.74 53.71 54.69 55.26 55.84 55.78 55.72 54.93 54.14 52.67 51.20 49.24 47.28 45.10 42.91 40.78 38.64 36.77 34.91 33.45 31.98 30.94 29.90 29.20 28.50 28.00 27.49 27.01 26.53 25.95
-17.33 -19.68 -21.18 -22.67 -23.18 -23.68 -23.25 -22.83 -21.67 -20.51 -18.86 -17.20 -15.28 -13.36 -11.32 -9.27 -7.14 -5.01 -2.74 -0.48 2.03 4.54 7.37 10.21 13.37 16.52 19.86 23.20 26.46 29.72 32.61 35.51 37.81 40.12 41.80 43.48 44.68 45.88 46.88 47.88 48.94 50.00 51.22 52.45 53.76 55.06 56.17 57.29 57.90 58.50 58.35 58.19 57.19 56.18 54.43 52.67 50.40 48.13 45.67 43.21 40.86 38.50 36.50 34.50 32.96 31.42 30.34 29.25 28.50 27.74 27.13 26.52 25.87 25.21 24.38
-19.20 -21.75 -23.39 -25.02 -25.61 -26.21 -25.83 -25.45 -24.31 -23.16 -21.50 -19.84 -17.90 -15.95 -13.86 -11.77 -9.58 -7.39 -5.05 -2.70 -0.10 2.50 5.44 8.37 11.62 14.87 18.29 21.72 25.06 28.41 31.39 34.36 36.78 39.20 41.02 42.85 44.26 45.67 46.94 48.20 49.58 50.95 52.51 54.08 55.68 57.28 58.61 59.94 60.62 61.31 61.09 60.86 59.66 58.47 56.43 54.40 51.84 49.28 46.55 43.83 41.29 38.75 36.64 34.53 32.95 31.37 30.28 29.19 28.42 27.64 26.97 26.29 25.49 24.69 23.65
-21.06 -23.82 -25.59 -27.37 -28.05 -28.74 -28.40 -28.07 -26.94 -25.81 -24.15 -22.48 -20.51 -18.54 -16.41 -14.28 -12.03 -9.77 -7.35 -4.92 -2.23 0.47 3.50 6.53 9.87 13.22 16.73 20.24 23.66 27.09 30.16 33.22 35.75 38.27 40.25 42.23 43.84 45.46 46.99 48.53 50.22 51.91 53.80 55.70 57.60 59.51 61.04 62.58 63.35 64.11 63.82 63.54 62.14 60.75 58.44 56.13 53.28 50.42 47.44 44.45 41.73 39.00 36.78 34.56 32.94 31.32 30.22 29.12 28.33 27.54 26.80 26.05 25.11 24.17 22.91
-23.79 -26.63 -28.43 -30.23 -30.89 -31.55 -31.19 -30.82 -29.67 -28.51 -26.83 -25.16 -23.19 -21.23 -19.12 -17.00 -14.76 -12.52 -10.10 -7.68 -4.97 -2.26 0.79 3.85 7.23 10.61 14.17 17.72 21.21 24.69 27.85 31.00 33.66 36.31 38.48 40.65 42.52 44.40 46.27 48.14 50.23 52.31 54.61 56.91 59.18 61.46 63.27 65.08 65.98 66.88 66.57 66.26 64.70 63.15 60.60 58.05 54.93 51.80 48.58 45.37 42.47 39.58 37.28 34.98 33.34 31.70 30.62 29.54 28.77 28.00 27.23 26.46 25.44 24.41 23.00
-26.53 -29.44 -31.26 -33.08 -33.73 -34.37 -33.97 -33.58 -32.39 -31.21 -29.52 -27.83 -25.88 -23.92 -21.82 -19.72 -17.50 -15.27 -12.85 -10.43 -7.71 -5.00 -1.91 1.17 4.59 8.01 11.61 15.21 18.76 22.30 25.54 28.78 31.56 34.35 36.71 39.06 41.20 43.35 45.55 47.76 50.23 52.71 55.41 58.12 60.76 63.41 65.49 67.58 68.61 69.64 69.31 68.98 67.27 65.56 62.76 59.97 56.57 53.18 49.73 46.28 43.22 40.16 37.78 35.39 33.74 32.08 31.02 29.96 29.20 28.45 27.66 26.87 25.76 24.65 23.09
-30.01 -32.87 -34.57 -36.27 -36.77 -37.27 -36.74 -36.22 -34.95 -33.67 -31.96 -30.25 -28.32 -26.40 -24.37 -22.34 -20.21 -18.08 -15.75 -13.42 -10.77 -8.13 -5.10 -2.07 1.32 4.71 8.31 11.91 15.49 19.07 22.39 25.70 28.63 31.55 34.12 36.69 39.13 41.57 44.15 46.74 49.64 52.55 55.72 58.88 61.94 65.00 67.40 69.81 71.03 72.24 71.94 71.63 69.81 67.99 64.99 62.00 58.37 54.74 51.08 47.42 44.21 41.00 38.54 36.07 34.40 32.74 31.70 30.67 29.96 29.25 28.49 27.72 26.61 25.49 23.88
-33.50 -36.31 -37.88 -39.46 -39.82 -40.17 -39.51 -38.86 -37.50 -36.14 -34.40 -32.67 -30.77 -28.87 -26.92 -24.97 -22.92 -20.88 -18.64 -16.40 -13.83 -11.26 -8.28 -5.30 -1.94 1.42 5.02 8.62 12.23 15.84 19.23 22.63 25.69 28.75 31.53 34.32 37.05 39.79 42.75 45.71 49.06 52.40 56.02 59.63 63.11 66.59 69.32 72.05 73.44 74.84 74.56 74.28 72.35 70.42 67.22 64.02 60.16 56.30 52.43 48.56 45.20 41.84 39.29 36.75 35.07 33.39 32.39 31.39 30.72 30.05 29.32 28.58 27.46 26.33 24.66
-37.53 -40.14 -41.45 -42.77 -42.86 -42.95 -42.06 -41.17 -39.67 -38.17 -36.38 -34.59 -32.74 -30.89 -29.05 -27.21 -25.33 -23.44 -21.37 -19.29 -16.88 -14.46 -11.61 -8.76 -5.48 -2.21 1.34 4.90 8.51 12.13 15.59 19.05 22.24 25.44 28.44 31.45 34.49 37.53 40.88 44.23 48.02 51.81 55.90 59.98 63.90 67.81 70.89 73.97 75.59 77.21 77.01 76.80 74.81 72.82 69.46 66.11 62.05 57.99 53.92 49.85 46.34 42.83 40.19 37.55 35.84 34.12 33.14 32.16 31.54 30.93 30.27 29.60 28.55 27.50 25.89
-41.57 -43.97 -45.03 -46.08 -45.90 -45.72 -44.61 -43.49 -41.84 -40.19 -38.35 -36.51 -34.70 -32.90 -31.17 -29.45 -27.73 -26.00 -24.09 -22.18 -19.92 -17.66 -14.93 -12.21 -9.02 -5.84 -2.33 1.18 4.80 8.42 11.94 15.46 18.80 22.13 25.35 28.57 31.92 35.27 39.00 42.74 46.98 51.22 55.78 60.33 64.68 69.03 72.47 75.90 77.74 79.58 79.45 79.32 77.26 75.21 71.70 68.19 63.93 59.67 55.41 51.15 47.48 43.81 41.08 38.35 36.60 34.86 33.89 32.93 32.37 31.81 31.22 30.63 29.65 28.66 27.12
-45.83 -47.91 -48.60 -49.28 -48.73 -48.18 -46.76 -45.34 -43.49 -41.64 -39.73 -37.82 -36.06 -34.30 -32.73 -31.15 -29.62 -28.10 -26.41 -24.73 -22.68 -20.63 -18.08 -15.53 -12.48 -9.43 -6.00 -2.57 1.03 4.63 8.20 11.78 15.23 18.69 22.12 25.55 29.18 32.82 36.93 41.03 45.70 50.37 55.38 60.38 65.16 69.95 73.74 77.53 79.61 81.70 81.68 81.66 79.59 77.53 73.90 70.28 65.85 61.42 56.97 52.52 48.69 44.85 41.99 39.12 37.30 35.48 34.49 33.51 32.99 32.48 31.99 31.50 30.66 29.83 28.45
-50.09 -51.86 -52.17 -52.48 -51.56 -50.64 -48.92 -47.19 -45.14 -43.09 -41.11 -39.12 -37.42 -35.71 -34.28 -32.84 -31.52 -30.20 -28.74 -27.27 -25.43 -23.59 -21.22 -18.86 -15.94 -13.02 -9.67 -6.32 -2.74 0.84 4.47 8.09 11.67 15.25 18.88 22.52 26.45 30.38 34.85 39.33 44.42 49.52 54.98 60.43 65.65 70.86 75.01 79.15 81.48 83.81 83.91 84.00 81.92 79.84 76.10 72.37 67.77 63.17 58.53 53.90 49.89 45.88 42.89 39.90 38.00 36.10 35.10 34.10 33.62 33.15 32.76 32.37 31.68 30.99 29.78
-54.22 -55.59 -55.46 -55.33 -54.00 -52.66 -50.59 -48.52 -46.25 -43.98 -41.91 -39.85 -38.19 -36.53 -35.25 -33.98 -32.87 -31.77 -30.55 -29.34 -27.73 -26.13 -23.97 -21.80 -19.04 -16.28 -13.02 -9.77 -6.22 -2.67 0.99 4.64 8.33 12.02 15.83 19.65 23.83 28.01 32.81 37.61 43.09 48.56 54.43 60.29 65.90 71.51 76.00 80.49 83.07 85.66 85.89 86.13 84.08 82.03 78.22 74.42 69.68 64.94 60.12 55.30 51.10 46.90 43.72 40.55 38.51 36.47 35.40 34.33 33.86 33.40 33.11 32.82 32.32 31.83 30.88
-58.35 -59.33 -58.76 -58.19 -56.43 -54.68 -52.27 -49.86 -47.36 -44.87 -42.72 -40.57 -38.96 -37.36 -36.23 -35.11 -34.23 -33.34 -32.37 -31.40 -30.04 -28.67 -26.71 -24.75 -22.14 -19.53 -16.37 -13.22 -9.70 -6.18 -2.49 1.20 4.99 8.79 12.78 16.78 21.21 25.65 30.78 35.90 41.76 47.61 53.88 60.15 66.16 72.16 76.99 81.82 84.66 87.50 87.88 88.26 86.24 84.21 80.34 76.47 71.59 66.70 61.70 56.70 52.31 47.91 44.56 41.21 39.03 36.85 35.70 34.56 34.10 33.64 33.46 33.27 32.97 32.66 31.98
-61.96 -62.53 -61.52 -60.52 -58.36 -56.19 -53.46 -50.73 -48.03 -45.33 -43.11 -40.89 -39.33 -37.77 -36.80 -35.83 -35.15 -34.48 -33.75 -33.01 -31.87 -30.73 -28.97 -27.21 -24.75 -22.29 -19.23 -16.17 -12.69 -9.21 -5.49 -1.78 2.10 5.97 10.11 14.25 18.89 23.54 28.92 34.31 40.47 46.64 53.25 59.85 66.20 72.54 77.68 82.82 85.91 89.00 89.54 90.09 88.14 86.20 82.30 78.41 73.43 68.44 63.27 58.10 53.49 48.88 45.31 41.73 39.35 36.97 35.68 34.39 33.89 33.39 33.28 33.18 33.08 32.98 32.61
-65.57 -65.73 -64.29 -62.85 -60.28 -57.71 -54.66 -51.60 -48.70 -45.79 -43.50 -41.20 -39.70 -38.19 -37.37 -36.54 -36.08 -35.62 -35.12 -34.62 -33.71 -32.80 -31.23 -29.67 -27.36 -25.05 -22.09 -19.12 -15.68 -12.23 -8.50 -4.76 -0.80 3.15 7.44 11.72 16.57 21.42 27.07 32.72 39.19 45.66 52.61 59.56 66.24 72.92 78.37 83.82 87.16 90.49 91.21 91.92 90.05 88.18 84.27 80.35 75.27 70.18 64.84 59.50 54.68 49.86 46.06 42.26 39.68 37.09 35.66 34.23 33.68 33.14 33.11 33.08 33.19 33.30 33.24
-68.32 -68.12 -66.32 -64.53 -61.64 -58.76 -55.46 -52.17 -49.12 -46.07 -43.73 -41.40 -39.95 -38.51 -37.82 -37.13 -36.84 -36.56 -36.26 -35.95 -35.23 -34.51 -33.11 -31.70 -29.52 -27.34 -24.45 -21.57 -18.16 -14.75 -11.00 -7.26 -3.24 0.77 5.16 9.54 14.54 19.53 25.37 31.21 37.91 44.61 51.81 59.01 65.97 72.92 78.63 84.35 87.93 91.51 92.41 93.32 91.57 89.83 85.96 82.09 76.96 71.83 66.36 60.89 55.86 50.84 46.80 42.75 39.92 37.09 35.45 33.81 33.16 32.50 32.50 32.50 32.79 33.07 33.33
