test/esri_led_0/synt_tma_2400m_led_0.esri
nrows             510
ncols             462
xllcorner      398000.00
yllcorner     7846000.00
cellsize          500.00
NODATA_value    -9999
[rows 256 to 287 of 510, columns 296 to 369 of 462]
36.42 37.38 38.33 40.15 41.97 44.69 47.42 51.02 54.61 58.94 63.26 68.12 72.98 78.10 83.22 88.32 93.41 98.21 103.01 107.27 111.54 115.07 118.60 121.19 123.79 125.29 126.80 127.12 127.44 126.53 125.62 123.47 121.31 117.98 114.66 110.37 106.09 101.13 96.18 90.89 85.59 80.30 75.00 70.08 65.16 61.01 56.85 53.81 50.78 49.15 47.53 47.55 47.58 49.38 51.19 54.81 58.43 63.73 69.03 75.67 82.32 89.81 97.31 105.02 112.73 120.02 127.31 133.57 139.82 144.47 149.12 151.70 154.28 154.60
37.97 39.11 40.25 42.22 44.20 47.05 49.90 53.59 57.27 61.67 66.07 70.99 75.92 81.12 86.32 91.52 96.72 101.66 106.59 111.03 115.46 119.18 122.90 125.68 128.46 130.13 131.80 132.26 132.72 131.90 131.07 128.95 126.82 123.46 120.09 115.70 111.31 106.19 101.07 95.55 90.04 84.47 78.91 73.70 68.48 64.02 59.56 56.22 52.89 50.98 49.07 48.80 48.54 50.07 51.60 54.93 58.26 63.26 68.26 74.60 80.94 88.12 95.31 102.73 110.16 117.19 124.23 130.28 136.33 140.84 145.34 147.85 150.36 150.69
39.20 40.56 41.92 44.08 46.23 49.23 52.22 56.00 59.78 64.24 68.70 73.66 78.63 83.87 89.11 94.36 99.62 104.63 109.64 114.17 118.71 122.54 126.36 129.25 132.14 133.90 135.67 136.19 136.71 135.92 135.12 132.98 130.83 127.40 123.98 119.48 114.97 109.70 104.43 98.73 93.02 87.25 81.47 76.02 70.57 65.86 61.15 57.56 53.97 51.80 49.62 49.08 48.54 49.76 50.98 53.97 56.96 61.58 66.21 72.14 78.08 84.86 91.64 98.68 105.72 112.42 119.13 124.92 130.71 135.05 139.40 141.86 144.32 144.70
40.44 42.01 43.59 45.93 48.27 51.40 54.53 58.41 62.29 66.81 71.33 76.33 81.34 86.62 91.90 97.20 102.51 107.60 112.69 117.32 121.95 125.89 129.83 132.82 135.82 137.68 139.53 140.12 140.70 139.93 139.17 137.00 134.84 131.35 127.86 123.25 118.64 113.22 107.79 101.90 96.01 90.02 84.03 78.34 72.66 67.70 62.75 58.90 55.06 52.62 50.18 49.36 48.54 49.45 50.36 53.01 55.66 59.91 64.15 69.69 75.22 81.59 87.96 94.62 101.28 107.65 114.03 119.56 125.09 129.27 133.45 135.86 138.27 138.72
41.50 43.31 45.11 47.64 50.17 53.44 56.71 60.67 64.63 69.18 73.74 78.75 83.75 89.02 94.29 99.58 104.88 109.96 115.05 119.69 124.33 128.29 132.24 135.25 138.26 140.12 141.98 142.55 143.12 142.32 141.52 139.30 137.08 133.50 129.93 125.21 120.49 114.95 109.40 103.37 97.35 91.21 85.07 79.22 73.38 68.26 63.13 59.10 55.07 52.42 49.77 48.70 47.64 48.25 48.87 51.17 53.46 57.30 61.13 66.21 71.30 77.21 83.12 89.34 95.56 101.55 107.55 112.80 118.04 122.05 126.06 128.44 130.81 131.37
42.57 44.60 46.63 49.35 52.06 55.47 58.88 62.92 66.97 71.56 76.15 81.16 86.17 91.42 96.67 101.96 107.24 112.32 117.41 122.06 126.71 130.69 134.66 137.68 140.71 142.57 144.43 144.99 145.55 144.71 143.87 141.59 139.31 135.65 132.00 127.17 122.35 116.68 111.01 104.85 98.68 92.39 86.11 80.11 74.10 68.81 63.52 59.30 55.09 52.23 49.37 48.05 46.74 47.06 47.38 49.32 51.26 54.68 58.11 62.74 67.37 72.82 78.27 84.05 89.83 95.45 101.07 106.03 110.99 114.83 118.67 121.02 123.36 124.02
43.67 45.91 48.16 51.04 53.93 57.45 60.97 65.07 69.16 73.74 78.32 83.28 88.23 93.40 98.58 103.76 108.95 113.94 118.93 123.49 128.06 131.94 135.83 138.77 141.72 143.49 145.27 145.74 146.20 145.27 144.34 141.97 139.60 135.85 132.10 127.19 122.28 116.52 110.77 104.53 98.29 91.93 85.57 79.50 73.44 68.06 62.69 58.38 54.06 51.07 48.07 46.57 45.06 45.13 45.19 46.80 48.42 51.44 54.46 58.63 62.81 67.78 72.75 78.09 83.42 88.64 93.87 98.54 103.21 106.88 110.56 112.88 115.20 115.99
44.78 47.23 49.68 52.74 55.80 59.44 63.07 67.21 71.35 75.92 80.50 85.40 90.30 95.39 100.48 105.57 110.67 115.56 120.45 124.93 129.40 133.20 137.01 139.86 142.72 144.41 146.10 146.48 146.86 145.84 144.81 142.35 139.89 136.05 132.20 127.20 122.20 116.37 110.53 104.21 97.90 91.47 85.04 78.90 72.77 67.32 61.87 57.45 53.04 49.91 46.78 45.08 43.39 43.20 43.01 44.29 45.57 48.19 50.81 54.53 58.25 62.75 67.24 72.12 77.00 81.83 86.67 91.05 95.42 98.93 102.44 104.74 107.04 107.97
46.18 48.81 51.43 54.62 57.80 61.49 65.17 69.30 73.43 77.93 82.42 87.19 91.97 96.89 101.81 106.72 111.62 116.32 121.02 125.30 129.58 133.19 136.81 139.49 142.18 143.70 145.23 145.46 145.68 144.53 143.37 140.80 138.22 134.30 130.37 125.31 120.25 114.38 108.51 102.18 95.86 89.44 83.02 76.91 70.79 65.36 59.92 55.50 51.07 47.89 44.70 42.90 41.09 40.71 40.34 41.34 42.35 44.61 46.87 50.17 53.47 57.52 61.57 66.01 70.45 74.91 79.37 83.46 87.55 90.90 94.25 96.54 98.82 99.88
47.58 50.38 53.18 56.49 59.79 63.54 67.28 71.40 75.52 79.93 84.35 88.99 93.63 98.39 103.14 107.86 112.58 117.08 121.58 125.67 129.76 133.19 136.61 139.12 141.63 142.99 144.35 144.43 144.51 143.22 141.93 139.24 136.56 132.55 128.54 123.42 118.30 112.39 106.49 100.15 93.82 87.41 81.01 74.91 68.81 63.39 57.97 53.54 49.11 45.87 42.63 40.72 38.80 38.23 37.66 38.39 39.13 41.03 42.93 45.81 48.69 52.29 55.89 59.90 63.91 67.99 72.07 75.88 79.68 82.87 86.06 88.33 90.61 91.79
49.53 52.44 55.35 58.70 62.05 65.77 69.49 73.50 77.52 81.77 86.01 90.43 94.84 99.33 103.82 108.25 112.67 116.88 121.08 124.88 128.67 131.82 134.97 137.22 139.47 140.61 141.75 141.64 141.52 140.08 138.65 135.85 133.06 128.99 124.92 119.78 114.64 108.76 102.88 96.60 90.32 84.00 77.69 71.69 65.70 60.38 55.06 50.70 46.34 43.14 39.93 37.99 36.04 35.36 34.69 35.22 35.76 37.38 39.00 41.53 44.06 47.27 50.48 54.10 57.73 61.47 65.21 68.75 72.29 75.33 78.36 80.61 82.86 84.16
51.48 54.49 57.51 60.90 64.30 68.00 71.69 75.60 79.52 83.60 87.67 91.86 96.05 100.27 104.49 108.63 112.77 116.67 120.58 124.08 127.58 130.45 133.32 135.32 137.32 138.23 139.15 138.84 138.54 136.95 135.36 132.46 129.56 125.43 121.30 116.14 110.98 105.12 99.26 93.04 86.83 80.60 74.37 68.47 62.58 57.36 52.14 47.86 43.58 40.41 37.24 35.26 33.28 32.50 31.71 32.05 32.39 33.73 35.07 37.25 39.42 42.24 45.07 48.31 51.55 54.95 58.35 61.63 64.91 67.78 70.66 72.88 75.11 76.52
54.11 57.15 60.18 63.52 66.87 70.43 74.00 77.70 81.41 85.21 89.01 92.86 96.72 100.57 104.42 108.17 111.91 115.42 118.93 122.05 125.16 127.68 130.20 131.88 133.57 134.22 134.87 134.36 133.85 132.12 130.38 127.40 124.42 120.26 116.10 110.98 105.86 100.08 94.30 88.21 82.11 76.04 69.97 64.25 58.53 53.48 48.43 44.30 40.17 37.11 34.05 32.12 30.20 29.40 28.59 28.82 29.06 30.21 31.36 33.28 35.19 37.71 40.23 43.16 46.08 49.19 52.30 55.34 58.38 61.11 63.83 66.01 68.19 69.66
56.75 59.80 62.85 66.15 69.44 72.87 76.30 79.80 83.30 86.83 90.35 93.87 97.39 100.87 104.35 107.70 111.05 114.17 117.28 120.01 122.74 124.91 127.07 128.44 129.81 130.20 130.59 129.88 129.16 127.28 125.40 122.33 119.27 115.09 110.91 105.82 100.73 95.03 89.34 83.37 77.40 71.49 65.57 60.02 54.48 49.60 44.73 40.74 36.76 33.81 30.86 28.99 27.12 26.29 25.47 25.60 25.72 26.68 27.65 29.31 30.96 33.18 35.40 38.01 40.62 43.43 46.25 49.05 51.86 54.43 57.00 59.13 61.26 62.80
60.01 62.99 65.97 69.10 72.23 75.43 78.62 81.81 84.99 88.13 91.27 94.36 97.45 100.46 103.47 106.34 109.21 111.85 114.48 116.76 119.04 120.79 122.54 123.56 124.58 124.69 124.80 123.88 122.96 120.96 118.95 115.84 112.72 108.57 104.41 99.41 94.41 88.86 83.31 77.52 71.74 66.04 60.33 55.02 49.70 45.06 40.41 36.64 32.87 30.09 27.32 25.57 23.83 23.06 22.30 22.41 22.53 23.40 24.27 25.77 27.27 29.27 31.28 33.65 36.02 38.59 41.16 43.76 46.35 48.77 51.18 53.24 55.29 56.83
63.27 66.18 69.08 72.05 75.03 77.99 80.94 83.81 86.68 89.44 92.20 94.85 97.50 100.05 102.59 104.98 107.37 109.52 111.68 113.51 115.33 116.67 118.01 118.68 119.35 119.17 119.00 117.88 116.76 114.63 112.50 109.34 106.18 102.05 97.92 93.00 88.09 82.68 77.27 71.67 66.07 60.59 55.10 50.01 44.93 40.51 36.09 32.53 28.97 26.37 23.78 22.16 20.54 19.83 19.13 19.23 19.33 20.11 20.89 22.23 23.57 25.36 27.15 29.28 31.41 33.75 36.08 38.46 40.85 43.11 45.37 47.34 49.32 50.86
66.88 69.62 72.36 75.09 77.82 80.45 83.07 85.54 88.00 90.30 92.60 94.74 96.89 98.89 100.90 102.75 104.59 106.23 107.86 109.18 110.51 111.41 112.31 112.61 112.91 112.46 112.01 110.70 109.40 107.17 104.94 101.77 98.60 94.54 90.48 85.71 80.93 75.71 70.49 65.12 59.75 54.52 49.29 44.47 39.65 35.50 31.35 28.04 24.74 22.37 20.00 18.56 17.12 16.55 15.97 16.14 16.30 17.08 17.85 19.12 20.38 22.05 23.71 25.67 27.62 29.76 31.90 34.09 36.28 38.38 40.48 42.35 44.21 45.71
70.48 73.07 75.65 78.13 80.61 82.90 85.20 87.26 89.33 91.16 93.00 94.63 96.27 97.74 99.21 100.52 101.82 102.93 104.03 104.86 105.69 106.15 106.60 106.54 106.47 105.74 105.02 103.52 102.03 99.71 97.39 94.21 91.02 87.03 83.04 78.41 73.77 68.74 63.71 58.57 53.43 48.45 43.47 38.93 34.38 30.50 26.61 23.56 20.50 18.36 16.21 14.96 13.71 13.27 12.82 13.05 13.28 14.04 14.81 16.00 17.20 18.73 20.27 22.05 23.83 25.78 27.72 29.72 31.72 33.66 35.60 37.35 39.11 40.56
73.96 76.33 78.69 80.86 83.03 84.94 86.84 88.46 90.07 91.40 92.73 93.83 94.92 95.84 96.75 97.50 98.24 98.81 99.37 99.70 100.03 100.05 100.06 99.64 99.22 98.23 97.24 95.59 93.93 91.54 89.16 86.00 82.84 78.96 75.07 70.61 66.15 61.34 56.53 51.65 46.76 42.06 37.36 33.10 28.84 25.25 21.65 18.87 16.09 14.20 12.31 11.27 10.24 9.97 9.70 10.05 10.40 11.22 12.04 13.23 14.42 15.88 17.34 19.00 20.66 22.44 24.22 26.05 27.87 29.64 31.41 33.03 34.65 36.01
77.44 79.58 81.73 83.59 85.45 86.97 88.49 89.65 90.81 91.64 92.47 93.02 93.58 93.93 94.29 94.47 94.66 94.69 94.71 94.54 94.37 93.95 93.52 92.74 91.96 90.71 89.46 87.65 85.83 83.38 80.93 77.80 74.66 70.88 67.10 62.81 58.52 53.94 49.35 44.73 40.10 35.68 31.25 27.28 23.31 20.00 16.69 14.18 11.68 10.04 8.40 7.59 6.78 6.68 6.58 7.05 7.52 8.40 9.28 10.46 11.63 13.03 14.42 15.96 17.49 19.11 20.73 22.37 24.02 25.62 27.22 28.71 30.19 31.47
80.29 82.18 84.06 85.58 87.10 88.21 89.33 90.03 90.74 91.07 91.39 91.42 91.45 91.27 91.09 90.74 90.40 89.91 89.42 88.78 88.15 87.32 86.49 85.38 84.27 82.79 81.32 79.37 77.42 74.94 72.45 69.37 66.29 62.64 59.00 54.90 50.80 46.46 42.11 37.75 33.39 29.25 25.12 21.43 17.75 14.72 11.69 9.46 7.24 5.85 4.47 3.89 3.31 3.41 3.51 4.13 4.74 5.71 6.69 7.90 9.11 10.47 11.83 13.27 14.71 16.19 17.66 19.14 20.61 22.04 23.47 24.81 26.14 27.30
83.14 84.77 86.39 87.57 88.75 89.46 90.17 90.42 90.66 90.49 90.32 89.82 89.33 88.61 87.88 87.01 86.13 85.13 84.14 83.03 81.92 80.69 79.45 78.02 76.59 74.88 73.17 71.09 69.02 66.49 63.97 60.95 57.92 54.40 50.89 46.99 43.08 38.98 34.87 30.78 26.69 22.83 18.98 15.58 12.19 9.44 6.70 4.75 2.79 1.67 0.55 0.20 -0.15 0.15 0.44 1.21 1.97 3.03 4.10 5.34 6.58 7.91 9.23 10.58 11.93 13.26 14.60 15.90 17.20 18.46 19.72 20.90 22.09 23.14
84.97 86.31 87.66 88.50 89.34 89.66 89.98 89.79 89.60 88.97 88.34 87.37 86.40 85.20 84.00 82.65 81.30 79.86 78.42 76.90 75.38 73.80 72.21 70.50 68.80 66.90 65.00 62.83 60.66 58.14 55.61 52.66 49.72 46.35 42.99 39.29 35.60 31.74 27.88 24.05 20.23 16.65 13.07 9.95 6.83 4.36 1.88 0.19 -1.51 -2.39 -3.27 -3.40 -3.52 -3.03 -2.54 -1.63 -0.72 0.45 1.62 2.91 4.20 5.51 6.83 8.10 9.37 10.57 11.77 12.91 14.04 15.13 16.21 17.24 18.27 19.21
86.79 87.86 88.93 89.43 89.93 89.86 89.78 89.16 88.54 87.45 86.36 84.92 83.47 81.79 80.11 78.29 76.48 74.59 72.69 70.77 68.85 66.91 64.97 62.99 61.01 58.92 56.84 54.58 52.31 49.78 47.25 44.38 41.52 38.30 35.09 31.60 28.12 24.50 20.89 17.33 13.77 10.47 7.17 4.32 1.48 -0.73 -2.93 -4.37 -5.81 -6.45 -7.09 -6.99 -6.89 -6.21 -5.53 -4.47 -3.40 -2.12 -0.85 0.49 1.82 3.12 4.42 5.61 6.81 7.88 8.95 9.92 10.89 11.80 12.71 13.59 14.46 15.28
87.40 88.19 88.98 89.16 89.33 88.90 88.46 87.46 86.45 84.97 83.48 81.64 79.79 77.71 75.64 73.43 71.23 68.97 66.72 64.46 62.21 59.99 57.78 55.59 53.39 51.18 48.96 46.65 44.33 41.83 39.32 36.56 33.80 30.76 27.72 24.45 21.18 17.81 14.45 11.15 7.85 4.81 1.77 -0.83 -3.42 -5.39 -7.36 -8.57 -9.79 -10.21 -10.64 -10.35 -10.06 -9.21 -8.36 -7.15 -5.95 -4.57 -3.20 -1.82 -0.43 0.86 2.15 3.27 4.40 5.35 6.30 7.11 7.93 8.67 9.42 10.15 10.88 11.58
88.00 88.52 89.03 88.88 88.73 87.93 87.14 85.75 84.37 82.49 80.61 78.36 76.11 73.64 71.16 68.57 65.98 63.36 60.74 58.16 55.58 53.08 50.59 48.18 45.78 43.43 41.08 38.71 36.35 33.87 31.40 28.74 26.09 23.21 20.34 17.29 14.24 11.13 8.01 4.97 1.93 -0.85 -3.63 -5.97 -8.32 -10.05 -11.78 -12.77 -13.76 -13.97 -14.19 -13.70 -13.22 -12.20 -11.18 -9.84 -8.49 -7.02 -5.55 -4.12 -2.69 -1.40 -0.12 0.94 1.99 2.82 3.65 4.31 4.97 5.55 6.13 6.71 7.29 7.89
87.37 87.61 87.85 87.40 86.95 85.84 84.73 83.03 81.32 79.12 76.92 74.35 71.79 69.01 66.23 63.35 60.47 57.58 54.69 51.88 49.06 46.37 43.68 41.14 38.60 36.18 33.76 31.38 29.01 26.61 24.20 21.68 19.16 16.47 13.79 10.97 8.15 5.28 2.41 -0.37 -3.16 -5.70 -8.24 -10.37 -12.49 -14.02 -15.55 -16.36 -17.17 -17.23 -17.28 -16.65 -16.01 -14.86 -13.71 -12.26 -10.81 -9.26 -7.71 -6.24 -4.76 -3.49 -2.21 -1.21 -0.21 0.51 1.24 1.76 2.28 2.72 3.15 3.61 4.06 4.56
86.73 86.70 86.67 85.92 85.18 83.75 82.33 80.30 78.27 75.75 73.23 70.35 67.47 64.39 61.30 58.13 54.96 51.81 48.65 45.60 42.54 39.66 36.78 34.10 31.42 28.92 26.43 24.06 21.68 19.34 17.00 14.61 12.22 9.73 7.24 4.65 2.06 -0.56 -3.18 -5.71 -8.25 -10.55 -12.85 -14.76 -16.66 -18.00 -19.33 -19.96 -20.59 -20.48 -20.37 -19.59 -18.81 -17.53 -16.25 -14.69 -13.13 -11.50 -9.87 -8.36 -6.84 -5.57 -4.30 -3.36 -2.42 -1.80 -1.18 -0.79 -0.41 -0.12 0.17 0.50 0.82 1.24
84.94 84.65 84.36 83.35 82.34 80.66 78.97 76.69 74.41 71.65 68.89 65.79 62.69 59.40 56.11 52.75 49.39 46.07 42.75 39.56 36.37 33.38 30.40 27.66 24.92 22.42 19.92 17.60 15.27 13.04 10.81 8.58 6.35 4.07 1.79 -0.56 -2.91 -5.28 -7.65 -9.94 -12.23 -14.32 -16.41 -18.13 -19.85 -21.04 -22.22 -22.72 -23.23 -23.01 -22.80 -21.93 -21.06 -19.70 -18.34 -16.71 -15.09 -13.41 -11.73 -10.19 -8.65 -7.38 -6.12 -5.22 -4.32 -3.78 -3.25 -2.97 -2.69 -2.51 -2.33 -2.10 -1.87 -1.52
83.15 82.60 82.06 80.78 79.51 77.56 75.62 73.08 70.55 67.55 64.55 61.23 57.91 54.41 50.91 47.37 43.83 40.34 36.85 33.53 30.20 27.11 24.02 21.23 18.43 15.92 13.41 11.13 8.86 6.73 4.61 2.55 0.48 -1.59 -3.66 -5.77 -7.88 -10.00 -12.11 -14.17 -16.22 -18.10 -19.97 -21.51 -23.05 -24.08 -25.11 -25.49 -25.87 -25.55 -25.23 -24.27 -23.31 -21.87 -20.43 -18.74 -17.05 -15.32 -13.59 -12.02 -10.45 -9.20 -7.94 -7.08 -6.23 -5.77 -5.31 -5.14 -4.97 -4.90 -4.83 -4.70 -4.57 -4.28
80.42 79.63 78.84 77.35 75.85 73.69 71.54 68.83 66.11 62.96 59.81 56.36 52.90 49.30 45.70 42.08 38.45 34.91 31.37 28.01 24.64 21.55 18.45 15.68 12.90 10.45 8.00 5.83 3.65 1.67 -0.31 -2.18 -4.06 -5.91 -7.75 -9.61 -11.47 -13.34 -15.21 -17.04 -18.87 -20.56 -22.25 -23.65 -25.04 -25.97 -26.90 -27.22 -27.54 -27.18 -26.81 -25.83 -24.84 -23.39 -21.93 -20.22 -18.51 -16.77 -15.02 -13.44 -11.86 -10.60 -9.35 -8.52 -7.69 -7.29 -6.88 -6.78 -6.68 -6.68 -6.69 -6.62 -6.54 -6.29
77.68 76.66 75.63 73.91 72.19 69.83 67.47 64.57 61.68 58.37 55.06 51.48 47.90 44.20 40.49 36.79 33.08 29.48 25.88 22.49 19.09 15.98 12.88 10.13 7.38 4.99 2.59 0.52 -1.56 -3.39 -5.23 -6.91 -8.60 -10.22 -11.84 -13.45 -15.06 -16.69 -18.31 -19.92 -21.52 -23.03 -24.53 -25.79 -27.04 -27.87 -28.70 -28.95 -29.20 -28.80 -28.40 -27.39 -26.38 -24.90 -23.43 -21.70 -19.97 -18.21 -16.45 -14.85 -13.26 -12.01 -10.76 -9.96 -9.16 -8.81 -8.46 -8.42 -8.39 -8.47 -8.54 -8.53 -8.52 -8.30
