test/esri_led_0/synt_tma_0m_led_0.esri
nrows             510
ncols             462
xllcorner      398000.00
yllcorner     7846000.00
cellsize          500.00
NODATA_value    -9999
[rows 429 to 461 of 510, columns 375 to 449 of 462]
-18.88 -19.22 -17.40 -15.58 -11.68 -7.78 -2.21 3.36 9.99 16.62 23.61 30.60 37.34 44.07 50.07 56.07 61.03 65.99 69.83 73.66 76.43 79.20 81.08 82.97 84.17 85.37 86.05 86.73 86.95 87.17 86.92 86.66 85.88 85.10 83.74 82.38 80.46 78.53 76.14 73.74 71.03 68.33 65.55 62.77 60.19 57.61 55.47 53.33 51.80 50.27 49.40 48.53 48.23 47.92 47.97 48.02 48.19 48.35 48.39 48.44 48.21 47.99 47.44 46.90 46.08 45.26 44.29 43.32 42.36 41.41 40.62 39.83 39.28 38.74 38.42
-21.48 -21.89 -20.19 -18.49 -14.76 -11.02 -5.63 -0.25 6.20 12.65 19.49 26.34 32.99 39.63 45.62 51.60 56.65 61.69 65.68 69.67 72.67 75.67 77.81 79.96 81.43 82.90 83.82 84.74 85.16 85.58 85.48 85.38 84.70 84.02 82.74 81.45 79.58 77.70 75.34 72.97 70.30 67.63 64.89 62.15 59.62 57.09 55.01 52.94 51.50 50.06 49.29 48.52 48.33 48.14 48.32 48.51 48.80 49.10 49.29 49.47 49.40 49.32 48.92 48.53 47.86 47.20 46.39 45.58 44.78 43.98 43.35 42.71 42.31 41.90 41.70
-24.08 -24.55 -22.98 -21.41 -17.84 -14.27 -9.06 -3.86 2.41 8.68 15.38 22.08 28.63 35.19 41.17 47.14 52.26 57.38 61.53 65.69 68.91 72.14 74.55 76.96 78.69 80.42 81.58 82.75 83.36 83.98 84.04 84.09 83.52 82.95 81.74 80.52 78.69 76.87 74.54 72.21 69.56 66.92 64.22 61.52 59.04 56.56 54.56 52.55 51.20 49.84 49.18 48.51 48.44 48.37 48.68 48.99 49.42 49.86 50.18 50.51 50.58 50.65 50.40 50.16 49.65 49.14 48.49 47.84 47.20 46.56 46.08 45.59 45.33 45.06 44.98
-26.07 -26.51 -25.03 -23.54 -20.16 -16.77 -11.81 -6.86 -0.85 5.15 11.62 18.08 24.47 30.87 36.77 42.68 47.84 53.00 57.30 61.59 65.03 68.47 71.13 73.79 75.77 77.76 79.14 80.52 81.31 82.11 82.29 82.47 82.00 81.53 80.40 79.26 77.51 75.75 73.50 71.24 68.69 66.14 63.53 60.93 58.55 56.18 54.28 52.38 51.13 49.88 49.31 48.75 48.77 48.79 49.18 49.58 50.11 50.63 51.06 51.49 51.67 51.85 51.74 51.63 51.27 50.92 50.44 49.97 49.52 49.07 48.78 48.49 48.41 48.34 48.41
-28.06 -28.48 -27.08 -25.68 -22.48 -19.28 -14.57 -9.86 -4.12 1.62 7.85 14.08 20.31 26.54 32.38 38.22 43.42 48.63 53.06 57.50 61.15 64.80 67.71 70.62 72.86 75.09 76.69 78.29 79.26 80.23 80.54 80.86 80.49 80.11 79.06 78.00 76.32 74.64 72.46 70.28 67.82 65.35 62.84 60.33 58.06 55.79 54.00 52.21 51.06 49.91 49.45 48.98 49.09 49.20 49.69 50.18 50.79 51.41 51.94 52.46 52.76 53.05 53.07 53.09 52.89 52.70 52.40 52.09 51.84 51.58 51.49 51.40 51.50 51.61 51.84
-29.60 -29.89 -28.53 -27.17 -24.16 -21.14 -16.72 -12.29 -6.87 -1.46 4.48 10.41 16.42 22.43 28.15 33.88 39.09 44.29 48.84 53.39 57.23 61.07 64.20 67.33 69.79 72.24 74.03 75.82 76.94 78.05 78.48 78.91 78.63 78.35 77.39 76.42 74.83 73.25 71.19 69.13 66.79 64.46 62.09 59.73 57.60 55.47 53.81 52.15 51.11 50.08 49.69 49.31 49.48 49.66 50.19 50.73 51.39 52.05 52.64 53.23 53.61 53.99 54.14 54.28 54.25 54.21 54.11 54.01 53.98 53.95 54.09 54.24 54.58 54.91 55.34
-31.14 -31.30 -29.98 -28.66 -25.83 -23.01 -18.87 -14.73 -9.63 -4.54 1.10 6.74 12.53 18.31 23.93 29.54 34.75 39.96 44.62 49.28 53.30 57.33 60.69 64.04 66.72 69.39 71.37 73.35 74.61 75.88 76.42 76.96 76.78 76.59 75.71 74.83 73.35 71.86 69.92 67.97 65.77 63.57 61.35 59.13 57.14 55.15 53.63 52.10 51.17 50.24 49.94 49.64 49.88 50.11 50.69 51.28 51.99 52.70 53.35 53.99 54.46 54.93 55.20 55.47 55.60 55.72 55.82 55.92 56.12 56.32 56.70 57.08 57.65 58.22 58.84
-32.39 -32.35 -31.04 -29.72 -27.07 -24.43 -20.59 -16.75 -12.00 -7.26 -1.95 3.36 8.89 14.42 19.89 25.36 30.54 35.72 40.46 45.19 49.37 53.54 57.08 60.62 63.48 66.33 68.47 70.60 72.00 73.39 74.03 74.67 74.58 74.48 73.70 72.92 71.56 70.20 68.40 66.60 64.57 62.53 60.49 58.44 56.63 54.81 53.42 52.03 51.21 50.39 50.15 49.92 50.18 50.45 51.04 51.63 52.36 53.08 53.76 54.44 54.99 55.53 55.92 56.31 56.62 56.92 57.24 57.57 58.03 58.48 59.14 59.79 60.62 61.45 62.31
-33.64 -33.41 -32.09 -30.78 -28.31 -25.84 -22.31 -18.77 -14.37 -9.97 -5.00 -0.02 5.26 10.53 15.85 21.17 26.33 31.48 36.29 41.10 45.43 49.75 53.48 57.20 60.24 63.28 65.57 67.86 69.38 70.89 71.63 72.38 72.37 72.37 71.69 71.01 69.77 68.53 66.88 65.24 63.37 61.50 59.63 57.76 56.11 54.46 53.22 51.97 51.25 50.53 50.36 50.19 50.49 50.78 51.39 51.99 52.73 53.46 54.18 54.90 55.51 56.13 56.64 57.16 57.64 58.12 58.67 59.21 59.93 60.65 61.58 62.50 63.60 64.69 65.77
-34.72 -34.27 -32.95 -31.63 -29.33 -27.03 -23.79 -20.55 -16.51 -12.46 -7.82 -3.18 1.83 6.84 12.00 17.16 22.25 27.35 32.20 37.05 41.48 45.92 49.78 53.64 56.82 60.00 62.42 64.83 66.45 68.06 68.89 69.72 69.81 69.91 69.34 68.78 67.68 66.59 65.11 63.64 61.96 60.29 58.61 56.94 55.47 54.00 52.90 51.80 51.18 50.55 50.43 50.30 50.60 50.90 51.49 52.08 52.80 53.53 54.26 55.00 55.68 56.36 57.01 57.65 58.32 58.99 59.78 60.57 61.57 62.56 63.78 65.00 66.37 67.74 69.06
-35.81 -35.14 -33.81 -32.47 -30.35 -28.22 -25.28 -22.34 -18.64 -14.95 -10.65 -6.34 -1.60 3.15 8.14 13.14 18.18 23.22 28.11 33.00 37.54 42.08 46.08 50.09 53.40 56.72 59.26 61.80 63.52 65.23 66.15 67.07 67.26 67.44 67.00 66.55 65.59 64.64 63.34 62.04 60.55 59.07 57.60 56.12 54.83 53.54 52.58 51.63 51.10 50.57 50.49 50.41 50.71 51.02 51.59 52.17 52.88 53.59 54.35 55.10 55.85 56.60 57.37 58.14 59.00 59.86 60.90 61.93 63.21 64.48 65.99 67.50 69.15 70.79 72.34
-36.78 -35.93 -34.59 -33.26 -31.30 -29.35 -26.69 -24.03 -20.68 -17.32 -13.33 -9.34 -4.85 -0.36 4.47 9.29 14.26 19.23 24.13 29.02 33.62 38.22 42.31 46.41 49.82 53.24 55.86 58.49 60.29 62.09 63.09 64.09 64.38 64.66 64.34 64.02 63.23 62.44 61.33 60.21 58.94 57.67 56.40 55.14 54.03 52.92 52.11 51.29 50.85 50.41 50.37 50.32 50.61 50.90 51.45 51.99 52.68 53.38 54.14 54.91 55.72 56.54 57.44 58.34 59.40 60.45 61.73 63.01 64.57 66.12 67.91 69.71 71.62 73.53 75.30
-37.75 -36.71 -35.38 -34.05 -32.26 -30.48 -28.10 -25.73 -22.71 -19.68 -16.01 -12.34 -8.11 -3.87 0.79 5.45 10.34 15.24 20.14 25.04 29.70 34.36 38.55 42.73 46.24 49.75 52.46 55.18 57.06 58.94 60.02 61.11 61.49 61.88 61.69 61.49 60.86 60.23 59.31 58.39 57.33 56.27 55.21 54.15 53.23 52.31 51.63 50.96 50.61 50.26 50.24 50.22 50.51 50.79 51.30 51.82 52.49 53.16 53.94 54.72 55.60 56.48 57.52 58.55 59.80 61.04 62.57 64.10 65.93 67.76 69.84 71.92 74.09 76.26 78.25
-38.58 -37.44 -36.15 -34.86 -33.25 -31.64 -29.53 -27.42 -24.69 -21.96 -18.58 -15.19 -11.18 -7.18 -2.67 1.83 6.63 11.44 16.31 21.19 25.86 30.54 34.76 38.99 42.55 46.11 48.88 51.66 53.60 55.55 56.71 57.88 58.37 58.86 58.80 58.75 58.29 57.84 57.12 56.40 55.56 54.72 53.87 53.02 52.29 51.55 51.02 50.49 50.22 49.95 49.97 49.98 50.25 50.51 51.00 51.48 52.12 52.77 53.56 54.36 55.31 56.26 57.41 58.57 60.00 61.43 63.18 64.94 67.02 69.10 71.43 73.76 76.15 78.55 80.72
-39.41 -38.17 -36.92 -35.68 -34.24 -32.80 -30.95 -29.10 -26.67 -24.24 -21.14 -18.03 -14.26 -10.48 -6.14 -1.80 2.92 7.64 12.49 17.33 22.02 26.72 30.98 35.25 38.86 42.48 45.31 48.13 50.14 52.15 53.40 54.64 55.24 55.83 55.92 56.00 55.72 55.44 54.93 54.42 53.79 53.16 52.53 51.90 51.35 50.80 50.41 50.02 49.84 49.65 49.69 49.73 49.98 50.24 50.69 51.14 51.76 52.39 53.19 54.00 55.01 56.03 57.31 58.59 60.20 61.82 63.80 65.78 68.11 70.44 73.02 75.60 78.22 80.83 83.18
-40.05 -38.81 -37.66 -36.51 -35.24 -33.98 -32.36 -30.75 -28.57 -26.39 -23.52 -20.65 -17.07 -13.49 -9.30 -5.10 -0.49 4.13 8.92 13.70 18.36 23.03 27.29 31.54 35.17 38.80 41.66 44.52 46.58 48.64 49.96 51.29 51.99 52.70 52.94 53.17 53.07 52.98 52.67 52.37 51.96 51.55 51.13 50.71 50.35 49.98 49.73 49.49 49.39 49.29 49.36 49.43 49.68 49.92 50.35 50.77 51.38 51.98 52.80 53.62 54.69 55.77 57.16 58.55 60.31 62.08 64.24 66.41 68.94 71.47 74.24 77.00 79.78 82.57 85.03
-40.69 -39.45 -38.40 -37.34 -36.25 -35.16 -33.78 -32.40 -30.47 -28.54 -25.90 -23.26 -19.88 -16.50 -12.46 -8.41 -3.90 0.62 5.34 10.07 14.70 19.34 23.59 27.84 31.48 35.12 38.01 40.90 43.01 45.13 46.53 47.93 48.75 49.57 49.95 50.34 50.42 50.51 50.41 50.32 50.13 49.94 49.73 49.53 49.35 49.17 49.06 48.95 48.94 48.92 49.03 49.13 49.37 49.61 50.00 50.40 50.99 51.58 52.41 53.24 54.37 55.51 57.01 58.51 60.42 62.34 64.69 67.04 69.77 72.50 75.45 78.41 81.35 84.30 86.88
-41.07 -39.94 -39.02 -38.10 -37.18 -36.27 -35.07 -33.88 -32.14 -30.41 -27.96 -25.51 -22.29 -19.07 -15.17 -11.27 -6.87 -2.47 2.16 6.79 11.35 15.91 20.11 24.32 27.93 31.55 34.45 37.35 39.51 41.66 43.15 44.63 45.57 46.51 47.05 47.59 47.86 48.13 48.24 48.36 48.39 48.41 48.41 48.41 48.41 48.41 48.44 48.47 48.54 48.61 48.75 48.90 49.14 49.38 49.76 50.14 50.72 51.30 52.14 52.98 54.15 55.33 56.91 58.49 60.52 62.55 65.02 67.50 70.35 73.21 76.28 79.35 82.38 85.41 88.05
-41.46 -40.43 -39.65 -38.86 -38.12 -37.37 -36.37 -35.36 -33.82 -32.28 -30.02 -27.75 -24.70 -21.65 -17.89 -14.13 -9.84 -5.56 -1.03 3.50 7.99 12.48 16.63 20.79 24.38 27.98 30.89 33.80 36.00 38.20 39.76 41.33 42.39 43.45 44.14 44.84 45.30 45.76 46.08 46.40 46.64 46.88 47.09 47.29 47.47 47.65 47.82 47.98 48.14 48.30 48.48 48.66 48.90 49.15 49.51 49.88 50.44 51.01 51.86 52.71 53.94 55.16 56.81 58.47 60.61 62.75 65.35 67.95 70.93 73.92 77.10 80.29 83.40 86.52 89.21
-41.55 -40.68 -40.05 -39.42 -38.82 -38.21 -37.35 -36.49 -35.09 -33.69 -31.56 -29.44 -26.53 -23.62 -20.00 -16.38 -12.24 -8.10 -3.70 0.70 5.08 9.45 13.51 17.58 21.13 24.67 27.58 30.48 32.72 34.97 36.62 38.27 39.46 40.65 41.51 42.36 43.01 43.66 44.18 44.70 45.14 45.59 45.98 46.38 46.72 47.07 47.36 47.65 47.90 48.15 48.37 48.59 48.85 49.10 49.46 49.82 50.37 50.93 51.79 52.64 53.88 55.13 56.83 58.53 60.72 62.91 65.57 68.23 71.26 74.30 77.52 80.74 83.87 87.00 89.69
-41.64 -40.94 -40.46 -39.98 -39.52 -39.06 -38.33 -37.61 -36.35 -35.09 -33.10 -31.12 -28.35 -25.58 -22.11 -18.63 -14.63 -10.63 -6.36 -2.10 2.16 6.42 10.40 14.38 17.87 21.37 24.27 27.17 29.45 31.74 33.48 35.22 36.54 37.85 38.87 39.89 40.72 41.56 42.28 43.00 43.64 44.29 44.88 45.46 45.97 46.48 46.91 47.33 47.66 47.99 48.26 48.52 48.79 49.05 49.40 49.75 50.30 50.85 51.71 52.57 53.83 55.10 56.84 58.58 60.82 63.07 65.79 68.50 71.59 74.68 77.93 81.19 84.34 87.49 90.17
-41.43 -40.90 -40.54 -40.18 -39.81 -39.44 -38.80 -38.15 -36.98 -35.81 -33.93 -32.05 -29.42 -26.78 -23.46 -20.14 -16.32 -12.49 -8.39 -4.30 -0.20 3.90 7.76 11.62 15.05 18.48 21.36 24.25 26.58 28.91 30.75 32.59 34.04 35.50 36.68 37.86 38.87 39.89 40.79 41.69 42.52 43.35 44.10 44.85 45.50 46.16 46.69 47.22 47.63 48.04 48.35 48.66 48.94 49.22 49.57 49.92 50.46 51.00 51.84 52.69 53.95 55.21 56.95 58.69 60.93 63.17 65.88 68.58 71.65 74.71 77.94 81.17 84.27 87.38 90.02
-41.22 -40.86 -40.62 -40.39 -40.11 -39.83 -39.26 -38.70 -37.61 -36.53 -34.76 -32.98 -30.48 -27.98 -24.82 -21.65 -18.00 -14.35 -10.42 -6.50 -2.56 1.39 5.13 8.87 12.23 15.58 18.46 21.34 23.71 26.09 28.03 29.96 31.55 33.14 34.49 35.84 37.03 38.22 39.30 40.39 41.40 42.41 43.32 44.24 45.03 45.83 46.47 47.12 47.61 48.09 48.44 48.80 49.09 49.38 49.73 50.08 50.61 51.14 51.98 52.82 54.07 55.33 57.06 58.80 61.03 63.27 65.97 68.66 71.71 74.75 77.95 81.14 84.21 87.27 89.86
-40.74 -40.49 -40.31 -40.13 -39.87 -39.61 -39.06 -38.51 -37.47 -36.42 -34.73 -33.04 -30.68 -28.31 -25.33 -22.35 -18.90 -15.46 -11.75 -8.04 -4.29 -0.53 3.06 6.65 9.93 13.20 16.06 18.93 21.36 23.79 25.83 27.87 29.60 31.33 32.84 34.34 35.70 37.05 38.30 39.55 40.70 41.86 42.90 43.95 44.85 45.76 46.49 47.22 47.77 48.32 48.71 49.10 49.41 49.72 50.07 50.41 50.93 51.45 52.27 53.08 54.30 55.52 57.21 58.91 61.08 63.26 65.89 68.52 71.48 74.44 77.55 80.67 83.65 86.64 89.16
-40.26 -40.12 -39.99 -39.87 -39.63 -39.39 -38.86 -38.32 -37.32 -36.31 -34.71 -33.11 -30.87 -28.64 -25.84 -23.04 -19.80 -16.57 -13.07 -9.58 -6.02 -2.46 0.99 4.44 7.63 10.82 13.67 16.52 19.00 21.49 23.63 25.78 27.65 29.52 31.19 32.85 34.37 35.89 37.30 38.70 40.00 41.31 42.48 43.66 44.67 45.69 46.51 47.33 47.94 48.55 48.97 49.40 49.73 50.06 50.40 50.75 51.25 51.76 52.55 53.35 54.54 55.72 57.37 59.01 61.13 63.26 65.81 68.37 71.25 74.13 77.16 80.19 83.09 86.00 88.46
-39.55 -39.43 -39.27 -39.11 -38.81 -38.51 -37.94 -37.36 -36.36 -35.35 -33.82 -32.29 -30.20 -28.11 -25.52 -22.92 -19.93 -16.94 -13.69 -10.45 -7.11 -3.77 -0.49 2.79 5.89 8.99 11.82 14.66 17.19 19.73 21.99 24.24 26.25 28.26 30.07 31.88 33.54 35.20 36.73 38.26 39.67 41.07 42.34 43.60 44.69 45.78 46.65 47.53 48.18 48.84 49.30 49.76 50.10 50.45 50.80 51.15 51.64 52.13 52.89 53.65 54.78 55.91 57.48 59.05 61.06 63.08 65.52 67.95 70.71 73.47 76.38 79.29 82.10 84.91 87.30
-38.85 -38.74 -38.54 -38.35 -37.99 -37.64 -37.02 -36.40 -35.39 -34.39 -32.93 -31.47 -29.53 -27.58 -25.20 -22.81 -20.06 -17.31 -14.31 -11.32 -8.20 -5.09 -1.97 1.14 4.15 7.15 9.97 12.79 15.39 17.98 20.34 22.70 24.85 26.99 28.95 30.91 32.71 34.51 36.16 37.82 39.33 40.84 42.19 43.55 44.71 45.86 46.80 47.73 48.43 49.13 49.62 50.11 50.47 50.84 51.19 51.54 52.02 52.50 53.23 53.95 55.03 56.11 57.59 59.08 60.99 62.91 65.23 67.54 70.18 72.81 75.60 78.39 81.11 83.82 86.14
-37.96 -37.77 -37.46 -37.14 -36.67 -36.19 -35.47 -34.76 -33.73 -32.70 -31.30 -29.90 -28.11 -26.32 -24.16 -21.99 -19.51 -17.03 -14.31 -11.58 -8.71 -5.83 -2.90 0.03 2.94 5.84 8.64 11.44 14.09 16.73 19.19 21.66 23.92 26.19 28.27 30.34 32.24 34.15 35.88 37.62 39.19 40.76 42.15 43.55 44.74 45.93 46.89 47.85 48.58 49.31 49.83 50.35 50.73 51.12 51.49 51.85 52.32 52.79 53.48 54.17 55.18 56.18 57.57 58.95 60.73 62.51 64.68 66.84 69.32 71.80 74.46 77.11 79.72 82.33 84.59
-37.07 -36.80 -36.37 -35.94 -35.34 -34.74 -33.93 -33.13 -32.07 -31.01 -29.68 -28.34 -26.70 -25.05 -23.12 -21.18 -18.96 -16.75 -14.30 -11.85 -9.21 -6.58 -3.83 -1.07 1.73 4.53 7.31 10.09 12.79 15.49 18.05 20.61 22.99 25.38 27.58 29.78 31.78 33.79 35.60 37.42 39.05 40.68 42.11 43.55 44.77 45.99 46.98 47.98 48.73 49.49 50.03 50.58 50.99 51.41 51.78 52.16 52.62 53.08 53.74 54.39 55.33 56.26 57.54 58.82 60.46 62.11 64.13 66.14 68.47 70.79 73.31 75.83 78.34 80.84 83.05
-36.03 -35.61 -35.01 -34.41 -33.65 -32.89 -31.96 -31.04 -29.94 -28.84 -27.55 -26.26 -24.76 -23.27 -21.56 -19.84 -17.90 -15.95 -13.78 -11.60 -9.22 -6.83 -4.26 -1.70 1.00 3.69 6.44 9.19 11.93 14.66 17.30 19.94 22.42 24.90 27.18 29.45 31.52 33.58 35.42 37.27 38.90 40.54 41.97 43.40 44.62 45.84 46.83 47.83 48.60 49.38 49.96 50.54 50.99 51.43 51.84 52.24 52.70 53.17 53.79 54.41 55.27 56.13 57.29 58.45 59.95 61.45 63.29 65.13 67.29 69.44 71.82 74.19 76.60 79.00 81.16
-34.99 -34.42 -33.65 -32.88 -31.96 -31.04 -29.99 -28.95 -27.80 -26.66 -25.42 -24.18 -22.83 -21.49 -20.00 -18.50 -16.83 -15.15 -13.26 -11.36 -9.22 -7.08 -4.70 -2.32 0.26 2.85 5.57 8.30 11.07 13.84 16.56 19.27 21.84 24.41 26.77 29.13 31.25 33.37 35.24 37.11 38.76 40.40 41.82 43.25 44.46 45.68 46.68 47.68 48.48 49.27 49.88 50.49 50.98 51.46 51.89 52.32 52.78 53.25 53.84 54.43 55.22 56.00 57.05 58.09 59.43 60.78 62.45 64.12 66.11 68.10 70.33 72.56 74.86 77.17 79.28
-33.80 -33.07 -32.13 -31.19 -30.10 -29.01 -27.85 -26.68 -25.48 -24.29 -23.09 -21.88 -20.66 -19.44 -18.15 -16.86 -15.43 -14.00 -12.36 -10.72 -8.82 -6.91 -4.71 -2.51 -0.04 2.44 5.12 7.81 10.59 13.38 16.15 18.91 21.53 24.15 26.54 28.93 31.05 33.17 35.02 36.87 38.46 40.06 41.44 42.82 44.00 45.18 46.17 47.16 47.97 48.78 49.43 50.08 50.61 51.14 51.61 52.08 52.56 53.04 53.61 54.17 54.89 55.60 56.52 57.44 58.63 59.81 61.30 62.79 64.61 66.42 68.50 70.59 72.79 75.00 77.08
-32.62 -31.73 -30.61 -29.49 -28.24 -26.99 -25.70 -24.41 -23.17 -21.92 -20.75 -19.59 -18.49 -17.39 -16.30 -15.21 -14.03 -12.85 -11.47 -10.09 -8.42 -6.74 -4.72 -2.70 -0.34 2.02 4.67 7.32 10.12 12.93 15.74 18.55 21.22 23.89 26.31 28.73 30.85 32.98 34.80 36.62 38.17 39.73 41.06 42.39 43.53 44.67 45.65 46.63 47.45 48.28 48.97 49.66 50.24 50.82 51.33 51.84 52.34 52.84 53.38 53.92 54.55 55.19 55.99 56.79 57.82 58.84 60.15 61.47 63.10 64.74 66.68 68.62 70.73 72.84 74.87
