test/esri_led_0/synt_tma_0m_led_0.esri
nrows             510
ncols             462
xllcorner      398000.00
yllcorner     7846000.00
cellsize          500.00
NODATA_value    -9999
[rows 99 to 131 of 510, columns 300 to 374 of 462]
19.45 19.11 18.77 17.89 17.01 15.69 14.36 12.71 11.06 9.21 7.36 5.44 3.52 1.67 -0.17 -1.80 -3.42 -4.68 -5.93 -6.67 -7.42 -7.51 -7.60 -6.94 -6.27 -4.78 -3.28 -0.93 1.41 4.55 7.69 11.48 15.27 19.53 23.78 28.25 32.72 37.16 41.60 45.78 49.96 53.70 57.44 60.63 63.83 66.45 69.07 71.16 73.26 74.94 76.61 77.98 79.35 80.51 81.67 82.68 83.68 84.55 85.41 86.12 86.84 87.38 87.93 88.29 88.66 88.85 89.04 89.06 89.08 88.91 88.75 88.38 88.02 87.40 86.79
19.32 18.92 18.51 17.57 16.63 15.25 13.87 12.17 10.46 8.56 6.66 4.69 2.73 0.85 -1.04 -2.69 -4.34 -5.62 -6.90 -7.65 -8.41 -8.50 -8.60 -7.93 -7.26 -5.74 -4.23 -1.86 0.51 3.69 6.86 10.70 14.55 18.86 23.17 27.71 32.26 36.78 41.30 45.57 49.85 53.69 57.53 60.83 64.13 66.86 69.58 71.78 73.98 75.74 77.51 78.95 80.39 81.60 82.81 83.84 84.87 85.73 86.60 87.29 87.97 88.47 88.97 89.27 89.57 89.68 89.79 89.71 89.64 89.39 89.13 88.67 88.22 87.52 86.82
19.19 18.72 18.26 17.26 16.26 14.82 13.38 11.62 9.86 7.91 5.96 3.95 1.94 0.02 -1.90 -3.58 -5.27 -6.57 -7.86 -8.63 -9.40 -9.50 -9.60 -8.92 -8.24 -6.71 -5.18 -2.78 -0.38 2.83 6.04 9.93 13.82 18.19 22.56 27.18 31.79 36.40 41.00 45.37 49.74 53.68 57.63 61.03 64.44 67.27 70.10 72.40 74.70 76.55 78.40 79.91 81.42 82.68 83.94 85.00 86.06 86.92 87.79 88.45 89.11 89.56 90.01 90.24 90.48 90.50 90.53 90.37 90.21 89.86 89.51 88.97 88.42 87.64 86.86
19.17 18.62 18.08 17.00 15.92 14.42 12.91 11.09 9.27 7.27 5.26 3.21 1.16 -0.79 -2.74 -4.45 -6.16 -7.48 -8.79 -9.57 -10.35 -10.46 -10.56 -9.89 -9.22 -7.69 -6.16 -3.77 -1.37 1.85 5.07 8.97 12.88 17.28 21.68 26.34 31.00 35.67 40.34 44.79 49.24 53.28 57.32 60.83 64.35 67.29 70.24 72.64 75.05 77.00 78.95 80.55 82.14 83.46 84.78 85.87 86.96 87.83 88.70 89.34 89.99 90.39 90.80 90.97 91.14 91.09 91.04 90.79 90.53 90.09 89.64 89.00 88.35 87.48 86.61
19.16 18.52 17.89 16.74 15.59 14.02 12.44 10.56 8.68 6.63 4.57 2.48 0.39 -1.60 -3.58 -5.32 -7.05 -8.38 -9.72 -10.51 -11.30 -11.41 -11.53 -10.86 -10.20 -8.67 -7.15 -4.75 -2.35 0.87 4.09 8.02 11.94 16.37 20.80 25.50 30.21 34.94 39.67 44.20 48.73 52.87 57.01 60.63 64.26 67.31 70.37 72.89 75.41 77.46 79.51 81.18 82.86 84.24 85.61 86.73 87.86 88.73 89.61 90.23 90.86 91.22 91.59 91.69 91.80 91.67 91.54 91.20 90.86 90.31 89.77 89.03 88.28 87.32 86.35
19.31 18.57 17.83 16.59 15.35 13.70 12.05 10.10 8.16 6.05 3.95 1.82 -0.32 -2.33 -4.34 -6.09 -7.84 -9.19 -10.53 -11.33 -12.13 -12.26 -12.39 -11.73 -11.08 -9.57 -8.06 -5.68 -3.30 -0.10 3.11 7.02 10.93 15.36 19.79 24.52 29.24 34.02 38.80 43.40 48.00 52.23 56.46 60.19 63.91 67.09 70.26 72.89 75.52 77.67 79.82 81.58 83.34 84.77 86.21 87.36 88.52 89.40 90.28 90.89 91.49 91.81 92.13 92.18 92.22 92.01 91.80 91.36 90.92 90.28 89.63 88.78 87.92 86.85 85.78
19.45 18.61 17.78 16.44 15.11 13.38 11.65 9.65 7.64 5.48 3.32 1.15 -1.02 -3.06 -5.10 -6.87 -8.64 -9.99 -11.35 -12.16 -12.97 -13.11 -13.24 -12.60 -11.96 -10.47 -8.98 -6.62 -4.26 -1.07 2.12 6.02 9.92 14.35 18.79 23.53 28.28 33.11 37.93 42.60 47.27 51.59 55.90 59.74 63.57 66.86 70.15 72.89 75.63 77.88 80.14 81.98 83.82 85.31 86.81 87.99 89.18 90.07 90.95 91.54 92.12 92.40 92.68 92.66 92.64 92.35 92.06 91.53 90.99 90.24 89.49 88.53 87.57 86.39 85.21
19.82 18.86 17.90 16.47 15.03 13.22 11.40 9.33 7.25 5.04 2.83 0.63 -1.58 -3.64 -5.70 -7.48 -9.26 -10.62 -11.98 -12.79 -13.60 -13.74 -13.88 -13.26 -12.63 -11.16 -9.69 -7.36 -5.04 -1.88 1.27 5.14 9.01 13.42 17.84 22.59 27.34 32.19 37.04 41.76 46.49 50.88 55.28 59.22 63.15 66.54 69.94 72.78 75.63 77.98 80.33 82.24 84.16 85.71 87.25 88.46 89.67 90.55 91.44 91.99 92.55 92.78 93.00 92.91 92.83 92.45 92.07 91.44 90.80 89.93 89.07 87.99 86.90 85.60 84.30
20.18 19.11 18.03 16.49 14.95 13.05 11.15 9.01 6.86 4.60 2.34 0.10 -2.14 -4.22 -6.30 -8.09 -9.87 -11.24 -12.60 -13.41 -14.23 -14.38 -14.52 -13.91 -13.30 -11.85 -10.41 -8.11 -5.81 -2.70 0.42 4.26 8.10 12.49 16.89 21.64 26.39 31.27 36.15 40.93 45.71 50.18 54.66 58.70 62.73 66.23 69.73 72.68 75.63 78.08 80.52 82.51 84.50 86.10 87.69 88.92 90.16 91.04 91.92 92.45 92.97 93.15 93.33 93.17 93.01 92.55 92.08 91.35 90.61 89.63 88.65 87.44 86.24 84.82 83.39
20.82 19.61 18.40 16.75 15.10 13.10 11.11 8.90 6.68 4.37 2.06 -0.21 -2.47 -4.57 -6.66 -8.45 -10.23 -11.59 -12.94 -13.74 -14.55 -14.69 -14.84 -14.23 -13.63 -12.21 -10.79 -8.53 -6.27 -3.19 -0.12 3.67 7.46 11.82 16.18 20.91 25.65 30.53 35.42 40.24 45.06 49.60 54.15 58.26 62.38 65.97 69.56 72.61 75.66 78.18 80.70 82.75 84.80 86.43 88.06 89.30 90.53 91.40 92.26 92.74 93.23 93.34 93.46 93.22 92.98 92.42 91.86 91.01 90.16 89.05 87.94 86.60 85.26 83.70 82.14
21.45 20.11 18.77 17.00 15.24 13.16 11.08 8.79 6.50 4.15 1.79 -0.51 -2.81 -4.92 -7.02 -8.80 -10.59 -11.94 -13.28 -14.08 -14.87 -15.01 -15.15 -14.56 -13.96 -12.56 -11.17 -8.94 -6.72 -3.69 -0.67 3.08 6.82 11.14 15.47 20.18 24.90 29.80 34.70 39.55 44.41 49.02 53.63 57.83 62.03 65.71 69.40 72.54 75.68 78.28 80.88 82.99 85.10 86.76 88.42 89.67 90.91 91.76 92.60 93.04 93.48 93.54 93.59 93.27 92.95 92.29 91.63 90.67 89.70 88.47 87.24 85.76 84.29 82.59 80.90
22.40 20.91 19.43 17.55 15.67 13.49 11.32 8.96 6.60 4.20 1.79 -0.53 -2.85 -4.96 -7.06 -8.83 -10.60 -11.93 -13.25 -14.02 -14.79 -14.91 -15.04 -14.44 -13.84 -12.46 -11.08 -8.90 -6.71 -3.73 -0.76 2.93 6.61 10.88 15.15 19.84 24.52 29.41 34.29 39.17 44.04 48.69 53.35 57.61 61.87 65.63 69.40 72.60 75.81 78.47 81.13 83.28 85.43 87.10 88.77 90.00 91.23 92.03 92.83 93.21 93.60 93.57 93.54 93.13 92.71 91.94 91.17 90.08 88.99 87.61 86.24 84.62 83.00 81.16 79.32
23.34 21.72 20.10 18.10 16.10 13.83 11.56 9.13 6.70 4.25 1.80 -0.54 -2.89 -5.00 -7.10 -8.86 -10.62 -11.92 -13.21 -13.96 -14.71 -14.82 -14.92 -14.32 -13.72 -12.36 -11.00 -8.85 -6.70 -3.78 -0.85 2.78 6.40 10.62 14.84 19.49 24.13 29.01 33.89 38.78 43.67 48.37 53.07 57.40 61.72 65.56 69.39 72.67 75.95 78.67 81.39 83.57 85.75 87.44 89.12 90.33 91.55 92.31 93.07 93.39 93.71 93.60 93.49 92.98 92.47 91.59 90.70 89.49 88.27 86.76 85.25 83.49 81.72 79.73 77.74
24.62 22.86 21.09 18.98 16.87 14.50 12.14 9.64 7.15 4.65 2.16 -0.20 -2.56 -4.66 -6.76 -8.49 -10.21 -11.47 -12.73 -13.44 -14.14 -14.22 -14.29 -13.68 -13.06 -11.71 -10.35 -8.23 -6.12 -3.25 -0.38 3.18 6.74 10.89 15.04 19.63 24.22 29.07 33.91 38.80 43.68 48.40 53.12 57.48 61.85 65.72 69.60 72.93 76.25 79.00 81.75 83.94 86.14 87.80 89.47 90.64 91.81 92.51 93.20 93.44 93.67 93.47 93.26 92.63 92.01 91.00 89.99 88.64 87.29 85.63 83.98 82.06 80.14 78.00 75.85
25.89 23.99 22.09 19.86 17.63 15.17 12.71 10.15 7.59 5.05 2.52 0.14 -2.23 -4.32 -6.41 -8.11 -9.81 -11.03 -12.25 -12.91 -13.58 -13.62 -13.66 -13.03 -12.40 -11.05 -9.70 -7.62 -5.54 -2.72 0.09 3.58 7.07 11.16 15.24 19.78 24.31 29.12 33.93 38.81 43.69 48.43 53.16 57.57 61.97 65.89 69.82 73.19 76.55 79.33 82.11 84.31 86.52 88.17 89.82 90.95 92.08 92.71 93.34 93.49 93.64 93.33 93.03 92.29 91.55 90.42 89.28 87.79 86.30 84.50 82.70 80.63 78.56 76.27 73.97
27.52 25.48 23.45 21.11 18.76 16.22 13.67 11.05 8.42 5.85 3.28 0.90 -1.48 -3.55 -5.62 -7.28 -8.94 -10.10 -11.27 -11.87 -12.47 -12.47 -12.46 -11.80 -11.14 -9.79 -8.44 -6.38 -4.33 -1.58 1.18 4.60 8.01 12.01 16.01 20.47 24.93 29.68 34.43 39.27 44.12 48.84 53.56 57.97 62.38 66.31 70.25 73.63 77.01 79.79 82.57 84.75 86.93 88.54 90.15 91.21 92.27 92.81 93.35 93.39 93.44 93.01 92.59 91.72 90.85 89.58 88.31 86.68 85.05 83.10 81.15 78.93 76.72 74.28 71.84
29.14 26.97 24.81 22.35 19.90 17.26 14.63 11.94 9.26 6.65 4.05 1.66 -0.73 -2.78 -4.83 -6.45 -8.06 -9.17 -10.28 -10.83 -11.37 -11.32 -11.26 -10.57 -9.88 -8.52 -7.17 -5.15 -3.12 -0.43 2.27 5.61 8.95 12.86 16.78 21.16 25.54 30.24 34.93 39.74 44.54 49.25 53.96 58.37 62.78 66.74 70.69 74.08 77.47 80.25 83.03 85.19 87.35 88.91 90.48 91.47 92.46 92.91 93.36 93.30 93.24 92.69 92.15 91.15 90.16 88.75 87.35 85.57 83.80 81.70 79.60 77.24 74.87 72.29 69.70
31.10 28.82 26.53 23.98 21.43 18.72 16.00 13.26 10.52 7.89 5.26 2.87 0.49 -1.53 -3.56 -5.12 -6.68 -7.72 -8.77 -9.24 -9.72 -9.60 -9.48 -8.74 -8.01 -6.65 -5.29 -3.29 -1.29 1.35 3.98 7.23 10.48 14.30 18.11 22.39 26.67 31.27 35.88 40.61 45.35 50.01 54.67 59.05 63.43 67.36 71.29 74.65 78.02 80.77 83.51 85.62 87.74 89.23 90.72 91.61 92.51 92.85 93.19 93.00 92.82 92.14 91.46 90.33 89.20 87.65 86.11 84.19 82.27 80.04 77.80 75.30 72.80 70.09 67.38
33.06 30.66 28.26 25.61 22.96 20.17 17.38 14.58 11.79 9.13 6.47 4.09 1.70 -0.29 -2.28 -3.79 -5.30 -6.28 -7.25 -7.65 -8.06 -7.88 -7.69 -6.92 -6.15 -4.77 -3.40 -1.43 0.54 3.12 5.69 8.86 12.02 15.73 19.44 23.62 27.80 32.31 36.83 41.49 46.16 50.77 55.38 59.73 64.07 67.98 71.88 75.23 78.57 81.28 84.00 86.06 88.12 89.54 90.96 91.76 92.57 92.79 93.02 92.71 92.40 91.59 90.78 89.51 88.24 86.56 84.87 82.81 80.75 78.37 76.00 73.36 70.73 67.89 65.06
35.35 32.85 30.36 27.62 24.89 22.04 19.18 16.34 13.51 10.83 8.15 5.78 3.41 1.45 -0.51 -1.96 -3.41 -4.31 -5.21 -5.54 -5.86 -5.61 -5.36 -4.54 -3.72 -2.34 -0.95 0.99 2.94 5.45 7.95 11.02 14.08 17.67 21.26 25.31 29.36 33.75 38.14 42.70 47.26 51.78 56.30 60.58 64.85 68.69 72.54 75.82 79.10 81.75 84.40 86.38 88.36 89.69 91.01 91.70 92.40 92.50 92.60 92.16 91.71 90.76 89.82 88.41 87.00 85.18 83.36 81.17 78.98 76.48 73.99 71.24 68.49 65.56 62.64
37.63 35.04 32.45 29.64 26.82 23.91 20.99 18.11 15.23 12.53 9.84 7.47 5.11 3.19 1.27 -0.13 -1.52 -2.35 -3.17 -3.42 -3.67 -3.35 -3.03 -2.17 -1.30 0.10 1.49 3.41 5.33 7.77 10.21 13.18 16.14 19.61 23.08 27.00 30.92 35.19 39.46 43.91 48.37 52.80 57.23 61.43 65.63 69.41 73.19 76.41 79.63 82.22 84.80 86.70 88.61 89.83 91.06 91.64 92.22 92.20 92.18 91.60 91.02 89.94 88.85 87.31 85.76 83.80 81.85 79.53 77.21 74.59 71.97 69.12 66.26 63.24 60.21
40.22 37.56 34.90 32.03 29.16 26.20 23.23 20.32 17.42 14.71 12.01 9.66 7.31 5.42 3.54 2.20 0.86 0.11 -0.65 -0.82 -1.00 -0.62 -0.23 0.68 1.58 2.99 4.39 6.28 8.17 10.53 12.89 15.74 18.59 21.92 25.25 29.02 32.79 36.91 41.02 45.33 49.63 53.93 58.23 62.32 66.40 70.08 73.76 76.88 80.01 82.50 84.98 86.78 88.58 89.70 90.82 91.28 91.74 91.58 91.43 90.72 90.01 88.79 87.57 85.90 84.23 82.16 80.08 77.66 75.24 72.52 69.81 66.88 63.95 60.87 57.80
42.80 40.08 37.35 34.42 31.49 28.49 25.48 22.54 19.60 16.89 14.18 11.84 9.50 7.66 5.81 4.53 3.25 2.56 1.87 1.77 1.67 2.12 2.57 3.52 4.47 5.88 7.29 9.15 11.00 13.29 15.58 18.31 21.05 24.24 27.43 31.04 34.66 38.62 42.58 46.74 50.90 55.07 59.24 63.21 67.18 70.75 74.32 77.36 80.39 82.78 85.17 86.86 88.56 89.57 90.57 90.91 91.25 90.97 90.68 89.84 89.00 87.65 86.30 84.50 82.70 80.51 78.32 75.79 73.26 70.46 67.65 64.65 61.64 58.51 55.38
45.65 42.89 40.13 37.17 34.21 31.18 28.15 25.20 22.24 19.53 16.82 14.50 12.17 10.36 8.55 7.31 6.08 5.45 4.82 4.78 4.73 5.23 5.73 6.70 7.68 9.09 10.50 12.31 14.11 16.31 18.51 21.12 23.73 26.76 29.79 33.23 36.67 40.45 44.22 48.20 52.18 56.18 60.18 63.99 67.81 71.24 74.67 77.57 80.48 82.74 85.01 86.59 88.17 89.05 89.93 90.15 90.36 89.96 89.56 88.59 87.63 86.17 84.71 82.81 80.91 78.63 76.35 73.75 71.15 68.29 65.44 62.40 59.36 56.22 53.08
48.50 45.70 42.90 39.91 36.92 33.87 30.82 27.85 24.89 22.17 19.46 17.15 14.85 13.07 11.28 10.10 8.91 8.34 7.77 7.78 7.80 8.34 8.89 9.89 10.90 12.30 13.70 15.47 17.23 19.34 21.45 23.93 26.42 29.29 32.16 35.42 38.68 42.28 45.87 49.67 53.47 57.30 61.12 64.78 68.44 71.73 75.02 77.79 80.57 82.71 84.85 86.31 87.77 88.53 89.30 89.39 89.48 88.95 88.43 87.35 86.26 84.69 83.12 81.11 79.11 76.74 74.38 71.70 69.03 66.12 63.22 60.15 57.08 53.93 50.78
51.56 48.76 45.96 42.96 39.97 36.92 33.87 30.91 27.94 25.24 22.54 20.24 17.95 16.19 14.43 13.28 12.12 11.59 11.05 11.10 11.14 11.71 12.28 13.29 14.30 15.68 17.05 18.75 20.46 22.47 24.48 26.82 29.16 31.86 34.56 37.63 40.69 44.08 47.46 51.05 54.64 58.26 61.88 65.35 68.81 71.93 75.05 77.66 80.27 82.28 84.28 85.60 86.93 87.57 88.21 88.19 88.17 87.54 86.91 85.73 84.56 82.90 81.24 79.18 77.11 74.69 72.27 69.57 66.87 63.95 61.04 57.98 54.93 51.82 48.71
54.62 51.81 49.01 46.02 43.03 39.97 36.92 33.96 31.00 28.31 25.61 23.33 21.06 19.32 17.59 16.46 15.34 14.83 14.33 14.41 14.49 15.08 15.67 16.68 17.70 19.05 20.40 22.04 23.68 25.59 27.50 29.70 31.91 34.43 36.96 39.83 42.70 45.88 49.05 52.43 55.80 59.22 62.64 65.91 69.19 72.13 75.07 77.53 79.98 81.84 83.70 84.90 86.09 86.61 87.13 87.00 86.86 86.13 85.39 84.12 82.85 81.11 79.37 77.24 75.10 72.63 70.17 67.43 64.70 61.78 58.86 55.82 52.78 49.71 46.64
57.83 55.05 52.28 49.31 46.35 43.32 40.29 37.35 34.41 31.73 29.05 26.78 24.52 22.80 21.07 19.96 18.84 18.35 17.85 17.93 18.01 18.59 19.17 20.16 21.15 22.45 23.75 25.31 26.87 28.67 30.46 32.51 34.57 36.92 39.26 41.92 44.59 47.54 50.48 53.63 56.77 59.96 63.14 66.20 69.25 71.99 74.73 77.01 79.28 80.99 82.69 83.75 84.81 85.22 85.62 85.39 85.16 84.35 83.53 82.20 80.86 79.08 77.30 75.13 72.97 70.50 68.02 65.31 62.59 59.71 56.82 53.85 50.87 47.88 44.90
61.03 58.29 55.54 52.61 49.67 46.66 43.65 40.73 37.81 35.15 32.48 30.23 27.98 26.27 24.56 23.45 22.35 21.86 21.37 21.45 21.53 22.11 22.68 23.64 24.60 25.85 27.10 28.58 30.06 31.74 33.42 35.33 37.23 39.40 41.56 44.02 46.47 49.19 51.92 54.82 57.73 60.69 63.65 66.48 69.31 71.85 74.39 76.49 78.58 80.13 81.67 82.60 83.53 83.82 84.11 83.79 83.46 82.57 81.67 80.28 78.88 77.05 75.22 73.03 70.84 68.36 65.88 63.18 60.48 57.63 54.79 51.87 48.96 46.06 43.16
64.31 61.62 58.93 56.05 53.16 50.20 47.23 44.35 41.46 38.82 36.18 33.94 31.70 29.99 28.28 27.16 26.05 25.54 25.02 25.07 25.12 25.65 26.18 27.08 27.98 29.16 30.33 31.71 33.09 34.65 36.21 37.96 39.71 41.69 43.67 45.91 48.16 50.65 53.14 55.80 58.46 61.17 63.88 66.48 69.07 71.39 73.71 75.62 77.53 78.91 80.29 81.09 81.89 82.08 82.26 81.86 81.46 80.52 79.58 78.15 76.73 74.89 73.05 70.88 68.70 66.26 63.81 61.17 58.52 55.76 52.99 50.18 47.37 44.59 41.81
67.59 64.95 62.32 59.48 56.65 53.73 50.81 47.96 45.11 42.49 39.88 37.65 35.42 33.71 32.00 30.87 29.75 29.21 28.68 28.70 28.71 29.20 29.68 30.52 31.37 32.47 33.57 34.85 36.13 37.56 38.99 40.59 42.18 43.98 45.78 47.81 49.84 52.10 54.35 56.77 59.19 61.65 64.11 66.47 68.83 70.94 73.04 74.75 76.47 77.69 78.91 79.58 80.24 80.33 80.42 79.94 79.47 78.47 77.48 76.03 74.57 72.73 70.89 68.72 66.56 64.15 61.74 59.15 56.57 53.88 51.20 48.49 45.78 43.13 40.47
70.84 68.28 65.72 62.95 60.19 57.33 54.47 51.67 48.87 46.28 43.70 41.48 39.27 37.55 35.83 34.68 33.52 32.94 32.36 32.32 32.27 32.68 33.09 33.84 34.60 35.60 36.60 37.77 38.94 40.23 41.53 42.98 44.42 46.03 47.65 49.48 51.30 53.33 55.36 57.53 59.70 61.91 64.12 66.24 68.35 70.23 72.11 73.63 75.15 76.22 77.28 77.82 78.36 78.37 78.37 77.84 77.32 76.30 75.29 73.84 72.39 70.57 68.76 66.65 64.53 62.19 59.85 57.36 54.87 52.29 49.72 47.15 44.57 42.07 39.57
74.09 71.60 69.12 66.42 63.72 60.93 58.13 55.38 52.63 50.07 47.52 45.32 43.12 41.39 39.66 38.48 37.29 36.67 36.04 35.94 35.83 36.16 36.50 37.17 37.84 38.74 39.64 40.69 41.74 42.91 44.08 45.36 46.65 48.09 49.53 51.15 52.76 54.56 56.36 58.28 60.21 62.17 64.13 66.00 67.88 69.53 71.19 72.52 73.84 74.74 75.64 76.07 76.49 76.40 76.32 75.74 75.17 74.13 73.09 71.65 70.21 68.42 66.63 64.57 62.50 60.24 57.97 55.57 53.16 50.71 48.25 45.81 43.37 41.02 38.67
