test/esri_led_0/synt_tma_2400m_led_0.esri
nrows             510
ncols             462
xllcorner      398000.00
yllcorner     7846000.00
cellsize          500.00
NODATA_value    -9999
[rows 416 to 447 of 510, columns 0 to 73 of 462]
-105.94 -106.58 -107.23 -105.90 -104.58 -101.94 -99.30 -96.06 -92.83 -89.52 -86.22 -83.03 -79.85 -76.70 -73.55 -70.24 -66.92 -63.30 -59.68 -55.78 -51.88 -47.87 -43.87 -39.99 -36.10 -32.51 -28.91 -25.68 -22.45 -19.57 -16.69 -14.08 -11.47 -9.05 -6.63 -4.32 -2.02 0.22 2.45 4.62 6.78 8.84 10.91 12.80 14.69 16.33 17.98 19.31 20.64 21.67 22.70 23.51 24.33 25.09 25.84 26.68 27.52 28.53 29.53 30.71 31.89 33.18 34.46 35.75 37.04 38.21 39.39 40.35 41.31 41.98 42.64 42.93 43.21 43.05
-110.17 -110.80 -111.42 -110.00 -108.57 -105.78 -102.99 -99.60 -96.21 -92.78 -89.34 -86.06 -82.79 -79.58 -76.38 -73.03 -69.69 -66.04 -62.40 -58.46 -54.52 -50.45 -46.38 -42.39 -38.40 -34.66 -30.92 -27.51 -24.10 -21.03 -17.97 -15.19 -12.41 -9.84 -7.28 -4.88 -2.47 -0.19 2.09 4.25 6.41 8.42 10.43 12.23 14.04 15.56 17.09 18.29 19.49 20.38 21.27 21.95 22.63 23.26 23.88 24.60 25.31 26.20 27.09 28.16 29.22 30.40 31.58 32.77 33.96 35.04 36.12 37.00 37.87 38.45 39.03 39.23 39.43 39.19
-114.19 -114.80 -115.42 -113.90 -112.39 -109.46 -106.54 -103.02 -99.50 -95.96 -92.42 -89.09 -85.75 -82.53 -79.30 -75.97 -72.63 -69.00 -65.37 -61.44 -57.51 -53.42 -49.32 -45.28 -41.23 -37.39 -33.55 -30.01 -26.48 -23.28 -20.07 -17.17 -14.27 -11.62 -8.96 -6.51 -4.05 -1.76 0.54 2.67 4.80 6.74 8.68 10.38 12.09 13.50 14.92 16.01 17.09 17.88 18.67 19.25 19.84 20.38 20.92 21.56 22.19 23.01 23.82 24.82 25.81 26.92 28.02 29.12 30.23 31.22 32.21 32.99 33.77 34.25 34.73 34.83 34.93 34.58
-118.20 -118.81 -119.42 -117.81 -116.20 -113.15 -110.09 -106.44 -102.79 -99.15 -95.51 -92.11 -88.72 -85.47 -82.23 -78.90 -75.57 -71.95 -68.34 -64.42 -60.49 -56.38 -52.27 -48.16 -44.05 -40.12 -36.18 -32.52 -28.86 -25.52 -22.18 -19.16 -16.14 -13.39 -10.64 -8.13 -5.62 -3.32 -1.02 1.08 3.18 5.05 6.92 8.53 10.14 11.44 12.75 13.72 14.70 15.39 16.07 16.56 17.05 17.50 17.96 18.52 19.07 19.82 20.56 21.48 22.40 23.43 24.45 25.48 26.50 27.40 28.31 28.99 29.67 30.05 30.43 30.42 30.42 29.97
-121.79 -122.41 -123.02 -121.35 -119.68 -116.53 -113.38 -109.64 -105.89 -102.20 -98.50 -95.09 -91.68 -88.46 -85.24 -81.96 -78.68 -75.13 -71.57 -67.70 -63.83 -59.75 -55.66 -51.55 -47.43 -43.46 -39.48 -35.75 -32.03 -28.62 -25.21 -22.12 -19.03 -16.25 -13.47 -10.95 -8.44 -6.16 -3.88 -1.84 0.21 2.00 3.80 5.33 6.85 8.08 9.30 10.21 11.11 11.74 12.37 12.82 13.27 13.69 14.11 14.64 15.17 15.88 16.59 17.47 18.36 19.33 20.30 21.24 22.19 22.99 23.80 24.37 24.93 25.18 25.42 25.28 25.13 24.55
-125.39 -126.01 -126.63 -124.90 -123.16 -119.92 -116.67 -112.84 -109.00 -105.25 -101.49 -98.07 -94.64 -91.45 -88.25 -85.02 -81.79 -78.30 -74.81 -70.99 -67.17 -63.11 -59.05 -54.93 -50.81 -46.79 -42.78 -38.99 -35.20 -31.71 -28.23 -25.08 -21.93 -19.11 -16.30 -13.78 -11.25 -9.00 -6.75 -4.76 -2.77 -1.04 0.68 2.13 3.57 4.71 5.85 6.69 7.53 8.10 8.67 9.07 9.48 9.87 10.26 10.76 11.26 11.95 12.63 13.47 14.31 15.23 16.14 17.01 17.88 18.59 19.29 19.74 20.19 20.30 20.41 20.13 19.85 19.13
-128.33 -128.97 -129.62 -127.86 -126.10 -122.81 -119.51 -115.64 -111.77 -108.01 -104.26 -100.87 -97.48 -94.36 -91.24 -88.10 -84.97 -81.58 -78.19 -74.46 -70.74 -66.76 -62.78 -58.71 -54.63 -50.63 -46.64 -42.85 -39.06 -35.57 -32.08 -28.94 -25.80 -23.01 -20.21 -17.74 -15.26 -13.07 -10.88 -8.95 -7.03 -5.37 -3.71 -2.32 -0.94 0.16 1.26 2.07 2.88 3.45 4.01 4.43 4.85 5.26 5.66 6.18 6.69 7.37 8.05 8.88 9.70 10.57 11.43 12.22 13.00 13.59 14.18 14.48 14.78 14.72 14.66 14.20 13.74 12.85
-131.27 -131.94 -132.61 -130.82 -129.04 -125.70 -122.36 -118.45 -114.55 -110.78 -107.02 -103.67 -100.32 -97.27 -94.22 -91.19 -88.15 -84.86 -81.57 -77.94 -74.31 -70.41 -66.50 -62.48 -58.45 -54.47 -50.49 -46.71 -42.92 -39.43 -35.94 -32.80 -29.67 -26.90 -24.13 -21.70 -19.26 -17.13 -15.00 -13.15 -11.29 -9.70 -8.10 -6.78 -5.45 -4.39 -3.34 -2.55 -1.76 -1.20 -0.64 -0.21 0.22 0.64 1.06 1.59 2.12 2.80 3.48 4.28 5.09 5.90 6.72 7.42 8.13 8.59 9.06 9.21 9.36 9.14 8.91 8.28 7.64 6.57
-133.35 -134.05 -134.76 -132.98 -131.20 -127.87 -124.53 -120.64 -116.76 -113.05 -109.34 -106.07 -102.81 -99.88 -96.95 -94.05 -91.15 -88.00 -84.86 -81.36 -77.86 -74.08 -70.29 -66.37 -62.44 -58.54 -54.64 -50.93 -47.21 -43.78 -40.36 -37.30 -34.24 -31.55 -28.87 -26.53 -24.19 -22.15 -20.11 -18.34 -16.56 -15.03 -13.49 -12.20 -10.90 -9.85 -8.80 -8.00 -7.19 -6.60 -6.00 -5.52 -5.05 -4.59 -4.12 -3.57 -3.01 -2.32 -1.63 -0.85 -0.08 0.68 1.44 2.04 2.64 2.96 3.29 3.26 3.24 2.82 2.40 1.56 0.73 -0.53
-135.42 -136.16 -136.91 -135.14 -133.37 -130.04 -126.70 -122.83 -118.97 -115.31 -111.65 -108.48 -105.30 -102.49 -99.68 -96.92 -94.15 -91.15 -88.14 -84.78 -81.41 -77.75 -74.08 -70.26 -66.43 -62.61 -58.80 -55.14 -51.49 -48.14 -44.78 -41.79 -38.81 -36.21 -33.61 -31.36 -29.11 -27.17 -25.22 -23.53 -21.83 -20.35 -18.88 -17.62 -16.35 -15.31 -14.27 -13.45 -12.63 -11.99 -11.36 -10.84 -10.32 -9.81 -9.31 -8.72 -8.14 -7.44 -6.75 -5.99 -5.24 -4.54 -3.85 -3.35 -2.85 -2.67 -2.49 -2.69 -2.89 -3.51 -4.12 -5.15 -6.19 -7.63
-136.42 -137.20 -137.98 -136.25 -134.52 -131.24 -127.95 -124.15 -120.36 -116.80 -113.24 -110.20 -107.16 -104.50 -101.85 -99.25 -96.65 -93.81 -90.97 -87.78 -84.58 -81.07 -77.56 -73.88 -70.20 -66.52 -62.84 -59.32 -55.80 -52.58 -49.36 -46.51 -43.66 -41.21 -38.75 -36.64 -34.53 -32.71 -30.88 -29.28 -27.67 -26.25 -24.83 -23.58 -22.33 -21.27 -20.21 -19.35 -18.49 -17.80 -17.11 -16.54 -15.97 -15.43 -14.88 -14.29 -13.69 -13.02 -12.34 -11.64 -10.94 -10.34 -9.74 -9.37 -9.01 -8.99 -8.97 -9.36 -9.76 -10.57 -11.38 -12.60 -13.82 -15.43
-137.42 -138.24 -139.06 -137.37 -135.68 -132.44 -129.20 -125.47 -121.74 -118.29 -114.83 -111.92 -109.01 -106.51 -104.01 -101.58 -99.14 -96.48 -93.81 -90.77 -87.74 -84.39 -81.04 -77.51 -73.97 -70.43 -66.88 -63.49 -60.11 -57.02 -53.93 -51.23 -48.52 -46.20 -43.89 -41.92 -39.95 -38.25 -36.54 -35.03 -33.52 -32.15 -30.78 -29.54 -28.31 -27.23 -26.15 -25.25 -24.35 -23.61 -22.87 -22.25 -21.63 -21.04 -20.46 -19.86 -19.25 -18.59 -17.94 -17.29 -16.65 -16.14 -15.63 -15.40 -15.16 -15.31 -15.46 -16.04 -16.62 -17.63 -18.64 -20.05 -21.46 -23.24
-137.15 -138.01 -138.87 -137.24 -135.61 -132.46 -129.30 -125.69 -122.08 -118.76 -115.44 -112.70 -109.95 -107.62 -105.30 -103.05 -100.80 -98.32 -95.83 -92.99 -90.14 -86.98 -83.81 -80.47 -77.12 -73.76 -70.40 -67.21 -64.01 -61.12 -58.23 -55.72 -53.21 -51.09 -48.97 -47.18 -45.39 -43.83 -42.28 -40.87 -39.46 -38.14 -36.83 -35.60 -34.37 -33.26 -32.16 -31.22 -30.27 -29.49 -28.71 -28.06 -27.41 -26.82 -26.24 -25.67 -25.10 -24.51 -23.93 -23.39 -22.86 -22.49 -22.12 -22.05 -21.97 -22.30 -22.63 -23.39 -24.15 -25.33 -26.51 -28.07 -29.63 -31.52
-136.88 -137.78 -138.68 -137.11 -135.54 -132.47 -129.41 -125.91 -122.41 -119.24 -116.06 -113.47 -110.88 -108.73 -106.58 -104.52 -102.45 -100.16 -97.86 -95.20 -92.54 -89.56 -86.59 -83.43 -80.27 -77.10 -73.93 -70.92 -67.92 -65.22 -62.52 -60.21 -57.90 -55.98 -54.05 -52.44 -50.83 -49.42 -48.02 -46.71 -45.41 -44.14 -42.88 -41.65 -40.43 -39.30 -38.17 -37.18 -36.20 -35.37 -34.55 -33.87 -33.19 -32.61 -32.02 -31.48 -30.94 -30.43 -29.92 -29.50 -29.07 -28.84 -28.61 -28.70 -28.79 -29.29 -29.79 -30.73 -31.67 -33.02 -34.38 -36.09 -37.80 -39.80
-135.28 -136.21 -137.14 -135.65 -134.16 -131.21 -128.27 -124.92 -121.57 -118.56 -115.54 -113.13 -110.72 -108.75 -106.79 -104.91 -103.03 -100.93 -98.83 -96.37 -93.92 -91.15 -88.38 -85.44 -82.50 -79.56 -76.62 -73.86 -71.09 -68.64 -66.20 -64.13 -62.07 -60.38 -58.69 -57.29 -55.89 -54.66 -53.43 -52.25 -51.06 -49.86 -48.65 -47.44 -46.22 -45.08 -43.93 -42.91 -41.90 -41.06 -40.22 -39.56 -38.89 -38.36 -37.83 -37.38 -36.94 -36.56 -36.18 -35.92 -35.66 -35.61 -35.56 -35.83 -36.10 -36.77 -37.45 -38.53 -39.62 -41.10 -42.57 -44.36 -46.15 -48.19
-133.68 -134.64 -135.60 -134.19 -132.78 -129.95 -127.13 -123.93 -120.72 -117.88 -115.03 -112.79 -110.56 -108.77 -106.99 -105.30 -103.62 -101.71 -99.80 -97.55 -95.29 -92.73 -90.17 -87.45 -84.73 -82.02 -79.31 -76.79 -74.27 -72.07 -69.87 -68.05 -66.24 -64.79 -63.33 -62.15 -60.96 -59.91 -58.85 -57.78 -56.72 -55.57 -54.42 -53.22 -52.02 -50.85 -49.68 -48.64 -47.60 -46.75 -45.90 -45.25 -44.60 -44.12 -43.64 -43.28 -42.93 -42.69 -42.44 -42.35 -42.25 -42.38 -42.51 -42.97 -43.42 -44.26 -45.10 -46.34 -47.57 -49.17 -50.76 -52.63 -54.51 -56.58
-130.84 -131.82 -132.80 -131.48 -130.16 -127.48 -124.79 -121.75 -118.72 -116.05 -113.38 -111.32 -109.26 -107.66 -106.06 -104.56 -103.06 -101.35 -99.63 -97.59 -95.54 -93.21 -90.88 -88.40 -85.93 -83.49 -81.04 -78.80 -76.56 -74.64 -72.73 -71.19 -69.66 -68.48 -67.29 -66.35 -65.40 -64.54 -63.68 -62.75 -61.82 -60.75 -59.68 -58.50 -57.33 -56.16 -55.00 -53.96 -52.92 -52.10 -51.27 -50.68 -50.09 -49.71 -49.33 -49.13 -48.92 -48.85 -48.79 -48.89 -48.99 -49.32 -49.64 -50.27 -50.90 -51.88 -52.85 -54.18 -55.51 -57.15 -58.78 -60.66 -62.54 -64.57
-128.00 -129.00 -130.00 -128.77 -127.54 -125.00 -122.45 -119.58 -116.71 -114.22 -111.72 -109.85 -107.97 -106.55 -105.13 -103.81 -102.50 -100.98 -99.47 -97.63 -95.79 -93.69 -91.59 -89.36 -87.13 -84.95 -82.77 -80.81 -78.84 -77.21 -75.59 -74.34 -73.09 -72.17 -71.25 -70.55 -69.84 -69.17 -68.50 -67.71 -66.92 -65.92 -64.93 -63.78 -62.64 -61.47 -60.31 -59.28 -58.25 -57.44 -56.64 -56.11 -55.58 -55.31 -55.03 -54.97 -54.90 -55.02 -55.13 -55.43 -55.73 -56.25 -56.78 -57.58 -58.38 -59.49 -60.60 -62.02 -63.44 -65.13 -66.81 -68.69 -70.57 -72.56
-124.11 -125.12 -126.13 -124.99 -123.85 -121.45 -119.06 -116.36 -113.66 -111.34 -109.02 -107.32 -105.61 -104.37 -103.12 -101.98 -100.84 -99.53 -98.21 -96.59 -94.97 -93.11 -91.25 -89.29 -87.33 -85.44 -83.55 -81.89 -80.22 -78.90 -77.58 -76.63 -75.68 -75.05 -74.41 -73.96 -73.51 -73.05 -72.59 -71.95 -71.31 -70.42 -69.52 -68.44 -67.35 -66.22 -65.10 -64.11 -63.12 -62.38 -61.65 -61.22 -60.79 -60.65 -60.51 -60.61 -60.72 -61.02 -61.32 -61.81 -62.30 -63.00 -63.70 -64.62 -65.55 -66.73 -67.91 -69.34 -70.77 -72.42 -74.06 -75.86 -77.66 -79.52
-120.22 -121.24 -122.25 -121.21 -120.16 -117.91 -115.66 -113.13 -110.61 -108.47 -106.33 -104.79 -103.26 -102.18 -101.10 -100.15 -99.19 -98.07 -96.95 -95.55 -94.15 -92.53 -90.91 -89.22 -87.53 -85.92 -84.32 -82.96 -81.60 -80.59 -79.57 -78.92 -78.27 -77.92 -77.58 -77.38 -77.18 -76.93 -76.67 -76.19 -75.71 -74.91 -74.12 -73.09 -72.06 -70.97 -69.88 -68.94 -67.99 -67.32 -66.65 -66.32 -65.99 -65.99 -65.99 -66.26 -66.53 -67.02 -67.51 -68.19 -68.88 -69.74 -70.61 -71.67 -72.72 -73.97 -75.21 -76.66 -78.10 -79.71 -81.31 -83.03 -84.74 -86.49
-115.44 -116.45 -117.46 -116.51 -115.55 -113.45 -111.34 -108.98 -106.63 -104.66 -102.68 -101.31 -99.94 -99.02 -98.10 -97.32 -96.54 -95.61 -94.69 -93.52 -92.35 -91.00 -89.64 -88.23 -86.82 -85.53 -84.23 -83.18 -82.14 -81.43 -80.73 -80.39 -80.04 -79.98 -79.91 -79.97 -80.03 -79.99 -79.96 -79.65 -79.34 -78.68 -78.01 -77.08 -76.14 -75.14 -74.13 -73.27 -72.40 -71.84 -71.27 -71.06 -70.86 -71.00 -71.14 -71.57 -72.00 -72.65 -73.30 -74.13 -74.95 -75.93 -76.90 -77.99 -79.09 -80.32 -81.54 -82.89 -84.25 -85.72 -87.20 -88.75 -90.30 -91.87
-110.65 -111.66 -112.67 -111.81 -110.94 -108.98 -107.02 -104.83 -102.65 -100.84 -99.04 -97.83 -96.62 -95.86 -95.10 -94.49 -93.88 -93.16 -92.43 -91.49 -90.56 -89.46 -88.36 -87.24 -86.12 -85.13 -84.13 -83.40 -82.67 -82.28 -81.89 -81.85 -81.81 -82.03 -82.25 -82.57 -82.88 -83.06 -83.25 -83.11 -82.98 -82.44 -81.91 -81.07 -80.23 -79.31 -78.38 -77.60 -76.82 -76.35 -75.88 -75.80 -75.72 -76.01 -76.29 -76.88 -77.47 -78.28 -79.09 -80.06 -81.03 -82.11 -83.18 -84.32 -85.46 -86.66 -87.86 -89.13 -90.40 -91.74 -93.09 -94.48 -95.86 -97.25
-105.00 -106.00 -107.00 -106.22 -105.44 -103.63 -101.82 -99.81 -97.79 -96.15 -94.51 -93.45 -92.39 -91.78 -91.18 -90.74 -90.31 -89.79 -89.28 -88.59 -87.90 -87.09 -86.28 -85.46 -84.65 -83.97 -83.30 -82.88 -82.47 -82.40 -82.32 -82.58 -82.84 -83.34 -83.83 -84.40 -84.96 -85.37 -85.78 -85.83 -85.88 -85.51 -85.13 -84.43 -83.73 -82.92 -82.12 -81.46 -80.80 -80.45 -80.10 -80.15 -80.19 -80.61 -81.03 -81.74 -82.45 -83.36 -84.27 -85.30 -86.33 -87.42 -88.50 -89.59 -90.67 -91.74 -92.82 -93.90 -94.98 -96.10 -97.22 -98.38 -99.53 -100.70
-99.35 -100.34 -101.33 -100.64 -99.94 -98.28 -96.62 -94.78 -92.93 -91.45 -89.98 -89.07 -88.16 -87.71 -87.26 -87.00 -86.73 -86.43 -86.13 -85.69 -85.25 -84.72 -84.19 -83.68 -83.17 -82.82 -82.46 -82.37 -82.27 -82.51 -82.75 -83.31 -83.86 -84.64 -85.41 -86.23 -87.05 -87.68 -88.30 -88.55 -88.79 -88.57 -88.36 -87.79 -87.23 -86.54 -85.86 -85.32 -84.77 -84.55 -84.32 -84.50 -84.67 -85.21 -85.76 -86.59 -87.42 -88.43 -89.45 -90.54 -91.64 -92.73 -93.82 -94.85 -95.88 -96.83 -97.77 -98.67 -99.56 -100.46 -101.36 -102.28 -103.20 -104.14
-92.77 -93.74 -94.71 -94.10 -93.49 -91.99 -90.48 -88.81 -87.15 -85.84 -84.54 -83.79 -83.04 -82.75 -82.46 -82.39 -82.31 -82.24 -82.17 -82.01 -81.85 -81.63 -81.41 -81.24 -81.06 -81.04 -81.01 -81.25 -81.48 -82.03 -82.57 -83.42 -84.27 -85.31 -86.36 -87.42 -88.49 -89.34 -90.19 -90.64 -91.08 -91.05 -91.02 -90.62 -90.22 -89.69 -89.16 -88.75 -88.34 -88.24 -88.14 -88.42 -88.70 -89.33 -89.97 -90.86 -91.75 -92.79 -93.83 -94.90 -95.96 -96.97 -97.98 -98.85 -99.72 -100.45 -101.17 -101.80 -102.42 -103.03 -103.63 -104.27 -104.91 -105.59
-86.19 -87.14 -88.08 -87.56 -87.04 -85.69 -84.34 -82.85 -81.36 -80.23 -79.10 -78.51 -77.92 -77.79 -77.66 -77.78 -77.89 -78.06 -78.22 -78.33 -78.45 -78.55 -78.64 -78.79 -78.94 -79.25 -79.56 -80.12 -80.68 -81.54 -82.40 -83.54 -84.68 -85.99 -87.31 -88.62 -89.93 -91.01 -92.08 -92.73 -93.38 -93.53 -93.69 -93.45 -93.22 -92.84 -92.45 -92.18 -91.91 -91.93 -91.95 -92.34 -92.73 -93.45 -94.18 -95.13 -96.09 -97.15 -98.21 -99.25 -100.29 -101.21 -102.13 -102.85 -103.57 -104.07 -104.57 -104.93 -105.28 -105.59 -105.90 -106.26 -106.61 -107.04
-78.55 -79.45 -80.35 -79.92 -79.49 -78.31 -77.13 -75.84 -74.55 -73.62 -72.68 -72.28 -71.87 -71.94 -72.00 -72.34 -72.68 -73.11 -73.54 -73.97 -74.40 -74.84 -75.28 -75.79 -76.30 -76.96 -77.62 -78.52 -79.41 -80.58 -81.75 -83.18 -84.60 -86.18 -87.77 -89.32 -90.88 -92.18 -93.49 -94.35 -95.21 -95.56 -95.91 -95.86 -95.81 -95.59 -95.36 -95.22 -95.07 -95.20 -95.32 -95.77 -96.23 -96.99 -97.74 -98.69 -99.63 -100.64 -101.64 -102.57 -103.50 -104.25 -105.00 -105.49 -105.97 -106.19 -106.40 -106.43 -106.46 -106.43 -106.41 -106.45 -106.49 -106.66
-70.90 -71.76 -72.62 -72.27 -71.93 -70.92 -69.91 -68.83 -67.74 -67.00 -66.26 -66.05 -65.83 -66.09 -66.34 -66.90 -67.46 -68.16 -68.86 -69.60 -70.35 -71.13 -71.92 -72.78 -73.65 -74.66 -75.68 -76.91 -78.14 -79.62 -81.10 -82.82 -84.53 -86.38 -88.22 -90.03 -91.83 -93.36 -94.89 -95.97 -97.04 -97.59 -98.14 -98.27 -98.40 -98.34 -98.27 -98.26 -98.24 -98.46 -98.68 -99.21 -99.73 -100.52 -101.31 -102.24 -103.18 -104.13 -105.07 -105.89 -106.71 -107.29 -107.87 -108.12 -108.37 -108.30 -108.23 -107.93 -107.63 -107.27 -106.91 -106.64 -106.37 -106.27
-62.05 -62.85 -63.65 -63.40 -63.14 -62.33 -61.52 -60.67 -59.82 -59.32 -58.82 -58.84 -58.85 -59.34 -59.84 -60.66 -61.49 -62.49 -63.50 -64.60 -65.70 -66.86 -68.03 -69.28 -70.53 -71.92 -73.31 -74.89 -76.46 -78.27 -80.07 -82.07 -84.08 -86.19 -88.31 -90.36 -92.40 -94.17 -95.93 -97.23 -98.52 -99.27 -100.03 -100.34 -100.65 -100.73 -100.81 -100.90 -100.99 -101.27 -101.54 -102.07 -102.60 -103.35 -104.10 -104.95 -105.79 -106.61 -107.42 -108.05 -108.69 -109.04 -109.38 -109.35 -109.32 -108.92 -108.53 -107.88 -107.23 -106.52 -105.81 -105.22 -104.63 -104.27
-53.20 -53.94 -54.68 -54.52 -54.36 -53.74 -53.12 -52.51 -51.90 -51.64 -51.38 -51.62 -51.87 -52.60 -53.33 -54.42 -55.51 -56.83 -58.14 -59.59 -61.05 -62.59 -64.14 -65.78 -67.42 -69.18 -70.94 -72.86 -74.79 -76.91 -79.03 -81.33 -83.63 -86.01 -88.39 -90.68 -92.98 -94.98 -96.97 -98.48 -100.00 -100.95 -101.91 -102.40 -102.89 -103.12 -103.35 -103.55 -103.74 -104.07 -104.40 -104.94 -105.47 -106.18 -106.89 -107.65 -108.41 -109.08 -109.76 -110.22 -110.67 -110.78 -110.90 -110.58 -110.27 -109.55 -108.83 -107.83 -106.83 -105.78 -104.72 -103.81 -102.90 -102.27
-43.16 -43.82 -44.48 -44.42 -44.36 -43.97 -43.57 -43.23 -42.90 -42.93 -42.95 -43.48 -44.00 -45.01 -46.02 -47.42 -48.81 -50.48 -52.14 -53.98 -55.83 -57.78 -59.74 -61.79 -63.84 -66.00 -68.15 -70.44 -72.73 -75.18 -77.63 -80.23 -82.83 -85.49 -88.14 -90.69 -93.24 -95.47 -97.70 -99.43 -101.17 -102.32 -103.48 -104.13 -104.79 -105.14 -105.49 -105.75 -106.01 -106.33 -106.66 -107.13 -107.60 -108.18 -108.77 -109.36 -109.96 -110.44 -110.91 -111.13 -111.35 -111.19 -111.03 -110.41 -109.79 -108.73 -107.67 -106.33 -104.99 -103.59 -102.19 -100.97 -99.75 -98.85
-33.13 -33.70 -34.28 -34.32 -34.37 -34.19 -34.02 -33.96 -33.90 -34.22 -34.53 -35.33 -36.13 -37.42 -38.71 -40.42 -42.12 -44.13 -46.15 -48.38 -50.60 -52.97 -55.34 -57.81 -60.27 -62.81 -65.36 -68.01 -70.66 -73.45 -76.23 -79.13 -82.03 -84.96 -87.89 -90.70 -93.50 -95.97 -98.43 -100.38 -102.33 -103.69 -105.04 -105.87 -106.69 -107.16 -107.63 -107.95 -108.27 -108.59 -108.91 -109.31 -109.72 -110.18 -110.65 -111.08 -111.52 -111.79 -112.06 -112.04 -112.02 -111.59 -111.16 -110.23 -109.31 -107.92 -106.52 -104.83 -103.14 -101.40 -99.66 -98.13 -96.59 -95.43
