test/esri_led_0/synt_tma_0m_led_0.esri
nrows             510
ncols             462
xllcorner      398000.00
yllcorner     7846000.00
cellsize          500.00
NODATA_value    -9999
[rows 0 to 32 of 510, columns 375 to 449 of 462]
0.00 0.00 0.00 0.00 0.00 0.00 0.00 0.00 0.00 0.00 0.00 0.00 0.00 0.00 0.00 0.00 0.00 0.00 0.00 0.00 0.00 0.00 0.00 0.00 0.00 0.00 0.00 0.00 0.00 0.00 0.00 0.00 0.00 0.00 0.00 0.00 0.00 0.00 0.00 0.00 0.00 0.00 0.00 0.00 0.00 0.00 0.00 0.00 0.00 0.00 0.00 0.00 0.00 0.00 0.00 0.00 0.00 0.00 0.00 0.00 0.00 0.00 0.00 0.00 0.00 0.00 0.00 0.00 0.00 0.00 0.00 0.00 0.00 0.00 0.00
-17.67 -19.11 -20.18 -21.25 -21.91 -22.56 -22.79 -23.01 -22.81 -22.62 -22.02 -21.43 -20.47 -19.51 -18.22 -16.94 -15.40 -13.85 -12.09 -10.34 -8.45 -6.56 -4.62 -2.68 -0.78 1.11 2.85 4.60 6.07 7.53 8.60 9.67 10.22 10.76 10.68 10.59 9.79 9.00 7.44 5.88 3.55 1.23 -1.82 -4.86 -8.52 -12.18 -16.31 -20.43 -24.82 -29.20 -33.62 -38.04 -42.25 -46.47 -50.26 -54.06 -57.28 -60.49 -63.03 -65.57 -67.40 -69.22 -70.33 -71.44 -71.80 -72.17 -71.73 -71.29 -69.94 -68.59 -66.24 -63.90 -60.54 -57.18 -52.96
-19.35 -20.88 -22.00 -23.12 -23.81 -24.49 -24.73 -24.96 -24.75 -24.54 -23.92 -23.29 -22.28 -21.27 -19.92 -18.58 -16.95 -15.33 -13.49 -11.65 -9.66 -7.68 -5.64 -3.61 -1.61 0.38 2.22 4.05 5.61 7.16 8.30 9.44 10.05 10.65 10.60 10.55 9.77 8.98 7.41 5.84 3.48 1.11 -2.00 -5.11 -8.86 -12.61 -16.83 -21.06 -25.56 -30.05 -34.58 -39.10 -43.40 -47.71 -51.56 -55.42 -58.66 -61.90 -64.43 -66.95 -68.74 -70.53 -71.57 -72.62 -72.91 -73.20 -72.66 -72.12 -70.63 -69.15 -66.61 -64.07 -60.47 -56.86 -52.33
-21.04 -22.64 -23.81 -24.99 -25.71 -26.42 -26.67 -26.91 -26.69 -26.47 -25.81 -25.15 -24.09 -23.03 -21.62 -20.21 -18.51 -16.81 -14.88 -12.95 -10.88 -8.80 -6.67 -4.53 -2.44 -0.35 1.58 3.51 5.14 6.78 8.00 9.21 9.87 10.53 10.52 10.51 9.74 8.97 7.39 5.81 3.40 1.00 -2.17 -5.35 -9.19 -13.03 -17.36 -21.69 -26.30 -30.91 -35.54 -40.16 -44.56 -48.95 -52.86 -56.78 -60.04 -63.30 -65.82 -68.34 -70.08 -71.83 -72.82 -73.80 -74.02 -74.23 -73.59 -72.95 -71.32 -69.70 -66.98 -64.25 -60.39 -56.54 -51.70
-23.02 -24.68 -25.90 -27.12 -27.86 -28.60 -28.85 -29.10 -28.87 -28.64 -27.96 -27.27 -26.17 -25.07 -23.61 -22.15 -20.38 -18.62 -16.62 -14.62 -12.47 -10.32 -8.11 -5.90 -3.73 -1.56 0.44 2.44 4.14 5.85 7.12 8.39 9.10 9.81 9.84 9.87 9.13 8.39 6.83 5.26 2.86 0.46 -2.72 -5.90 -9.76 -13.62 -17.98 -22.33 -26.97 -31.60 -36.25 -40.89 -45.28 -49.67 -53.56 -57.45 -60.66 -63.86 -66.30 -68.73 -70.38 -72.03 -72.91 -73.78 -73.88 -73.98 -73.21 -72.44 -70.67 -68.90 -65.98 -63.06 -58.96 -54.86 -49.75
-25.00 -26.72 -27.98 -29.24 -30.01 -30.78 -31.04 -31.30 -31.06 -30.82 -30.11 -29.39 -28.25 -27.11 -25.60 -24.08 -22.25 -20.42 -18.35 -16.29 -14.06 -11.83 -9.55 -7.26 -5.02 -2.78 -0.71 1.37 3.14 4.91 6.24 7.57 8.33 9.09 9.16 9.24 8.52 7.81 6.26 4.72 2.32 -0.07 -3.26 -6.46 -10.33 -14.21 -18.59 -22.98 -27.64 -32.30 -36.96 -41.62 -46.01 -50.40 -54.26 -58.12 -61.27 -64.43 -66.78 -69.13 -70.68 -72.23 -72.99 -73.76 -73.74 -73.72 -72.83 -71.94 -70.01 -68.09 -64.98 -61.87 -57.53 -53.19 -47.79
-27.09 -28.86 -30.15 -31.45 -32.24 -33.03 -33.29 -33.56 -33.32 -33.07 -32.34 -31.61 -30.44 -29.27 -27.71 -26.15 -24.27 -22.39 -20.26 -18.14 -15.86 -13.57 -11.23 -8.88 -6.59 -4.29 -2.17 -0.05 1.77 3.58 4.96 6.33 7.14 7.94 8.05 8.16 7.49 6.82 5.32 3.81 1.46 -0.89 -4.04 -7.18 -11.01 -14.84 -19.17 -23.51 -28.11 -32.71 -37.30 -41.90 -46.20 -50.50 -54.25 -58.00 -61.02 -64.04 -66.25 -68.45 -69.84 -71.24 -71.85 -72.47 -72.30 -72.13 -71.09 -70.05 -67.97 -65.89 -62.59 -59.29 -54.72 -50.16 -44.51
-29.18 -31.00 -32.33 -33.66 -34.47 -35.28 -35.55 -35.83 -35.57 -35.32 -34.57 -33.82 -32.62 -31.42 -29.82 -28.22 -26.29 -24.36 -22.17 -19.99 -17.65 -15.31 -12.91 -10.51 -8.16 -5.81 -3.64 -1.47 0.39 2.26 3.68 5.09 5.94 6.78 6.93 7.09 6.46 5.83 4.37 2.91 0.60 -1.71 -4.81 -7.91 -11.69 -15.47 -19.76 -24.04 -28.58 -33.12 -37.65 -42.17 -46.38 -50.60 -54.24 -57.88 -60.77 -63.66 -65.72 -67.77 -69.01 -70.25 -70.71 -71.17 -70.85 -70.54 -69.35 -68.17 -65.92 -63.68 -60.19 -56.71 -51.92 -47.13 -41.23
-31.13 -32.99 -34.35 -35.71 -36.54 -37.37 -37.65 -37.94 -37.68 -37.43 -36.67 -35.90 -34.67 -33.45 -31.81 -30.18 -28.20 -26.23 -24.00 -21.78 -19.39 -17.00 -14.55 -12.11 -9.72 -7.33 -5.12 -2.92 -1.02 0.87 2.32 3.77 4.64 5.52 5.71 5.90 5.33 4.75 3.35 1.94 -0.29 -2.52 -5.54 -8.56 -12.24 -15.93 -20.10 -24.27 -28.69 -33.12 -37.50 -41.89 -45.94 -50.00 -53.47 -56.94 -59.64 -62.34 -64.19 -66.05 -67.10 -68.14 -68.42 -68.69 -68.21 -67.73 -66.39 -65.05 -62.64 -60.24 -56.58 -52.92 -47.93 -42.94 -36.82
-33.09 -34.98 -36.37 -37.76 -38.61 -39.46 -39.75 -40.05 -39.79 -39.54 -38.76 -37.98 -36.73 -35.48 -33.81 -32.14 -30.12 -28.11 -25.83 -23.56 -21.13 -18.69 -16.20 -13.71 -11.28 -8.85 -6.61 -4.36 -2.44 -0.51 0.96 2.44 3.35 4.26 4.49 4.72 4.19 3.66 2.32 0.98 -1.18 -3.34 -6.27 -9.21 -12.79 -16.38 -20.45 -24.51 -28.81 -33.11 -37.35 -41.60 -45.50 -49.40 -52.70 -55.99 -58.50 -61.01 -62.67 -64.34 -65.18 -66.03 -66.12 -66.22 -65.57 -64.92 -63.42 -61.92 -59.36 -56.80 -52.96 -49.13 -43.94 -38.75 -32.41
-34.63 -36.56 -37.98 -39.40 -40.28 -41.15 -41.45 -41.76 -41.51 -41.25 -40.47 -39.68 -38.41 -37.13 -35.43 -33.73 -31.67 -29.62 -27.30 -24.98 -22.50 -20.01 -17.48 -14.94 -12.48 -10.01 -7.74 -5.46 -3.51 -1.56 -0.06 1.45 2.38 3.32 3.59 3.86 3.38 2.90 1.62 0.34 -1.73 -3.81 -6.64 -9.47 -12.94 -16.40 -20.33 -24.25 -28.39 -32.53 -36.60 -40.68 -44.38 -48.09 -51.18 -54.26 -56.55 -58.84 -60.28 -61.72 -62.35 -62.99 -62.89 -62.79 -61.97 -61.15 -59.50 -57.85 -55.14 -52.43 -48.44 -44.45 -39.09 -33.73 -27.21
-36.17 -38.14 -39.59 -41.05 -41.94 -42.84 -43.16 -43.47 -43.22 -42.97 -42.18 -41.38 -40.09 -38.79 -37.06 -35.32 -33.23 -31.13 -28.77 -26.40 -23.87 -21.34 -18.76 -16.18 -13.68 -11.17 -8.87 -6.56 -4.58 -2.61 -1.08 0.45 1.41 2.38 2.68 2.99 2.56 2.13 0.92 -0.29 -2.29 -4.28 -7.01 -9.73 -13.08 -16.42 -20.21 -23.99 -27.97 -31.96 -35.85 -39.75 -43.26 -46.78 -49.65 -52.53 -54.60 -56.67 -57.88 -59.10 -59.52 -59.95 -59.65 -59.36 -58.37 -57.38 -55.58 -53.77 -50.92 -48.07 -43.92 -39.77 -34.24 -28.70 -22.00
-37.08 -39.09 -40.59 -42.08 -43.00 -43.92 -44.26 -44.60 -44.35 -44.11 -43.30 -42.50 -41.18 -39.87 -38.10 -36.33 -34.19 -32.05 -29.63 -27.21 -24.62 -22.04 -19.40 -16.77 -14.22 -11.66 -9.32 -6.98 -4.97 -2.96 -1.40 0.16 1.15 2.14 2.48 2.82 2.44 2.05 0.91 -0.24 -2.16 -4.07 -6.70 -9.32 -12.55 -15.77 -19.41 -23.06 -26.88 -30.70 -34.41 -38.13 -41.44 -44.76 -47.42 -50.08 -51.92 -53.77 -54.77 -55.76 -55.98 -56.19 -55.71 -55.24 -54.09 -52.95 -51.01 -49.07 -46.09 -43.11 -38.84 -34.56 -28.88 -23.21 -16.36
-37.99 -40.05 -41.58 -43.10 -44.06 -45.01 -45.36 -45.72 -45.48 -45.24 -44.43 -43.62 -42.28 -40.94 -39.14 -37.34 -35.15 -32.96 -30.49 -28.02 -25.37 -22.73 -20.04 -17.36 -14.76 -12.16 -9.77 -7.39 -5.35 -3.30 -1.72 -0.14 0.89 1.91 2.28 2.66 2.32 1.98 0.89 -0.20 -2.03 -3.86 -6.39 -8.91 -12.02 -15.12 -18.62 -22.12 -25.78 -29.44 -32.97 -36.51 -39.62 -42.74 -45.18 -47.63 -49.25 -50.87 -51.65 -52.42 -52.43 -52.44 -51.78 -51.12 -49.81 -48.51 -46.44 -44.37 -41.26 -38.16 -33.75 -29.35 -23.53 -17.72 -10.72
-38.16 -40.28 -41.85 -43.42 -44.41 -45.40 -45.78 -46.15 -45.92 -45.70 -44.88 -44.06 -42.70 -41.33 -39.49 -37.64 -35.40 -33.16 -30.62 -28.08 -25.37 -22.65 -19.89 -17.14 -14.47 -11.80 -9.36 -6.92 -4.83 -2.74 -1.12 0.50 1.56 2.62 3.03 3.44 3.14 2.84 1.81 0.77 -1.00 -2.77 -5.21 -7.65 -10.65 -13.65 -17.03 -20.41 -23.92 -27.44 -30.81 -34.18 -37.11 -40.04 -42.28 -44.53 -45.95 -47.36 -47.94 -48.51 -48.33 -48.15 -47.34 -46.52 -45.08 -43.65 -41.47 -39.30 -36.10 -32.90 -28.40 -23.90 -17.97 -12.05 -4.93
-38.34 -40.51 -42.12 -43.74 -44.76 -45.79 -46.19 -46.59 -46.37 -46.15 -45.32 -44.50 -43.11 -41.73 -39.84 -37.95 -35.65 -33.36 -30.75 -28.15 -25.36 -22.57 -19.74 -16.91 -14.18 -11.45 -8.95 -6.45 -4.32 -2.18 -0.52 1.14 2.23 3.33 3.77 4.22 3.96 3.70 2.72 1.73 0.03 -1.67 -4.03 -6.39 -9.29 -12.19 -15.44 -18.70 -22.07 -25.44 -28.64 -31.84 -34.59 -37.33 -39.38 -41.43 -42.64 -43.86 -44.23 -44.60 -44.24 -43.87 -42.89 -41.92 -40.35 -38.79 -36.51 -34.23 -30.94 -27.65 -23.05 -18.45 -12.41 -6.38 0.86
-37.81 -40.04 -41.71 -43.38 -44.44 -45.50 -45.93 -46.36 -46.15 -45.94 -45.11 -44.27 -42.86 -41.44 -39.51 -37.58 -35.21 -32.85 -30.17 -27.48 -24.61 -21.73 -18.81 -15.89 -13.08 -10.26 -7.68 -5.11 -2.91 -0.70 1.01 2.73 3.87 5.01 5.49 5.98 5.76 5.54 4.60 3.66 2.00 0.35 -1.94 -4.24 -7.06 -9.88 -13.03 -16.19 -19.44 -22.69 -25.76 -28.82 -31.41 -33.99 -35.87 -37.74 -38.78 -39.81 -40.01 -40.21 -39.69 -39.17 -38.07 -36.96 -35.30 -33.64 -31.29 -28.94 -25.59 -22.24 -17.58 -12.91 -6.80 -0.70 6.63
-37.28 -39.57 -41.30 -43.02 -44.12 -45.22 -45.68 -46.13 -45.93 -45.73 -44.89 -44.05 -42.60 -41.16 -39.18 -37.20 -34.77 -32.34 -29.58 -26.82 -23.86 -20.89 -17.88 -14.87 -11.97 -9.07 -6.41 -3.76 -1.49 0.78 2.55 4.32 5.51 6.69 7.22 7.74 7.56 7.38 6.48 5.58 3.98 2.38 0.14 -2.09 -4.83 -7.57 -10.63 -13.68 -16.82 -19.95 -22.87 -25.79 -28.22 -30.65 -32.35 -34.05 -34.91 -35.76 -35.79 -35.82 -35.14 -34.47 -33.24 -32.00 -30.25 -28.49 -26.07 -23.65 -20.24 -16.83 -12.11 -7.38 -1.20 4.99 12.39
-36.19 -38.55 -40.33 -42.11 -43.25 -44.39 -44.87 -45.35 -45.16 -44.97 -44.12 -43.26 -41.79 -40.32 -38.29 -36.26 -33.76 -31.26 -28.41 -25.56 -22.50 -19.44 -16.33 -13.21 -10.20 -7.20 -4.45 -1.70 0.65 3.01 4.85 6.70 7.94 9.19 9.76 10.34 10.20 10.06 9.20 8.34 6.78 5.22 3.03 0.85 -1.83 -4.50 -7.48 -10.46 -13.49 -16.53 -19.33 -22.13 -24.42 -26.71 -28.26 -29.81 -30.52 -31.22 -31.10 -30.98 -30.18 -29.38 -28.06 -26.73 -24.91 -23.09 -20.63 -18.17 -14.74 -11.31 -6.56 -1.81 4.42 10.64 18.10
-35.10 -37.53 -39.36 -41.20 -42.38 -43.56 -44.07 -44.57 -44.39 -44.21 -43.35 -42.48 -40.98 -39.48 -37.40 -35.32 -32.75 -30.18 -27.24 -24.31 -21.15 -17.99 -14.77 -11.55 -8.44 -5.33 -2.48 0.36 2.80 5.24 7.16 9.08 10.38 11.69 12.31 12.93 12.84 12.74 11.92 11.09 9.58 8.06 5.92 3.79 1.17 -1.44 -4.34 -7.24 -10.17 -13.10 -15.79 -18.47 -20.62 -22.77 -24.17 -25.58 -26.12 -26.67 -26.41 -26.15 -25.22 -24.30 -22.88 -21.45 -19.57 -17.69 -15.20 -12.70 -9.25 -5.79 -1.02 3.76 10.03 16.30 23.81
-33.64 -36.14 -38.03 -39.91 -41.13 -42.35 -42.88 -43.40 -43.23 -43.05 -42.18 -41.31 -39.78 -38.24 -36.11 -33.98 -31.34 -28.71 -25.68 -22.66 -19.40 -16.13 -12.81 -9.48 -6.25 -3.03 -0.07 2.88 5.42 7.97 9.97 11.98 13.36 14.74 15.43 16.11 16.07 16.02 15.24 14.46 12.99 11.51 9.42 7.33 4.78 2.22 -0.60 -3.43 -6.27 -9.11 -11.69 -14.26 -16.28 -18.31 -19.57 -20.84 -21.25 -21.66 -21.27 -20.88 -19.86 -18.84 -17.35 -15.86 -13.95 -12.04 -9.54 -7.04 -3.59 -0.15 4.62 9.40 15.67 21.94 29.48
-32.18 -34.75 -36.69 -38.62 -39.88 -41.14 -41.69 -42.24 -42.07 -41.90 -41.01 -40.13 -38.57 -37.01 -34.83 -32.65 -29.94 -27.23 -24.12 -21.01 -17.64 -14.28 -10.84 -7.40 -4.06 -0.73 2.34 5.40 8.05 10.69 12.79 14.88 16.34 17.79 18.54 19.29 19.29 19.30 18.56 17.83 16.40 14.96 12.92 10.88 8.38 5.88 3.13 0.38 -2.37 -5.12 -7.58 -10.04 -11.94 -13.84 -14.97 -16.10 -16.37 -16.65 -16.13 -15.62 -14.50 -13.38 -11.82 -10.26 -8.32 -6.38 -3.87 -1.37 2.07 5.50 10.26 15.03 21.31 27.59 35.14
-30.52 -33.15 -35.13 -37.12 -38.40 -39.69 -40.26 -40.82 -40.66 -40.49 -39.60 -38.70 -37.11 -35.53 -33.30 -31.08 -28.31 -25.54 -22.34 -19.15 -15.69 -12.23 -8.68 -5.14 -1.68 1.77 4.95 8.13 10.89 13.64 15.84 18.04 19.59 21.13 21.96 22.78 22.85 22.92 22.24 21.56 20.18 18.80 16.81 14.83 12.39 9.96 7.28 4.61 1.95 -0.70 -3.05 -5.40 -7.17 -8.94 -9.93 -10.93 -11.08 -11.22 -10.60 -9.98 -8.78 -7.57 -5.97 -4.37 -2.42 -0.47 2.01 4.49 7.88 11.28 16.00 20.73 26.98 33.23 40.78
-28.86 -31.56 -33.58 -35.61 -36.93 -38.25 -38.83 -39.41 -39.25 -39.08 -38.18 -37.27 -35.66 -34.04 -31.77 -29.51 -26.67 -23.84 -20.57 -17.29 -13.74 -10.18 -6.53 -2.87 0.70 4.27 7.57 10.86 13.73 16.60 18.90 21.20 22.84 24.47 25.37 26.28 26.41 26.54 25.92 25.29 23.96 22.63 20.70 18.77 16.40 14.03 11.43 8.84 6.28 3.72 1.49 -0.75 -2.39 -4.04 -4.90 -5.76 -5.78 -5.80 -5.07 -4.34 -3.06 -1.77 -0.13 1.52 3.47 5.43 7.89 10.34 13.70 17.06 21.74 26.43 32.66 38.88 46.41
-27.11 -29.85 -31.92 -33.98 -35.32 -36.66 -37.26 -37.85 -37.69 -37.52 -36.61 -35.69 -34.06 -32.42 -30.11 -27.81 -24.92 -22.04 -18.70 -15.36 -11.72 -8.08 -4.32 -0.56 3.12 6.79 10.21 13.62 16.60 19.59 22.00 24.41 26.15 27.89 28.88 29.87 30.08 30.30 29.74 29.19 27.92 26.66 24.80 22.94 20.64 18.35 15.84 13.33 10.88 8.43 6.31 4.20 2.69 1.17 0.44 -0.29 -0.19 -0.09 0.74 1.57 2.92 4.27 5.94 7.61 9.55 11.49 13.91 16.32 19.61 22.90 27.52 32.14 38.31 44.48 51.96
-25.36 -28.15 -30.25 -32.35 -33.71 -35.08 -35.68 -36.29 -36.12 -35.96 -35.04 -34.11 -32.45 -30.79 -28.45 -26.11 -23.18 -20.24 -16.83 -13.42 -9.69 -5.97 -2.11 1.74 5.53 9.32 12.85 16.38 19.48 22.58 25.10 27.63 29.47 31.30 32.39 33.47 33.76 34.05 33.57 33.08 31.88 30.69 28.89 27.10 24.88 22.66 20.24 17.83 15.48 13.14 11.14 9.15 7.77 6.39 5.79 5.19 5.41 5.63 6.56 7.48 8.90 10.31 12.01 13.70 15.63 17.56 19.93 22.29 25.52 28.75 33.30 37.86 43.97 50.08 57.51
-23.55 -26.38 -28.51 -30.64 -32.02 -33.40 -34.01 -34.62 -34.45 -34.29 -33.36 -32.43 -30.75 -29.07 -26.71 -24.34 -21.37 -18.39 -14.93 -11.46 -7.67 -3.87 0.07 4.01 7.90 11.79 15.43 19.07 22.28 25.49 28.13 30.77 32.72 34.66 35.84 37.03 37.41 37.79 37.39 36.99 35.87 34.75 33.04 31.33 29.20 27.07 24.76 22.44 20.21 17.98 16.11 14.25 13.00 11.75 11.28 10.80 11.14 11.47 12.49 13.50 14.96 16.43 18.13 19.84 21.73 23.63 25.93 28.23 31.38 34.52 38.99 43.45 49.48 55.50 62.85
-21.74 -24.62 -26.77 -28.92 -30.32 -31.71 -32.33 -32.95 -32.79 -32.62 -31.68 -30.74 -29.05 -27.36 -24.96 -22.57 -19.56 -16.54 -13.02 -9.51 -5.64 -1.78 2.25 6.28 10.27 14.25 18.00 21.75 25.08 28.41 31.16 33.91 35.97 38.02 39.30 40.59 41.06 41.53 41.21 40.90 39.86 38.82 37.19 35.56 33.52 31.48 29.27 27.05 24.94 22.82 21.08 19.34 18.23 17.11 16.77 16.42 16.87 17.32 18.42 19.52 21.03 22.54 24.25 25.97 27.83 29.70 31.93 34.17 37.23 40.29 44.67 49.05 54.99 60.93 68.20
-19.88 -22.78 -24.96 -27.13 -28.54 -29.95 -30.57 -31.19 -31.03 -30.86 -29.91 -28.97 -27.27 -25.56 -23.15 -20.74 -17.70 -14.66 -11.11 -7.55 -3.63 0.29 4.39 8.48 12.56 16.63 20.48 24.32 27.76 31.19 34.06 36.92 39.09 41.25 42.64 44.02 44.60 45.17 44.94 44.72 43.77 42.82 41.28 39.75 37.80 35.86 33.75 31.65 29.65 27.65 26.04 24.42 23.43 22.44 22.22 22.00 22.54 23.09 24.26 25.43 26.97 28.52 30.22 31.92 33.74 35.56 37.72 39.88 42.84 45.80 50.07 54.34 60.18 66.01 73.19
-18.02 -20.95 -23.15 -25.34 -26.76 -28.18 -28.80 -29.43 -29.26 -29.10 -28.15 -27.20 -25.48 -23.77 -21.35 -18.92 -15.85 -12.78 -9.19 -5.59 -1.62 2.35 6.52 10.69 14.85 19.00 22.95 26.90 30.44 33.98 36.96 39.93 42.21 44.48 45.97 47.46 48.13 48.80 48.67 48.54 47.68 46.82 45.38 43.93 42.08 40.24 38.24 36.24 34.36 32.48 30.99 29.50 28.64 27.78 27.67 27.57 28.21 28.86 30.10 31.33 32.91 34.49 36.18 37.88 39.65 41.42 43.50 45.58 48.45 51.31 55.48 59.64 65.37 71.10 78.17
-16.11 -19.07 -21.28 -23.49 -24.91 -26.34 -26.97 -27.60 -27.43 -27.27 -26.31 -25.36 -23.64 -21.93 -19.49 -17.05 -13.97 -10.89 -7.27 -3.64 0.37 4.38 8.60 12.82 17.05 21.27 25.30 29.34 32.97 36.61 39.69 42.77 45.15 47.53 49.13 50.72 51.49 52.26 52.22 52.19 51.42 50.66 49.31 47.95 46.21 44.46 42.57 40.68 38.91 37.14 35.77 34.40 33.65 32.90 32.90 32.89 33.62 34.34 35.63 36.91 38.50 40.09 41.76 43.43 45.14 46.85 48.84 50.84 53.60 56.36 60.40 64.45 70.06 75.67 82.61
-14.20 -17.18 -19.41 -21.63 -23.07 -24.50 -25.14 -25.77 -25.60 -25.44 -24.48 -23.53 -21.80 -20.08 -17.64 -15.19 -12.09 -8.99 -5.35 -1.70 2.35 6.40 10.68 14.95 19.25 23.54 27.66 31.77 35.51 39.24 42.43 45.61 48.09 50.58 52.28 53.98 54.85 55.72 55.78 55.84 55.17 54.50 53.24 51.98 50.33 48.69 46.90 45.11 43.46 41.80 40.55 39.29 38.66 38.02 38.12 38.22 39.02 39.83 41.16 42.50 44.10 45.70 47.34 48.98 50.63 52.28 54.19 56.10 58.75 61.40 65.33 69.26 74.75 80.23 87.06
-12.29 -15.29 -17.52 -19.76 -21.20 -22.65 -23.28 -23.92 -23.75 -23.59 -22.63 -21.67 -19.95 -18.23 -15.78 -13.33 -10.22 -7.12 -3.46 0.21 4.28 8.35 12.66 16.98 21.33 25.68 29.86 34.04 37.86 41.67 44.95 48.22 50.80 53.39 55.18 56.98 57.94 58.91 59.06 59.22 58.64 58.06 56.90 55.73 54.18 52.63 50.94 49.25 47.70 46.15 44.99 43.84 43.30 42.76 42.93 43.11 43.97 44.83 46.19 47.54 49.14 50.73 52.33 53.93 55.52 57.10 58.91 60.72 63.26 65.80 69.61 73.42 78.77 84.13 90.82
