test/esri_led_0/synt_tma_4800m_led_0.esri
nrows             510
ncols             462
xllcorner      398000.00
yllcorner     7846000.00
cellsize          500.00
NODATA_value    -9999
[rows 64 to 95 of 510, columns 360 to 431 of 462]
-7.01 -6.67 -6.32 -6.33 -6.34 -6.79 -7.23 -8.44 -9.65 -11.78 -13.92 -16.64 -19.36 -22.12 -24.88 -27.34 -29.79 -31.81 -33.83 -35.27 -36.70 -37.42 -38.13 -38.09 -38.05 -37.32 -36.58 -35.27 -33.97 -32.35 -30.72 -29.15 -27.57 -26.18 -24.79 -23.32 -21.85 -19.87 -17.89 -15.14 -12.39 -8.82 -5.25 -1.01 3.23 7.75 12.26 16.48 20.69 24.22 27.76 30.64 33.51 35.76 38.00 39.41 40.82 41.19 41.57 41.01 40.44 39.01 37.57 35.12 32.67 29.31 25.94 22.49 19.04 16.80 14.56 14.53
-12.75 -12.20 -11.65 -11.49 -11.33 -11.65 -11.97 -13.02 -14.07 -15.97 -17.87 -20.36 -22.84 -25.42 -28.00 -30.30 -32.59 -34.43 -36.26 -37.58 -38.90 -39.68 -40.46 -40.65 -40.85 -40.47 -40.09 -39.24 -38.39 -37.28 -36.17 -34.96 -33.76 -32.47 -31.19 -29.62 -28.06 -25.94 -23.82 -20.95 -18.08 -14.41 -10.74 -6.44 -2.14 2.37 6.87 10.99 15.11 18.50 21.89 24.61 27.32 29.47 31.63 33.09 34.55 35.17 35.79 35.60 35.41 34.35 33.29 31.11 28.94 25.67 22.40 18.84 15.29 12.75 10.21 9.67
-17.07 -16.37 -15.67 -15.39 -15.12 -15.35 -15.58 -16.49 -17.40 -19.08 -20.75 -22.98 -25.21 -27.58 -29.95 -32.03 -34.11 -35.71 -37.30 -38.47 -39.64 -40.46 -41.28 -41.73 -42.17 -42.19 -42.21 -41.90 -41.59 -41.06 -40.54 -39.78 -39.02 -37.90 -36.78 -35.15 -33.53 -31.28 -29.03 -26.04 -23.04 -19.26 -15.48 -11.08 -6.69 -2.16 2.36 6.42 10.48 13.74 16.99 19.55 22.12 24.18 26.24 27.76 29.28 30.14 30.99 31.15 31.32 30.63 29.95 28.04 26.12 22.93 19.74 16.07 12.39 9.54 6.69 5.67
-21.39 -20.54 -19.69 -19.30 -18.90 -19.05 -19.19 -19.97 -20.74 -22.18 -23.63 -25.60 -27.58 -29.73 -31.89 -33.76 -35.63 -36.99 -38.35 -39.36 -40.37 -41.24 -42.11 -42.80 -43.49 -43.92 -44.34 -44.56 -44.79 -44.85 -44.91 -44.60 -44.28 -43.32 -42.36 -40.68 -39.00 -36.62 -34.24 -31.12 -28.00 -24.11 -20.21 -15.73 -11.25 -6.70 -2.14 1.85 5.85 8.97 12.09 14.50 16.91 18.88 20.86 22.44 24.02 25.10 26.18 26.70 27.23 26.92 26.61 24.96 23.31 20.20 17.09 13.29 9.49 6.33 3.17 1.66
-22.99 -21.94 -20.90 -20.33 -19.77 -19.74 -19.71 -20.25 -20.80 -21.92 -23.05 -24.66 -26.28 -28.08 -29.87 -31.41 -32.95 -34.02 -35.09 -35.92 -36.76 -37.66 -38.55 -39.52 -40.49 -41.42 -42.35 -43.26 -44.18 -44.97 -45.77 -46.06 -46.35 -45.76 -45.17 -43.67 -42.16 -39.85 -37.54 -34.46 -31.37 -27.50 -23.62 -19.18 -14.73 -10.25 -5.77 -1.89 1.99 4.95 7.91 10.17 12.43 14.33 16.23 17.85 19.48 20.77 22.06 22.89 23.73 23.75 23.77 22.37 20.98 17.96 14.94 11.06 7.18 3.78 0.37 -1.55
-24.59 -23.35 -22.11 -21.37 -20.63 -20.43 -20.22 -20.54 -20.85 -21.66 -22.47 -23.72 -24.97 -26.42 -27.86 -29.06 -30.27 -31.05 -31.83 -32.49 -33.15 -34.07 -35.00 -36.24 -37.48 -38.92 -40.37 -41.96 -43.56 -45.09 -46.62 -47.52 -48.41 -48.20 -47.99 -46.65 -45.31 -43.07 -40.84 -37.79 -34.74 -30.89 -27.04 -22.63 -18.22 -13.80 -9.39 -5.63 -1.87 0.93 3.74 5.85 7.95 9.77 11.59 13.27 14.95 16.44 17.93 19.08 20.23 20.59 20.94 19.79 18.64 15.71 12.79 8.83 4.88 1.22 -2.44 -4.76
-22.78 -21.26 -19.73 -18.72 -17.71 -17.19 -16.68 -16.62 -16.56 -16.92 -17.28 -18.00 -18.73 -19.61 -20.50 -21.22 -21.94 -22.38 -22.82 -23.29 -23.76 -24.68 -25.61 -27.15 -28.70 -30.80 -32.90 -35.40 -37.90 -40.36 -42.82 -44.53 -46.24 -46.67 -47.10 -46.25 -45.39 -43.50 -41.62 -38.84 -36.07 -32.46 -28.85 -24.68 -20.51 -16.33 -12.16 -8.63 -5.10 -2.50 0.11 2.06 4.00 5.74 7.47 9.19 10.91 12.58 14.25 15.67 17.09 17.72 18.36 17.44 16.52 13.74 10.95 7.01 3.06 -0.74 -4.54 -7.17
-20.98 -19.17 -17.36 -16.07 -14.78 -13.95 -13.13 -12.69 -12.26 -12.17 -12.08 -12.28 -12.48 -12.81 -13.14 -13.38 -13.62 -13.71 -13.81 -14.09 -14.37 -15.29 -16.22 -18.07 -19.92 -22.68 -25.44 -28.83 -32.23 -35.62 -39.02 -41.54 -44.07 -45.14 -46.22 -45.84 -45.47 -43.93 -42.40 -39.90 -37.39 -34.03 -30.67 -26.73 -22.80 -18.87 -14.93 -11.63 -8.33 -5.93 -3.52 -1.73 0.05 1.70 3.35 5.10 6.86 8.71 10.56 12.25 13.94 14.86 15.78 15.09 14.41 11.76 9.11 5.18 1.25 -2.69 -6.64 -9.57
-15.92 -13.75 -11.58 -9.93 -8.28 -7.04 -5.79 -4.88 -3.96 -3.32 -2.69 -2.24 -1.80 -1.44 -1.09 -0.74 -0.40 -0.13 0.15 0.06 -0.03 -0.94 -1.85 -4.02 -6.19 -9.73 -13.27 -17.74 -22.21 -26.71 -31.20 -34.71 -38.22 -40.14 -42.06 -42.40 -42.73 -41.77 -40.81 -38.78 -36.75 -33.81 -30.88 -27.35 -23.83 -20.28 -16.72 -13.75 -10.77 -8.61 -6.45 -4.84 -3.23 -1.67 -0.12 1.66 3.45 5.47 7.48 9.44 11.39 12.58 13.77 13.31 12.85 10.37 7.89 4.03 0.16 -3.85 -7.87 -11.02
-10.86 -8.33 -5.80 -3.79 -1.78 -0.12 1.54 2.94 4.33 5.52 6.71 7.79 8.88 9.92 10.96 11.89 12.82 13.46 14.10 14.20 14.31 13.41 12.52 10.03 7.53 3.21 -1.10 -6.65 -12.20 -17.79 -23.39 -27.88 -32.37 -35.14 -37.91 -38.95 -39.99 -39.61 -39.22 -37.66 -36.11 -33.60 -31.09 -27.98 -24.86 -21.69 -18.52 -15.86 -13.20 -11.29 -9.38 -7.94 -6.51 -5.05 -3.59 -1.78 0.03 2.22 4.41 6.62 8.83 10.29 11.75 11.52 11.29 8.98 6.67 2.87 -0.93 -5.01 -9.10 -12.48
-3.34 -0.43 2.47 4.86 7.24 9.35 11.45 13.35 15.24 16.97 18.71 20.41 22.12 23.83 25.54 27.01 28.48 29.45 30.41 30.67 30.92 30.03 29.13 26.30 23.48 18.37 13.27 6.64 0.01 -6.70 -13.40 -18.88 -24.37 -28.02 -31.67 -33.48 -35.29 -35.56 -35.83 -34.84 -33.85 -31.86 -29.87 -27.25 -24.63 -21.89 -19.16 -16.86 -14.56 -12.92 -11.27 -10.02 -8.76 -7.38 -6.01 -4.16 -2.30 0.06 2.42 4.89 7.36 9.09 10.82 10.83 10.83 8.68 6.52 2.80 -0.93 -5.06 -9.18 -12.73
4.18 7.46 10.74 13.50 16.27 18.81 21.36 23.75 26.15 28.42 30.70 33.03 35.36 37.74 40.11 42.13 44.15 45.44 46.72 47.13 47.54 46.64 45.74 42.58 39.42 33.53 27.65 19.93 12.21 4.40 -3.40 -9.89 -16.37 -20.90 -25.43 -28.01 -30.60 -31.51 -32.43 -32.01 -31.58 -30.12 -28.65 -26.52 -24.39 -22.10 -19.81 -17.87 -15.93 -14.55 -13.17 -12.09 -11.01 -9.72 -8.43 -6.53 -4.64 -2.11 0.42 3.15 5.88 7.89 9.89 10.13 10.37 8.38 6.38 2.72 -0.94 -5.11 -9.27 -12.98
13.13 16.73 20.34 23.43 26.53 29.46 32.39 35.20 38.01 40.72 43.44 46.23 49.03 51.88 54.73 57.13 59.53 61.00 62.48 62.94 63.39 62.40 61.40 57.91 54.42 47.89 41.36 32.79 24.23 15.54 6.85 -0.44 -7.74 -13.02 -18.29 -21.55 -24.81 -26.33 -27.85 -27.97 -28.10 -27.17 -26.24 -24.62 -23.00 -21.16 -19.32 -17.73 -16.14 -15.00 -13.86 -12.91 -11.96 -10.70 -9.44 -7.48 -5.51 -2.81 -0.11 2.85 5.81 8.06 10.32 10.77 11.22 9.37 7.53 3.94 0.36 -3.82 -7.99 -11.79
22.09 26.01 29.93 33.36 36.80 40.11 43.42 46.65 49.88 53.02 56.17 59.44 62.70 66.03 69.36 72.13 74.90 76.57 78.25 78.74 79.24 78.16 77.07 73.25 69.42 62.25 55.07 45.66 36.24 26.67 17.11 9.00 0.88 -5.14 -11.16 -15.09 -19.02 -21.14 -23.26 -23.94 -24.62 -24.22 -23.82 -22.72 -21.61 -20.22 -18.83 -17.60 -16.36 -15.46 -14.56 -13.74 -12.92 -11.69 -10.46 -8.42 -6.39 -3.52 -0.65 2.55 5.74 8.24 10.74 11.40 12.06 10.37 8.68 5.17 1.66 -2.52 -6.70 -10.60
31.70 35.84 39.99 43.66 47.34 50.93 54.53 58.04 61.55 64.97 68.38 71.89 75.41 78.95 82.50 85.42 88.33 90.03 91.73 92.12 92.52 91.22 89.92 85.77 81.62 74.02 66.41 56.49 46.58 36.49 26.40 17.76 9.12 2.57 -3.97 -8.40 -12.83 -15.42 -18.00 -19.15 -20.30 -20.40 -20.49 -19.89 -19.28 -18.33 -17.38 -16.46 -15.54 -14.81 -14.08 -13.30 -12.53 -11.25 -9.97 -7.81 -5.65 -2.62 0.41 3.79 7.18 9.87 12.56 13.40 14.23 12.68 11.13 7.72 4.31 0.17 -3.97 -7.90
41.31 45.67 50.04 53.96 57.89 61.76 65.63 69.43 73.23 76.91 80.59 84.35 88.11 91.88 95.64 98.70 101.76 103.48 105.20 105.50 105.80 104.28 102.77 98.30 93.82 85.78 77.75 67.33 56.91 46.30 35.68 26.51 17.35 10.28 3.22 -1.71 -6.64 -9.69 -12.75 -14.36 -15.97 -16.57 -17.17 -17.06 -16.95 -16.44 -15.92 -15.32 -14.72 -14.16 -13.60 -12.87 -12.14 -10.81 -9.47 -7.20 -4.92 -1.73 1.47 5.04 8.61 11.50 14.38 15.39 16.40 14.99 13.58 10.27 6.96 2.86 -1.23 -5.19
51.01 55.47 59.94 64.00 68.06 72.11 76.15 80.12 84.08 87.86 91.64 95.46 99.28 103.08 106.87 109.90 112.92 114.51 116.11 116.18 116.25 114.46 112.66 107.90 103.13 94.82 86.50 75.82 65.15 54.28 43.41 33.97 24.52 17.15 9.77 4.53 -0.71 -4.08 -7.44 -9.39 -11.35 -12.36 -13.36 -13.70 -14.03 -13.89 -13.75 -13.38 -13.01 -12.54 -12.06 -11.29 -10.51 -9.05 -7.58 -5.14 -2.70 0.66 4.02 7.76 11.50 14.55 17.60 18.75 19.90 18.59 17.29 14.06 10.83 6.80 2.77 -1.18
60.71 65.27 69.84 74.04 78.24 82.46 86.68 90.80 94.93 98.82 102.70 106.58 110.45 114.27 118.09 121.09 124.09 125.55 127.01 126.85 126.70 124.63 122.56 117.50 112.45 103.85 95.25 84.31 73.38 62.26 51.14 41.42 31.70 24.01 16.32 10.77 5.21 1.54 -2.13 -4.43 -6.73 -8.14 -9.56 -10.33 -11.10 -11.34 -11.57 -11.44 -11.31 -10.92 -10.53 -9.71 -8.88 -7.29 -5.69 -3.09 -0.48 3.04 6.57 10.48 14.38 17.60 20.81 22.10 23.39 22.19 21.00 17.85 14.71 10.73 6.76 2.82
69.54 74.09 78.63 82.85 87.07 91.36 95.66 99.85 104.05 107.92 111.80 115.61 119.43 123.19 126.95 129.83 132.71 133.95 135.19 134.75 134.31 131.97 129.63 124.33 119.03 110.22 101.42 90.31 79.21 67.98 56.74 46.90 37.07 29.23 21.39 15.67 9.95 6.13 2.31 -0.18 -2.67 -4.35 -6.03 -7.09 -8.15 -8.61 -9.06 -9.03 -9.01 -8.59 -8.17 -7.22 -6.26 -4.47 -2.69 0.11 2.91 6.61 10.30 14.36 18.41 21.76 25.11 26.50 27.90 26.75 25.60 22.47 19.35 15.41 11.47 7.56
78.38 82.90 87.42 91.66 95.90 100.27 104.65 108.90 113.16 117.02 120.89 124.65 128.41 132.10 135.80 138.56 141.33 142.34 143.36 142.64 141.92 139.31 136.69 131.16 125.62 116.60 107.58 96.31 85.05 73.69 62.34 52.39 42.44 34.45 26.46 20.58 14.70 10.72 6.75 4.07 1.39 -0.55 -2.50 -3.85 -5.20 -5.88 -6.55 -6.63 -6.70 -6.26 -5.81 -4.72 -3.64 -1.66 0.32 3.31 6.30 10.17 14.03 18.24 22.44 25.93 29.42 30.91 32.40 31.30 30.19 27.10 24.00 20.09 16.19 12.30
84.99 89.38 93.77 97.92 102.06 106.40 110.73 114.95 119.17 122.96 126.75 130.42 134.09 137.68 141.27 143.88 146.49 147.27 148.06 147.05 146.05 143.18 140.31 134.58 128.85 119.69 110.53 99.18 87.84 76.46 65.09 55.12 45.16 37.15 29.13 23.23 17.32 13.32 9.32 6.61 3.90 1.89 -0.11 -1.51 -2.91 -3.57 -4.24 -4.22 -4.20 -3.59 -2.97 -1.66 -0.34 1.88 4.11 7.30 10.50 14.50 18.50 22.79 27.08 30.62 34.16 35.68 37.19 36.07 34.96 31.84 28.73 24.82 20.92 17.06
91.60 95.86 100.12 104.17 108.23 112.52 116.81 120.99 125.17 128.89 132.62 136.19 139.76 143.25 146.74 149.19 151.65 152.20 152.75 151.47 150.18 147.06 143.93 138.00 132.07 122.77 113.47 102.05 90.64 79.24 67.83 57.86 47.88 39.84 31.81 25.87 19.94 15.92 11.90 9.15 6.40 4.33 2.27 0.83 -0.61 -1.27 -1.93 -1.82 -1.71 -0.92 -0.14 1.41 2.95 5.42 7.89 11.30 14.70 18.84 22.97 27.34 31.72 35.31 38.91 40.44 41.98 40.85 39.72 36.58 33.45 29.55 25.66 21.83
95.39 99.43 103.46 107.33 111.20 115.31 119.42 123.47 127.51 131.13 134.76 138.25 141.73 145.09 148.45 150.74 153.03 153.38 153.72 152.20 150.68 147.30 143.92 137.82 131.71 122.37 113.03 101.66 90.29 78.95 67.61 57.70 47.78 39.81 31.85 25.99 20.12 16.17 12.22 9.56 6.91 5.00 3.09 1.86 0.63 0.24 -0.15 0.25 0.66 1.76 2.87 4.74 6.62 9.40 12.17 15.79 19.40 23.62 27.84 32.19 36.54 40.07 43.60 45.06 46.52 45.33 44.14 40.97 37.80 33.91 30.02 26.24
99.19 103.00 106.81 110.49 114.17 118.11 122.04 125.94 129.84 133.37 136.90 140.30 143.70 146.94 150.17 152.29 154.41 154.55 154.70 152.93 151.17 147.54 143.91 137.63 131.35 121.97 112.59 101.27 89.95 78.67 67.39 57.53 47.68 39.78 31.89 26.10 20.31 16.43 12.54 9.98 7.41 5.66 3.90 2.89 1.88 1.75 1.62 2.32 3.02 4.44 5.87 8.08 10.29 13.37 16.45 20.28 24.10 28.41 32.71 37.04 41.37 44.83 48.28 49.67 51.06 49.81 48.56 45.36 42.15 38.26 34.37 30.64
101.14 104.66 108.18 111.58 114.99 118.64 122.30 125.97 129.65 133.06 136.47 139.79 143.11 146.24 149.36 151.34 153.31 153.30 153.28 151.33 149.37 145.53 141.69 135.28 128.87 119.52 110.16 98.94 87.72 76.54 65.35 55.58 45.80 38.00 30.21 24.52 18.84 15.06 11.27 8.86 6.45 4.97 3.48 2.86 2.24 2.54 2.85 3.98 5.11 6.96 8.80 11.42 14.04 17.47 20.90 24.95 29.00 33.35 37.70 41.94 46.19 49.51 52.84 54.10 55.37 54.03 52.69 49.44 46.19 42.30 38.42 34.77
103.10 106.32 109.54 112.67 115.80 119.18 122.56 126.01 129.46 132.75 136.04 139.28 142.52 145.54 148.55 150.39 152.22 152.04 151.87 149.72 147.57 143.52 139.47 132.93 126.40 117.06 107.73 96.62 85.50 74.41 63.32 53.62 43.92 36.22 28.53 22.95 17.37 13.69 10.01 7.75 5.49 4.28 3.07 2.83 2.60 3.34 4.07 5.64 7.21 9.47 11.74 14.76 17.78 21.57 25.35 29.62 33.89 38.29 42.68 46.84 51.00 54.20 57.39 58.54 59.68 58.26 56.83 53.52 50.22 46.34 42.46 38.89
104.85 107.74 110.62 113.39 116.17 119.20 122.23 125.40 128.58 131.69 134.80 137.95 141.10 144.03 146.97 148.72 150.46 150.19 149.91 147.64 145.37 141.21 137.06 130.49 123.92 114.65 105.38 94.37 83.36 72.34 61.32 51.67 42.02 34.37 26.72 21.18 15.64 12.00 8.35 6.20 4.05 3.09 2.12 2.27 2.41 3.60 4.79 6.81 8.82 11.51 14.20 17.63 21.06 25.20 29.34 33.83 38.33 42.77 47.21 51.30 55.39 58.48 61.58 62.64 63.70 62.19 60.69 57.35 54.02 50.18 46.35 42.92
106.61 109.15 111.69 114.11 116.53 119.22 121.91 124.80 127.69 130.63 133.57 136.62 139.67 142.53 145.39 147.05 148.71 148.33 147.95 145.56 143.17 138.91 134.65 128.05 121.45 112.24 103.03 92.12 81.21 70.27 59.33 49.73 40.13 32.53 24.92 19.42 13.91 10.31 6.70 4.65 2.61 1.89 1.18 1.70 2.23 3.86 5.50 7.97 10.44 13.55 16.67 20.51 24.34 28.84 33.33 38.05 42.76 47.25 51.74 55.75 59.77 62.77 65.76 66.74 67.71 66.13 64.56 61.19 57.81 54.03 50.24 46.95
109.19 111.38 113.57 115.58 117.59 119.86 122.13 124.67 127.22 129.91 132.60 135.50 138.39 141.17 143.95 145.56 147.18 146.78 146.38 144.00 141.63 137.42 133.22 126.73 120.24 111.18 102.12 91.35 80.59 69.75 58.90 49.32 39.74 32.07 24.39 18.76 13.12 9.38 5.64 3.54 1.44 0.80 0.17 0.91 1.66 3.61 5.55 8.36 11.17 14.63 18.09 22.25 26.42 31.21 36.00 40.91 45.82 50.37 54.93 58.93 62.93 65.90 68.87 69.84 70.81 69.26 67.72 64.43 61.15 57.53 53.90 50.87
111.77 113.61 115.44 117.04 118.64 120.50 122.35 124.55 126.75 129.19 131.63 134.38 137.12 139.81 142.50 144.07 145.64 145.23 144.81 142.45 140.09 135.94 131.79 125.41 119.03 110.11 101.20 90.58 79.97 69.23 58.48 48.92 39.35 31.61 23.86 18.10 12.33 8.45 4.58 2.42 0.27 -0.29 -0.84 0.13 1.09 3.35 5.60 8.75 11.90 15.70 19.50 24.00 28.51 33.59 38.67 43.77 48.88 53.50 58.12 62.10 66.09 69.03 71.98 72.94 73.90 72.39 70.87 67.68 64.48 61.02 57.57 54.78
115.58 117.07 118.56 119.69 120.82 122.19 123.55 125.32 127.09 129.21 131.33 133.86 136.38 138.94 141.50 143.05 144.59 144.26 143.93 141.74 139.56 135.64 131.72 125.59 119.47 110.82 102.18 91.82 81.47 70.89 60.31 50.74 41.17 33.22 25.27 19.15 13.03 8.78 4.53 2.09 -0.35 -1.04 -1.73 -0.77 0.19 2.54 4.89 8.21 11.53 15.55 19.57 24.31 29.04 34.32 39.60 44.85 50.10 54.82 59.54 63.57 67.61 70.60 73.58 74.64 75.69 74.36 73.04 70.11 67.19 64.07 60.96 58.54
119.38 120.53 121.67 122.34 123.00 123.88 124.75 126.09 127.43 129.23 131.03 133.34 135.64 138.07 140.50 142.02 143.54 143.29 143.05 141.04 139.03 135.33 131.64 125.77 119.90 111.54 103.17 93.07 82.96 72.55 62.15 52.57 43.00 34.83 26.67 20.20 13.73 9.10 4.48 1.76 -0.96 -1.79 -2.62 -1.66 -0.70 1.74 4.18 7.67 11.16 15.40 19.64 24.61 29.57 35.05 40.53 45.93 51.33 56.14 60.96 65.04 69.13 72.16 75.19 76.34 77.48 76.34 75.20 72.55 69.91 67.13 64.35 62.31
