test/esri_led_0/synt_tma+240m_led_0.esri
nrows             510
ncols             462
xllcorner      398000.00
yllcorner     7846000.00
cellsize          500.00
NODATA_value    -9999
[rows 0 to 32 of 510, columns 300 to 374 of 462]
0.00 0.00 0.00 0.00 0.00 0.00 0.00 0.00 0.00 0.00 0.00 0.00 0.00 0.00 0.00 0.00 0.00 0.00 0.00 0.00 0.00 0.00 0.00 0.00 0.00 0.00 0.00 0.00 0.00 0.00 0.00 0.00 0.00 0.00 0.00 0.00 0.00 0.00 0.00 0.00 0.00 0.00 0.00 0.00 0.00 0.00 0.00 0.00 0.00 0.00 0.00 0.00 0.00 0.00 0.00 0.00 0.00 0.00 0.00 0.00 0.00 0.00 0.00 0.00 0.00 0.00 0.00 0.00 0.00 0.00 0.00 0.00 0.00 0.00 0.00
53.35 51.74 50.13 47.79 45.45 42.58 39.70 36.46 33.22 29.79 26.37 22.92 19.48 16.17 12.85 9.82 6.78 4.14 1.51 -0.63 -2.77 -4.33 -5.89 -6.86 -7.82 -8.19 -8.56 -8.39 -8.22 -7.58 -6.95 -5.95 -4.95 -3.70 -2.45 -1.06 0.33 1.77 3.21 4.61 6.01 7.31 8.62 9.77 10.93 11.89 12.86 13.60 14.33 14.80 15.28 15.45 15.62 15.46 15.29 14.78 14.27 13.39 12.52 11.29 10.07 8.53 7.00 5.21 3.42 1.45 -0.51 -2.56 -4.60 -6.62 -8.64 -10.53 -12.43 -14.10 -15.77
55.66 53.99 52.31 49.86 47.41 44.37 41.32 37.88 34.44 30.79 27.14 23.44 19.75 16.19 12.62 9.34 6.06 3.20 0.34 -1.98 -4.30 -6.01 -7.71 -8.76 -9.81 -10.22 -10.62 -10.43 -10.24 -9.54 -8.83 -7.73 -6.63 -5.26 -3.88 -2.35 -0.82 0.76 2.34 3.88 5.41 6.84 8.27 9.53 10.79 11.84 12.89 13.70 14.50 15.01 15.53 15.71 15.90 15.73 15.57 15.02 14.48 13.55 12.62 11.32 10.02 8.40 6.77 4.87 2.97 0.90 -1.18 -3.34 -5.50 -7.63 -9.76 -11.75 -13.75 -15.51 -17.27
57.97 56.23 54.50 51.93 49.37 46.16 42.95 39.31 35.67 31.79 27.90 23.96 20.02 16.21 12.39 8.86 5.34 2.25 -0.83 -3.34 -5.84 -7.69 -9.53 -10.67 -11.81 -12.24 -12.68 -12.47 -12.25 -11.49 -10.72 -9.52 -8.32 -6.81 -5.31 -3.64 -1.97 -0.25 1.47 3.14 4.82 6.37 7.92 9.28 10.65 11.79 12.93 13.80 14.66 15.22 15.78 15.98 16.19 16.01 15.84 15.26 14.69 13.71 12.72 11.35 9.98 8.26 6.54 4.53 2.53 0.34 -1.85 -4.12 -6.39 -8.64 -10.88 -12.97 -15.07 -16.92 -18.77
59.59 57.84 56.08 53.44 50.79 47.46 44.12 40.31 36.49 32.40 28.31 24.13 19.95 15.89 11.82 8.04 4.27 0.95 -2.36 -5.07 -7.78 -9.77 -11.77 -13.01 -14.24 -14.72 -15.20 -14.97 -14.74 -13.91 -13.08 -11.77 -10.47 -8.84 -7.20 -5.39 -3.57 -1.70 0.17 1.98 3.79 5.47 7.15 8.63 10.11 11.33 12.56 13.49 14.42 15.01 15.61 15.83 16.05 15.86 15.68 15.06 14.45 13.42 12.38 10.93 9.49 7.68 5.87 3.77 1.68 -0.62 -2.91 -5.28 -7.65 -9.99 -12.32 -14.51 -16.69 -18.61 -20.53
61.21 59.44 57.66 54.94 52.21 48.75 45.29 41.30 37.31 33.01 28.71 24.30 19.88 15.57 11.25 7.22 3.20 -0.35 -3.90 -6.80 -9.71 -11.86 -14.01 -15.35 -16.68 -17.20 -17.72 -17.47 -17.23 -16.33 -15.44 -14.03 -12.62 -10.86 -9.09 -7.13 -5.17 -3.16 -1.14 0.82 2.77 4.58 6.39 7.97 9.56 10.87 12.19 13.18 14.17 14.81 15.44 15.67 15.90 15.71 15.51 14.87 14.22 13.13 12.04 10.52 9.00 7.10 5.21 3.01 0.82 -1.57 -3.96 -6.44 -8.91 -11.34 -13.77 -16.04 -18.31 -20.30 -22.30
62.28 60.53 58.78 56.02 53.27 49.72 46.17 42.05 37.92 33.44 28.96 24.33 19.71 15.15 10.60 6.32 2.05 -1.73 -5.51 -8.62 -11.73 -14.05 -16.36 -17.80 -19.24 -19.81 -20.38 -20.13 -19.88 -18.92 -17.97 -16.46 -14.95 -13.06 -11.16 -9.06 -6.95 -4.79 -2.62 -0.53 1.57 3.51 5.44 7.13 8.83 10.22 11.62 12.67 13.72 14.39 15.05 15.29 15.52 15.31 15.09 14.41 13.72 12.57 11.42 9.83 8.24 6.26 4.28 2.00 -0.28 -2.76 -5.24 -7.80 -10.36 -12.87 -15.38 -17.71 -20.05 -22.11 -24.16
63.36 61.62 59.89 57.11 54.32 50.68 47.05 42.79 38.54 33.88 29.21 24.37 19.53 14.74 9.94 5.43 0.91 -3.10 -7.12 -10.44 -13.76 -16.23 -18.70 -20.25 -21.80 -22.42 -23.04 -22.78 -22.52 -21.51 -20.49 -18.88 -17.28 -15.26 -13.23 -10.98 -8.73 -6.42 -4.11 -1.87 0.37 2.43 4.49 6.29 8.10 9.58 11.05 12.16 13.27 13.97 14.66 14.90 15.15 14.91 14.68 13.95 13.23 12.02 10.81 9.14 7.48 5.42 3.36 0.99 -1.38 -3.95 -6.52 -9.17 -11.81 -14.40 -16.99 -19.39 -21.80 -23.91 -26.02
64.17 62.50 60.83 58.06 55.29 51.62 47.94 43.60 39.25 34.44 29.64 24.61 19.59 14.58 9.56 4.82 0.07 -4.17 -8.41 -11.93 -15.45 -18.09 -20.73 -22.39 -24.05 -24.72 -25.39 -25.14 -24.88 -23.81 -22.75 -21.05 -19.35 -17.21 -15.06 -12.68 -10.29 -7.84 -5.38 -3.01 -0.64 1.54 3.72 5.62 7.52 9.08 10.63 11.79 12.94 13.66 14.37 14.61 14.85 14.58 14.32 13.55 12.77 11.50 10.23 8.49 6.75 4.60 2.46 0.01 -2.45 -5.10 -7.75 -10.47 -13.19 -15.85 -18.50 -20.97 -23.43 -25.60 -27.76
64.98 63.38 61.78 59.02 56.26 52.55 48.84 44.40 39.96 35.01 30.07 24.85 19.64 14.41 9.18 4.21 -0.77 -5.24 -9.71 -13.43 -17.15 -19.95 -22.75 -24.53 -26.30 -27.02 -27.75 -27.49 -27.23 -26.12 -25.00 -23.21 -21.42 -19.16 -16.90 -14.37 -11.85 -9.25 -6.66 -4.15 -1.64 0.66 2.96 4.96 6.95 8.58 10.21 11.41 12.62 13.35 14.08 14.32 14.55 14.26 13.97 13.14 12.32 10.98 9.64 7.83 6.01 3.79 1.56 -0.97 -3.51 -6.24 -8.98 -11.77 -14.57 -17.29 -20.02 -22.54 -25.07 -27.28 -29.49
65.89 64.38 62.88 60.18 57.48 53.77 50.07 45.58 41.09 36.04 30.99 25.62 20.26 14.85 9.43 4.25 -0.94 -5.61 -10.29 -14.20 -18.11 -21.06 -24.01 -25.89 -27.77 -28.55 -29.33 -29.08 -28.82 -27.67 -26.51 -24.64 -22.76 -20.40 -18.03 -15.38 -12.74 -10.02 -7.29 -4.67 -2.04 0.37 2.77 4.86 6.94 8.63 10.32 11.56 12.79 13.53 14.28 14.49 14.71 14.37 14.04 13.16 12.28 10.87 9.46 7.56 5.66 3.35 1.04 -1.59 -4.21 -7.03 -9.84 -12.71 -15.58 -18.37 -21.16 -23.75 -26.33 -28.59 -30.85
66.79 65.39 63.99 61.35 58.70 55.00 51.30 46.76 42.22 37.06 31.91 26.39 20.88 15.28 9.68 4.29 -1.10 -5.98 -10.86 -14.96 -19.06 -22.17 -25.27 -27.26 -29.24 -30.08 -30.92 -30.67 -30.42 -29.21 -28.01 -26.06 -24.11 -21.63 -19.16 -16.39 -13.62 -10.78 -7.93 -5.18 -2.43 0.08 2.59 4.76 6.93 8.68 10.43 11.70 12.97 13.72 14.47 14.67 14.86 14.49 14.12 13.18 12.24 10.75 9.27 7.29 5.31 2.91 0.51 -2.20 -4.91 -7.81 -10.70 -13.65 -16.60 -19.45 -22.31 -24.95 -27.59 -29.89 -32.20
68.09 66.81 65.53 62.97 60.40 56.74 53.07 48.52 43.96 38.74 33.52 27.90 22.27 16.52 10.77 5.20 -0.36 -5.41 -10.46 -14.72 -18.98 -22.21 -25.44 -27.52 -29.60 -30.48 -31.37 -31.12 -30.87 -29.63 -28.39 -26.37 -24.35 -21.78 -19.22 -16.35 -13.47 -10.52 -7.57 -4.72 -1.87 0.73 3.33 5.57 7.80 9.60 11.39 12.68 13.97 14.72 15.46 15.63 15.79 15.37 14.94 13.93 12.92 11.35 9.78 7.71 5.63 3.14 0.64 -2.16 -4.97 -7.95 -10.94 -13.97 -16.99 -19.92 -22.85 -25.55 -28.25 -30.61 -32.98
69.39 68.23 67.07 64.59 62.11 58.48 54.85 50.28 45.71 40.42 35.14 29.40 23.65 17.75 11.85 6.12 0.39 -4.83 -10.06 -14.48 -18.89 -22.26 -25.62 -27.79 -29.95 -30.88 -31.81 -31.57 -31.32 -30.05 -28.77 -26.68 -24.59 -21.94 -19.28 -16.30 -13.33 -10.26 -7.20 -4.25 -1.30 1.38 4.07 6.37 8.68 10.52 12.36 13.67 14.98 15.72 16.45 16.59 16.72 16.25 15.77 14.69 13.60 11.95 10.30 8.13 5.96 3.37 0.78 -2.12 -5.02 -8.10 -11.17 -14.28 -17.39 -20.39 -23.39 -26.16 -28.92 -31.34 -33.75
71.19 70.15 69.10 66.71 64.32 60.74 57.17 52.61 48.05 42.73 37.40 31.59 25.77 19.77 13.76 7.90 2.05 -3.30 -8.66 -13.19 -17.72 -21.17 -24.63 -26.86 -29.08 -30.04 -31.00 -30.74 -30.49 -29.18 -27.87 -25.72 -23.57 -20.83 -18.09 -15.03 -11.97 -8.83 -5.68 -2.65 0.38 3.14 5.89 8.25 10.60 12.47 14.34 15.66 16.97 17.69 18.41 18.50 18.60 18.06 17.51 16.35 15.18 13.43 11.68 9.41 7.14 4.44 1.74 -1.27 -4.28 -7.46 -10.64 -13.84 -17.05 -20.13 -23.22 -26.05 -28.89 -31.37 -33.84
72.99 72.06 71.14 68.83 66.53 63.01 59.49 54.94 50.38 45.03 39.67 33.78 27.89 21.78 15.67 9.69 3.71 -1.77 -7.25 -11.90 -16.54 -20.09 -23.64 -25.93 -28.21 -29.20 -30.18 -29.92 -29.66 -28.31 -26.96 -24.75 -22.54 -19.73 -16.91 -13.77 -10.62 -7.39 -4.15 -1.04 2.07 4.89 7.71 10.12 12.53 14.42 16.32 17.65 18.97 19.67 20.37 20.42 20.47 19.86 19.26 18.01 16.76 14.91 13.07 10.69 8.31 5.50 2.69 -0.43 -3.54 -6.82 -10.11 -13.40 -16.70 -19.87 -23.04 -25.95 -28.86 -31.40 -33.94
75.16 74.33 73.50 71.27 69.04 65.57 62.10 57.57 53.04 47.67 42.30 36.37 30.44 24.27 18.10 12.05 6.00 0.45 -5.09 -9.80 -14.50 -18.09 -21.67 -23.98 -26.29 -27.26 -28.24 -27.95 -27.67 -26.27 -24.88 -22.61 -20.34 -17.46 -14.57 -11.36 -8.14 -4.83 -1.53 1.64 4.82 7.69 10.56 13.01 15.45 17.36 19.28 20.59 21.91 22.58 23.25 23.25 23.25 22.57 21.89 20.55 19.21 17.26 15.30 12.81 10.31 7.38 4.45 1.21 -2.03 -5.43 -8.82 -12.23 -15.63 -18.90 -22.16 -25.16 -28.15 -30.76 -33.38
77.34 76.60 75.86 73.71 71.56 68.13 64.71 60.20 55.69 50.31 44.93 38.96 32.99 26.76 20.53 14.42 8.30 2.68 -2.94 -7.70 -12.46 -16.08 -19.71 -22.04 -24.36 -25.33 -26.30 -25.99 -25.67 -24.24 -22.80 -20.47 -18.14 -15.19 -12.24 -8.94 -5.65 -2.28 1.09 4.33 7.57 10.49 13.42 15.89 18.37 20.30 22.23 23.54 24.86 25.50 26.14 26.09 26.04 25.28 24.53 23.10 21.66 19.60 17.54 14.92 12.31 9.26 6.21 2.85 -0.51 -4.03 -7.54 -11.05 -14.56 -17.93 -21.29 -24.37 -27.44 -30.13 -32.81
79.60 78.90 78.21 76.10 73.99 70.59 67.20 62.70 58.21 52.83 47.46 41.48 35.51 29.27 23.03 16.90 10.77 5.15 -0.46 -5.22 -9.97 -13.57 -17.18 -19.47 -21.75 -22.68 -23.60 -23.23 -22.86 -21.36 -19.86 -17.46 -15.07 -12.05 -9.03 -5.68 -2.33 1.11 4.54 7.83 11.12 14.08 17.04 19.55 22.05 23.99 25.93 27.23 28.53 29.13 29.74 29.63 29.52 28.69 27.86 26.32 24.79 22.62 20.44 17.70 14.96 11.78 8.59 5.10 1.61 -2.03 -5.67 -9.29 -12.92 -16.39 -19.86 -23.03 -26.20 -28.96 -31.72
81.86 81.21 80.56 78.49 76.42 73.05 69.69 65.21 60.73 55.36 49.99 44.00 38.02 31.77 25.52 19.38 13.25 7.63 2.01 -2.74 -7.48 -11.06 -14.64 -16.89 -19.15 -20.02 -20.90 -20.47 -20.05 -18.48 -16.92 -14.46 -12.00 -8.91 -5.83 -2.41 1.00 4.49 7.99 11.33 14.66 17.67 20.67 23.20 25.73 27.68 29.63 30.91 32.20 32.77 33.34 33.18 33.01 32.10 31.19 29.55 27.92 25.63 23.34 20.48 17.61 14.30 10.98 7.36 3.74 -0.03 -3.79 -7.54 -11.28 -14.85 -18.43 -21.69 -24.95 -27.79 -30.63
83.89 83.22 82.54 80.46 78.37 75.00 71.63 67.15 62.67 57.30 51.94 45.98 40.01 33.80 27.58 21.50 15.41 9.86 4.31 -0.36 -5.02 -8.51 -12.00 -14.16 -16.32 -17.10 -17.89 -17.37 -16.85 -15.20 -13.56 -11.02 -8.48 -5.33 -2.18 1.30 4.79 8.33 11.88 15.26 18.65 21.69 24.73 27.28 29.83 31.78 33.73 35.00 36.28 36.81 37.35 37.13 36.90 35.91 34.91 33.18 31.45 29.05 26.64 23.65 20.66 17.21 13.76 10.00 6.25 2.35 -1.55 -5.41 -9.28 -12.96 -16.64 -19.99 -23.35 -26.27 -29.19
85.91 85.22 84.52 82.43 80.33 76.95 73.57 69.09 64.61 59.25 53.89 47.95 42.01 35.83 29.65 23.61 17.58 12.09 6.61 2.03 -2.56 -5.96 -9.36 -11.43 -13.49 -14.18 -14.87 -14.26 -13.66 -11.92 -10.19 -7.58 -4.96 -1.74 1.48 5.02 8.57 12.17 15.77 19.20 22.63 25.71 28.78 31.35 33.92 35.88 37.84 39.10 40.35 40.86 41.36 41.07 40.79 39.72 38.64 36.81 34.98 32.46 29.94 26.82 23.70 20.11 16.53 12.64 8.75 4.73 0.70 -3.29 -7.27 -11.06 -14.85 -18.30 -21.75 -24.75 -27.74
87.48 86.69 85.90 83.72 81.55 78.11 74.68 70.17 65.66 60.31 54.95 49.05 43.15 37.04 30.93 25.01 19.08 13.72 8.37 3.93 -0.50 -3.76 -7.01 -8.92 -10.84 -11.39 -11.94 -11.21 -10.48 -8.64 -6.80 -4.10 -1.39 1.90 5.20 8.81 12.41 16.07 19.73 23.20 26.68 29.79 32.90 35.50 38.09 40.05 42.02 43.26 44.51 44.98 45.45 45.11 44.78 43.63 42.48 40.55 38.63 35.99 33.36 30.12 26.87 23.16 19.45 15.43 11.41 7.26 3.11 -0.99 -5.10 -8.99 -12.88 -16.42 -19.96 -23.03 -26.10
89.04 88.16 87.27 85.02 82.77 79.28 75.79 71.25 66.72 61.37 56.02 50.15 44.29 38.26 32.22 26.40 20.58 15.36 10.13 5.84 1.55 -1.55 -4.65 -6.42 -8.19 -8.60 -9.01 -8.16 -7.31 -5.36 -3.42 -0.62 2.17 5.55 8.92 12.59 16.26 19.97 23.68 27.21 30.73 33.87 37.02 39.64 42.26 44.23 46.20 47.43 48.67 49.11 49.55 49.16 48.76 47.54 46.32 44.30 42.28 39.53 36.78 33.42 30.05 26.21 22.37 18.22 14.07 9.79 5.52 1.30 -2.92 -6.92 -10.91 -14.54 -18.16 -21.31 -24.45
90.11 89.05 88.00 85.61 83.21 79.62 76.03 71.43 66.84 61.48 56.13 50.31 44.49 38.56 32.63 26.96 21.29 16.24 11.20 7.11 3.01 0.12 -2.78 -4.36 -5.94 -6.18 -6.42 -5.42 -4.42 -2.36 -0.29 2.60 5.50 8.95 12.40 16.14 19.88 23.65 27.41 30.98 34.56 37.74 40.92 43.57 46.22 48.20 50.19 51.42 52.65 53.06 53.48 53.04 52.61 51.32 50.03 47.92 45.82 42.97 40.13 36.65 33.17 29.21 25.25 20.99 16.72 12.33 7.94 3.62 -0.71 -4.80 -8.88 -12.59 -16.29 -19.50 -22.71
91.17 89.95 88.72 86.19 83.66 79.97 76.27 71.61 66.96 61.60 56.23 50.47 44.70 38.87 33.04 27.52 21.99 17.13 12.27 8.37 4.48 1.78 -0.92 -2.30 -3.69 -3.76 -3.83 -2.69 -1.54 0.65 2.83 5.83 8.82 12.35 15.89 19.69 23.50 27.32 31.14 34.76 38.38 41.61 44.83 47.50 50.18 52.17 54.17 55.40 56.63 57.02 57.41 56.93 56.45 55.10 53.74 51.55 49.36 46.42 43.47 39.88 36.29 32.22 28.14 23.76 19.37 14.87 10.36 5.93 1.51 -2.67 -6.85 -10.64 -14.42 -17.69 -20.97
91.87 90.42 88.96 86.24 83.51 79.67 75.83 71.08 66.34 60.95 55.57 49.85 44.14 38.42 32.71 27.36 22.01 17.36 12.71 9.04 5.38 2.91 0.44 -0.73 -1.91 -1.79 -1.68 -0.37 0.93 3.24 5.56 8.65 11.74 15.35 18.97 22.84 26.71 30.59 34.47 38.14 41.81 45.07 48.34 51.04 53.75 55.77 57.79 59.02 60.26 60.64 61.02 60.50 59.99 58.59 57.18 54.92 52.67 49.64 46.61 42.93 39.25 35.07 30.90 26.41 21.93 17.33 12.73 8.21 3.70 -0.56 -4.82 -8.67 -12.52 -15.84 -19.17
92.56 90.88 89.20 86.28 83.36 79.37 75.38 70.55 65.71 60.31 54.90 49.24 43.57 37.98 32.38 27.21 22.03 17.59 13.15 9.71 6.28 4.04 1.80 0.84 -0.12 0.18 0.48 1.94 3.40 5.84 8.28 11.47 14.66 18.36 22.05 25.98 29.92 33.86 37.79 41.51 45.23 48.54 51.85 54.59 57.33 59.37 61.41 62.65 63.89 64.25 64.62 64.08 63.53 62.08 60.62 58.29 55.97 52.86 49.75 45.97 42.20 37.93 33.66 29.07 24.49 19.79 15.10 10.49 5.89 1.55 -2.79 -6.70 -10.62 -13.99 -17.37
93.12 91.17 89.22 86.07 82.92 78.74 74.57 69.63 64.68 59.24 53.80 48.17 42.55 37.08 31.60 26.61 21.61 17.39 13.17 9.97 6.78 4.77 2.77 2.02 1.28 1.76 2.25 3.86 5.47 8.02 10.58 13.86 17.14 20.91 24.67 28.66 32.66 36.65 40.63 44.40 48.16 51.52 54.87 57.65 60.42 62.49 64.56 65.81 67.07 67.43 67.80 67.24 66.68 65.19 63.70 61.32 58.95 55.78 52.61 48.77 44.93 40.58 36.23 31.57 26.91 22.15 17.38 12.70 8.03 3.63 -0.76 -4.73 -8.70 -12.11 -15.53
93.68 91.46 89.24 85.86 82.47 78.12 73.77 68.71 63.64 58.17 52.69 47.11 41.53 36.18 30.82 26.01 21.19 17.19 13.19 10.23 7.28 5.51 3.74 3.21 2.68 3.35 4.02 5.78 7.54 10.21 12.88 16.25 19.62 23.46 27.29 31.34 35.40 39.43 43.47 47.29 51.10 54.50 57.89 60.71 63.52 65.62 67.71 68.98 70.25 70.61 70.98 70.40 69.82 68.30 66.78 64.35 61.93 58.70 55.47 51.56 47.65 43.23 38.81 34.08 29.34 24.50 19.66 14.92 10.18 5.72 1.26 -2.76 -6.78 -10.23 -13.69
94.30 91.80 89.30 85.66 82.03 77.48 72.93 67.74 62.55 57.02 51.50 45.95 40.41 35.16 29.92 25.27 20.63 16.84 13.05 10.32 7.59 6.03 4.48 4.15 3.81 4.65 5.48 7.37 9.26 12.03 14.80 18.24 21.68 25.57 29.46 33.55 37.65 41.73 45.81 49.66 53.52 56.95 60.39 63.24 66.09 68.21 70.34 71.63 72.92 73.29 73.67 73.09 72.51 70.97 69.43 66.98 64.54 61.27 58.00 54.05 50.10 45.64 41.17 36.39 31.61 26.72 21.83 17.05 12.26 7.76 3.26 -0.79 -4.85 -8.34 -11.83
94.93 92.14 89.36 85.47 81.58 76.84 72.09 66.77 61.46 55.88 50.31 44.80 39.29 34.15 29.02 24.54 20.06 16.49 12.91 10.40 7.90 6.56 5.23 5.09 4.95 5.95 6.95 8.97 10.99 13.85 16.72 20.23 23.74 27.68 31.62 35.76 39.90 44.03 48.15 52.04 55.93 59.41 62.88 65.77 68.66 70.81 72.97 74.28 75.59 75.97 76.36 75.77 75.19 73.64 72.09 69.61 67.14 63.84 60.54 56.55 52.55 48.04 43.53 38.71 33.88 28.94 24.01 19.17 14.34 9.80 5.26 1.17 -2.92 -6.44 -9.96
95.74 92.68 89.61 85.48 81.35 76.41 71.47 66.02 60.57 54.95 49.32 43.83 38.34 33.30 28.26 23.93 19.60 16.21 12.81 10.50 8.19 7.04 5.90 5.92 5.95 7.08 8.21 10.32 12.43 15.37 18.30 21.86 25.42 29.39 33.36 37.52 41.69 45.83 49.98 53.90 57.82 61.32 64.82 67.74 70.66 72.84 75.02 76.36 77.69 78.09 78.49 77.92 77.35 75.80 74.25 71.77 69.29 65.99 62.68 58.67 54.67 50.15 45.62 40.77 35.93 30.97 26.02 21.17 16.31 11.75 7.19 3.08 -1.03 -4.57 -8.11
