test/esri_led_0/synt_tma_6000m_led_0.esri
nrows             510
ncols             462
xllcorner      398000.00
yllcorner     7846000.00
cellsize          500.00
NODATA_value    -9999
[rows 384 to 415 of 510, columns 144 to 215 of 462]
-74.27 -73.47 -72.67 -72.60 -72.53 -73.49 -74.45 -76.08 -77.71 -79.77 -81.83 -84.73 -87.62 -91.17 -94.72 -97.30 -99.88 -100.42 -100.95 -100.64 -100.32 -100.47 -100.61 -100.58 -100.54 -99.45 -98.36 -97.02 -95.69 -95.18 -94.66 -94.58 -94.51 -94.23 -93.96 -93.83 -93.71 -93.89 -94.08 -93.38 -92.69 -90.17 -87.66 -84.29 -80.92 -78.31 -75.71 -74.52 -73.34 -73.57 -73.80 -75.32 -76.84 -78.96 -81.07 -82.32 -83.57 -83.19 -82.82 -81.70 -80.58 -79.90 -79.22 -79.04 -78.87 -78.96 -79.04 -79.79 -80.53 -82.00 -83.46 -84.52
-84.70 -83.83 -82.96 -82.57 -82.18 -82.87 -83.55 -84.65 -85.75 -86.59 -87.44 -88.60 -89.76 -91.61 -93.46 -94.92 -96.37 -96.53 -96.69 -96.42 -96.15 -96.39 -96.64 -96.80 -96.96 -96.29 -95.63 -94.83 -94.03 -93.90 -93.77 -93.77 -93.78 -93.23 -92.67 -91.99 -91.30 -90.90 -90.50 -89.67 -88.84 -86.94 -85.03 -82.82 -80.61 -79.35 -78.09 -78.34 -78.58 -80.41 -82.25 -85.71 -89.16 -93.26 -97.35 -99.85 -102.34 -102.00 -101.65 -99.95 -98.24 -97.05 -95.86 -95.17 -94.48 -93.71 -92.94 -92.67 -92.40 -92.95 -93.51 -93.65
-93.57 -92.54 -91.50 -90.71 -89.91 -90.35 -90.80 -91.39 -91.99 -91.55 -91.12 -90.50 -89.88 -90.11 -90.34 -90.73 -91.13 -90.86 -90.59 -90.31 -90.04 -90.47 -90.91 -91.38 -91.85 -91.63 -91.41 -91.17 -90.93 -91.32 -91.71 -91.94 -92.18 -91.39 -90.60 -89.38 -88.17 -87.29 -86.42 -85.53 -84.65 -83.28 -81.92 -80.72 -79.52 -79.48 -79.45 -80.96 -82.47 -85.70 -88.93 -94.11 -99.29 -105.26 -111.24 -114.83 -118.42 -117.81 -117.20 -114.64 -112.07 -110.32 -108.56 -107.41 -106.25 -104.69 -103.13 -101.98 -100.83 -100.76 -100.69 -100.19
-102.44 -101.24 -100.04 -98.84 -97.64 -97.84 -98.04 -98.13 -98.22 -96.51 -94.80 -92.40 -90.01 -88.61 -87.21 -86.55 -85.89 -85.19 -84.49 -84.21 -83.92 -84.55 -85.18 -85.96 -86.74 -86.97 -87.19 -87.51 -87.83 -88.74 -89.66 -90.11 -90.57 -89.55 -88.53 -86.78 -85.03 -83.69 -82.34 -81.40 -80.45 -79.63 -78.81 -78.62 -78.43 -79.62 -80.81 -83.59 -86.37 -90.99 -95.60 -102.51 -109.42 -117.27 -125.12 -129.81 -134.49 -133.62 -132.75 -129.33 -125.91 -123.59 -121.26 -119.64 -118.03 -115.67 -113.31 -111.29 -109.26 -108.57 -107.88 -106.73
-103.81 -102.56 -101.31 -99.97 -98.63 -98.74 -98.86 -98.63 -98.40 -95.84 -93.29 -89.72 -86.15 -83.66 -81.17 -79.77 -78.36 -77.34 -76.32 -76.03 -75.74 -76.55 -77.36 -78.45 -79.54 -80.18 -80.82 -81.64 -82.46 -83.86 -85.26 -86.01 -86.75 -85.74 -84.72 -82.79 -80.87 -79.39 -77.90 -77.06 -76.22 -75.83 -75.44 -75.94 -76.45 -78.42 -80.40 -83.93 -87.46 -92.78 -98.11 -105.81 -113.51 -122.15 -130.80 -135.85 -140.89 -139.65 -138.40 -134.30 -130.19 -127.37 -124.55 -122.62 -120.68 -117.97 -115.27 -112.96 -110.66 -109.83 -108.99 -107.58
-105.17 -103.87 -102.57 -101.10 -99.63 -99.65 -99.68 -99.12 -98.57 -95.18 -91.78 -87.04 -82.30 -78.72 -75.13 -72.98 -70.84 -69.49 -68.15 -67.85 -67.56 -68.55 -69.54 -70.94 -72.33 -73.39 -74.45 -75.77 -77.10 -78.98 -80.86 -81.90 -82.94 -81.92 -80.91 -78.81 -76.71 -75.09 -73.46 -72.72 -71.98 -72.03 -72.07 -73.27 -74.46 -77.23 -79.99 -84.26 -88.54 -94.58 -100.61 -109.10 -117.59 -127.03 -136.48 -141.89 -147.30 -145.68 -144.06 -139.26 -134.47 -131.16 -127.85 -125.59 -123.33 -120.27 -117.22 -114.64 -112.06 -111.08 -110.10 -108.42
-95.71 -94.66 -93.61 -92.53 -91.45 -91.57 -91.70 -91.02 -90.34 -86.79 -83.24 -78.20 -73.17 -69.09 -65.00 -62.45 -59.90 -58.47 -57.04 -56.84 -56.64 -57.74 -58.83 -60.43 -62.03 -63.54 -65.04 -66.87 -68.70 -70.95 -73.19 -74.52 -75.86 -75.21 -74.56 -72.81 -71.07 -69.70 -68.34 -67.86 -67.39 -67.82 -68.24 -69.84 -71.43 -74.46 -77.48 -81.83 -86.18 -92.05 -97.93 -105.87 -113.82 -122.39 -130.96 -135.61 -140.26 -138.32 -136.37 -131.33 -126.29 -122.52 -118.76 -116.25 -113.75 -111.06 -108.37 -106.42 -104.48 -103.89 -103.31 -101.73
-86.25 -85.45 -84.64 -83.96 -83.27 -83.50 -83.72 -82.91 -82.11 -78.40 -74.70 -69.37 -64.04 -59.46 -54.88 -51.92 -48.96 -47.44 -45.92 -45.83 -45.73 -46.92 -48.11 -49.92 -51.74 -53.69 -55.64 -57.97 -60.31 -62.92 -65.52 -67.15 -68.78 -68.49 -68.21 -66.82 -65.43 -64.32 -63.21 -63.01 -62.80 -63.60 -64.41 -66.40 -68.40 -71.69 -74.98 -79.40 -83.82 -89.53 -95.24 -102.65 -110.05 -117.75 -125.44 -129.33 -133.23 -130.96 -128.69 -123.40 -118.10 -113.88 -109.67 -106.92 -104.17 -101.84 -99.51 -98.20 -96.89 -96.70 -96.51 -95.04
-69.37 -69.01 -68.65 -68.75 -68.86 -69.42 -69.99 -69.27 -68.55 -65.12 -61.69 -56.54 -51.40 -46.63 -41.87 -38.70 -35.52 -34.13 -32.74 -32.88 -33.01 -34.26 -35.51 -37.47 -39.42 -41.87 -44.31 -47.22 -50.13 -53.09 -56.05 -58.02 -59.99 -60.33 -60.66 -59.97 -59.28 -58.68 -58.08 -58.25 -58.43 -59.61 -60.79 -63.03 -65.28 -68.49 -71.71 -75.72 -79.73 -84.63 -89.52 -95.48 -101.43 -107.18 -112.94 -115.34 -117.75 -115.04 -112.33 -106.87 -101.41 -96.65 -91.88 -88.91 -85.94 -84.46 -82.98 -83.00 -83.03 -83.74 -84.45 -83.42
-52.48 -52.57 -52.65 -53.54 -54.44 -55.35 -56.25 -55.63 -55.00 -51.84 -48.67 -43.71 -38.76 -33.81 -28.86 -25.47 -22.09 -20.83 -19.56 -19.93 -20.30 -21.61 -22.92 -25.01 -27.10 -30.04 -32.98 -36.47 -39.95 -43.27 -46.58 -48.89 -51.21 -52.16 -53.11 -53.12 -53.13 -53.04 -52.94 -53.50 -54.05 -55.61 -57.17 -59.66 -62.16 -65.30 -68.44 -72.04 -75.64 -79.72 -83.81 -88.31 -92.81 -96.62 -100.43 -101.35 -102.27 -99.12 -95.96 -90.34 -84.72 -79.41 -74.10 -70.90 -67.71 -67.08 -66.46 -67.81 -69.16 -70.78 -72.39 -71.79
-35.43 -35.91 -36.40 -38.12 -39.83 -41.20 -42.56 -42.15 -41.74 -38.89 -36.04 -31.27 -26.51 -21.40 -16.29 -12.77 -9.24 -8.21 -7.18 -7.85 -8.53 -9.91 -11.30 -13.51 -15.73 -19.17 -22.60 -26.69 -30.79 -34.52 -38.25 -40.99 -43.73 -45.37 -47.01 -47.79 -48.57 -49.07 -49.58 -50.57 -51.57 -53.53 -55.49 -58.20 -60.91 -63.89 -66.87 -69.90 -72.94 -76.00 -79.07 -81.94 -84.81 -86.61 -88.41 -87.76 -87.12 -83.31 -79.50 -73.47 -67.44 -61.45 -55.46 -51.99 -48.51 -48.73 -48.94 -51.68 -54.41 -57.04 -59.67 -59.57
-18.37 -19.26 -20.16 -22.69 -25.22 -27.05 -28.87 -28.68 -28.49 -25.95 -23.41 -18.83 -14.26 -8.99 -3.73 -0.06 3.61 4.41 5.21 4.22 3.24 1.78 0.32 -2.02 -4.36 -8.29 -12.22 -16.92 -21.62 -25.77 -29.92 -33.09 -36.25 -38.58 -40.90 -42.46 -44.02 -45.11 -46.21 -47.65 -49.09 -51.45 -53.81 -56.73 -59.66 -62.48 -65.30 -67.77 -70.24 -72.28 -74.33 -75.57 -76.81 -76.60 -76.39 -74.18 -71.96 -67.50 -63.03 -56.60 -50.17 -43.50 -36.83 -33.07 -29.32 -30.38 -31.43 -35.54 -39.65 -43.30 -46.95 -47.34
-7.83 -8.84 -9.85 -12.76 -15.67 -17.74 -19.82 -19.76 -19.71 -17.34 -14.96 -10.49 -6.02 -0.69 4.63 8.33 12.03 12.65 13.26 12.04 10.82 9.24 7.67 5.18 2.69 -1.59 -5.87 -11.01 -16.15 -20.70 -25.25 -28.87 -32.50 -35.47 -38.45 -40.76 -43.08 -44.86 -46.64 -48.62 -50.60 -53.36 -56.11 -59.23 -62.35 -65.08 -67.81 -69.81 -71.81 -72.93 -74.06 -73.94 -73.83 -72.07 -70.32 -66.87 -63.41 -58.23 -53.05 -46.12 -39.19 -31.97 -24.74 -20.67 -16.61 -17.92 -19.23 -23.87 -28.51 -32.52 -36.53 -37.05
2.72 1.59 0.45 -2.83 -6.12 -8.44 -10.76 -10.85 -10.93 -8.73 -6.52 -2.15 2.22 7.61 12.99 16.72 20.45 20.88 21.32 19.86 18.40 16.71 15.01 12.38 9.74 5.11 0.48 -5.11 -10.69 -15.64 -20.58 -24.66 -28.74 -32.37 -35.99 -39.06 -42.14 -44.60 -47.07 -49.59 -52.11 -55.26 -58.41 -61.73 -65.04 -67.68 -70.31 -71.84 -73.37 -73.58 -73.80 -72.32 -70.84 -67.55 -64.25 -59.55 -54.86 -48.97 -43.08 -35.65 -28.22 -20.44 -12.65 -8.27 -3.89 -5.46 -7.03 -12.20 -17.37 -21.74 -26.11 -26.75
3.97 3.13 2.29 -0.69 -3.68 -5.83 -7.98 -8.01 -8.03 -5.80 -3.58 0.74 5.06 10.29 15.52 19.10 22.69 23.07 23.46 21.94 20.42 18.55 16.68 13.85 11.03 6.29 1.55 -4.17 -9.89 -15.12 -20.36 -24.88 -29.40 -33.60 -37.81 -41.65 -45.48 -48.82 -52.17 -55.39 -58.62 -62.13 -65.65 -69.13 -72.60 -75.32 -78.03 -79.34 -80.65 -80.14 -79.63 -77.12 -74.61 -70.31 -66.02 -60.52 -55.01 -48.51 -42.00 -34.17 -26.35 -18.34 -10.34 -5.65 -0.96 -1.90 -2.83 -7.18 -11.53 -15.14 -18.75 -18.85
5.22 4.67 4.13 1.45 -1.23 -3.22 -5.20 -5.17 -5.13 -2.88 -0.64 3.63 7.89 12.97 18.04 21.48 24.93 25.27 25.60 24.02 22.43 20.39 18.34 15.32 12.31 7.46 2.62 -3.23 -9.08 -14.61 -20.13 -25.09 -30.06 -34.84 -39.62 -44.23 -48.83 -53.05 -57.27 -61.20 -65.14 -69.01 -72.88 -76.52 -80.17 -82.96 -85.75 -86.84 -87.93 -86.70 -85.47 -81.92 -78.37 -73.08 -67.79 -61.48 -55.17 -48.04 -40.92 -32.69 -24.47 -16.24 -8.02 -3.02 1.98 1.67 1.36 -2.16 -5.69 -8.54 -11.38 -10.94
-0.13 -0.16 -0.20 -2.19 -4.19 -5.74 -7.29 -7.01 -6.74 -4.30 -1.87 2.45 6.78 11.69 16.60 19.88 23.15 23.49 23.83 22.24 20.65 18.41 16.18 12.99 9.81 5.00 0.19 -5.62 -11.43 -17.15 -22.88 -28.22 -33.57 -38.85 -44.13 -49.51 -54.90 -60.17 -65.44 -70.22 -75.00 -79.21 -83.41 -87.25 -91.09 -94.25 -97.42 -98.64 -99.87 -98.12 -96.37 -92.00 -87.63 -81.72 -75.82 -69.05 -62.28 -54.65 -47.02 -38.42 -29.81 -21.41 -13.00 -7.53 -2.06 -1.14 -0.22 -2.06 -3.90 -5.20 -6.50 -5.01
-5.48 -5.00 -4.52 -5.83 -7.15 -8.26 -9.37 -8.86 -8.35 -5.73 -3.10 1.28 5.66 10.41 15.17 18.27 21.37 21.71 22.06 20.46 18.86 16.44 14.01 10.66 7.31 2.54 -2.23 -8.00 -13.78 -19.70 -25.63 -31.36 -37.08 -42.86 -48.64 -54.80 -60.96 -67.28 -73.61 -79.24 -84.87 -89.40 -93.94 -97.97 -102.00 -105.54 -109.08 -110.44 -111.80 -109.54 -107.27 -102.08 -96.89 -90.37 -83.85 -76.62 -69.40 -61.26 -53.13 -44.14 -35.16 -26.57 -17.98 -12.04 -6.09 -3.94 -1.79 -1.95 -2.10 -1.86 -1.63 0.92
-12.82 -11.83 -10.85 -11.49 -12.12 -12.74 -13.36 -12.54 -11.72 -8.81 -5.90 -1.33 3.23 7.98 12.73 15.75 18.78 19.09 19.40 17.75 16.10 13.56 11.01 7.59 4.18 -0.51 -5.19 -10.88 -16.58 -22.61 -28.64 -34.58 -40.53 -46.59 -52.65 -59.40 -66.15 -73.42 -80.68 -87.09 -93.50 -98.31 -103.12 -107.44 -111.76 -116.00 -120.24 -122.16 -124.08 -121.66 -119.23 -113.60 -107.97 -101.27 -94.57 -87.24 -79.91 -71.41 -62.91 -53.45 -43.98 -34.94 -25.90 -19.19 -12.49 -8.96 -5.43 -3.79 -2.15 -0.22 1.71 5.45
-20.15 -18.67 -17.18 -17.14 -17.10 -17.23 -17.36 -16.23 -15.09 -11.89 -8.70 -3.95 0.79 5.54 10.29 13.24 16.19 16.47 16.74 15.04 13.34 10.67 8.01 4.53 1.05 -3.55 -8.14 -13.77 -19.39 -25.52 -31.65 -37.81 -43.97 -50.31 -56.66 -64.00 -71.35 -79.55 -87.76 -94.94 -102.13 -107.21 -112.30 -116.90 -121.51 -126.46 -131.40 -133.88 -136.36 -133.78 -131.20 -125.13 -119.05 -112.17 -105.28 -97.85 -90.41 -81.56 -72.70 -62.75 -52.81 -43.31 -33.81 -26.35 -18.89 -13.97 -9.06 -5.62 -2.19 1.42 5.04 9.98
-26.55 -24.63 -22.71 -22.04 -21.37 -20.94 -20.52 -19.02 -17.52 -14.11 -10.69 -5.88 -1.06 3.65 8.35 11.24 14.12 14.36 14.60 12.90 11.20 8.57 5.94 2.57 -0.80 -5.20 -9.60 -15.01 -20.41 -26.37 -32.34 -38.34 -44.34 -50.52 -56.71 -64.03 -71.34 -79.76 -88.18 -95.64 -103.11 -108.42 -113.74 -118.78 -123.83 -129.59 -135.35 -138.72 -142.08 -140.17 -138.25 -132.81 -127.37 -121.20 -115.03 -108.05 -101.08 -92.15 -83.21 -72.80 -62.38 -52.23 -42.07 -33.68 -25.28 -19.01 -12.73 -7.67 -2.61 2.51 7.63 13.64
-32.94 -30.59 -28.24 -26.94 -25.63 -24.66 -23.69 -21.82 -19.95 -16.32 -12.69 -7.80 -2.91 1.75 6.42 9.24 12.05 12.26 12.46 10.76 9.06 6.47 3.87 0.61 -2.66 -6.86 -11.06 -16.25 -21.43 -27.23 -33.02 -38.87 -44.71 -50.73 -56.76 -64.05 -71.34 -79.97 -88.60 -96.34 -104.09 -109.63 -115.18 -120.66 -126.14 -132.72 -139.30 -143.55 -147.81 -146.56 -145.30 -140.49 -135.68 -130.22 -124.77 -118.26 -111.75 -102.74 -93.73 -82.84 -71.95 -61.15 -50.34 -41.01 -31.68 -24.04 -16.41 -9.72 -3.03 3.60 10.23 17.29
-37.59 -34.83 -32.06 -30.03 -28.01 -26.30 -24.59 -22.29 -19.98 -16.34 -12.69 -8.07 -3.45 0.92 5.29 7.94 10.58 10.82 11.05 9.52 7.99 5.66 3.32 0.38 -2.56 -6.36 -10.16 -14.86 -19.56 -24.77 -29.99 -35.17 -40.36 -45.63 -50.90 -57.28 -63.65 -71.33 -79.00 -86.23 -93.46 -99.24 -105.01 -111.15 -117.30 -124.62 -131.94 -137.29 -142.64 -143.18 -143.73 -141.16 -138.59 -135.16 -131.72 -126.44 -121.16 -112.39 -103.61 -92.30 -80.99 -69.46 -57.93 -47.61 -37.29 -28.28 -19.28 -11.04 -2.79 5.17 13.14 21.03
-42.24 -39.06 -35.88 -33.13 -30.38 -27.94 -25.50 -22.75 -20.01 -16.35 -12.70 -8.34 -3.98 0.09 4.15 6.64 9.12 9.37 9.63 8.27 6.92 4.84 2.77 0.16 -2.45 -5.86 -9.26 -13.48 -17.69 -22.32 -26.95 -31.47 -36.00 -40.53 -45.05 -50.51 -55.97 -62.68 -69.40 -76.12 -82.84 -88.84 -94.85 -101.65 -108.45 -116.52 -124.59 -131.03 -137.47 -139.81 -142.15 -141.82 -141.49 -140.09 -138.68 -134.62 -130.56 -122.03 -113.50 -101.76 -90.02 -77.78 -65.53 -54.21 -42.90 -32.53 -22.15 -12.35 -2.56 6.75 16.06 24.77
-45.49 -41.88 -38.27 -34.70 -31.12 -27.82 -24.51 -21.32 -18.12 -14.65 -11.18 -7.35 -3.52 0.10 3.71 6.01 8.30 8.66 9.01 7.99 6.97 5.39 3.82 1.77 -0.27 -3.08 -5.89 -9.41 -12.92 -16.68 -20.43 -23.93 -27.43 -30.73 -34.03 -37.87 -41.72 -46.62 -51.53 -57.15 -62.78 -68.98 -75.18 -82.81 -90.45 -99.33 -108.22 -115.95 -123.68 -128.52 -133.36 -136.39 -139.43 -141.16 -142.90 -140.71 -138.52 -130.23 -121.95 -109.52 -97.09 -83.99 -70.89 -58.58 -46.28 -34.52 -22.77 -11.40 -0.04 10.54 21.11 30.45
-48.74 -44.70 -40.67 -36.26 -31.86 -27.69 -23.52 -19.88 -16.24 -12.95 -9.67 -6.36 -3.06 0.11 3.27 5.38 7.49 7.94 8.39 7.71 7.02 5.94 4.87 3.39 1.91 -0.31 -2.53 -5.34 -8.16 -11.03 -13.91 -16.39 -18.86 -20.94 -23.01 -25.24 -27.46 -30.57 -33.67 -38.19 -42.72 -49.11 -55.51 -63.98 -72.44 -82.14 -91.84 -100.87 -109.90 -117.24 -124.57 -130.97 -137.36 -142.24 -147.12 -146.80 -146.47 -138.44 -130.40 -117.28 -104.15 -90.20 -76.25 -62.95 -49.65 -36.52 -23.38 -10.45 2.48 14.33 26.17 36.12
-50.58 -46.22 -41.87 -36.79 -31.71 -26.87 -22.02 -18.15 -14.27 -11.34 -8.42 -5.73 -3.05 -0.30 2.45 4.51 6.56 7.26 7.96 7.82 7.69 7.40 7.12 6.48 5.84 4.40 2.95 0.94 -1.07 -2.98 -4.89 -6.23 -7.58 -8.28 -8.99 -9.44 -9.88 -11.02 -12.16 -15.44 -18.73 -25.20 -31.67 -40.92 -50.17 -60.70 -71.24 -81.49 -91.75 -101.35 -110.94 -120.52 -130.10 -138.19 -146.28 -147.87 -149.45 -141.38 -133.30 -119.15 -105.00 -90.14 -75.28 -61.19 -47.10 -32.86 -18.61 -4.42 9.78 22.58 35.39 45.67
-52.41 -47.74 -43.07 -37.31 -31.56 -26.05 -20.53 -16.41 -12.30 -9.74 -7.17 -5.11 -3.04 -0.70 1.64 3.64 5.63 6.58 7.53 7.94 8.35 8.86 9.37 9.57 9.78 9.11 8.43 7.23 6.03 5.08 4.13 3.92 3.71 4.37 5.04 6.37 7.70 8.53 9.35 7.31 5.26 -1.28 -7.83 -17.86 -27.90 -39.26 -50.63 -62.12 -73.60 -85.46 -97.31 -110.07 -122.83 -134.14 -145.44 -148.94 -152.43 -144.32 -136.20 -121.02 -105.84 -90.08 -74.32 -59.43 -44.54 -29.20 -13.85 1.61 17.07 30.84 44.61 55.21
-51.62 -47.04 -42.45 -36.72 -30.98 -25.54 -20.09 -16.26 -12.43 -10.45 -8.47 -7.06 -5.65 -3.70 -1.76 0.33 2.42 4.00 5.57 7.05 8.53 10.31 12.09 13.49 14.89 15.24 15.59 15.32 15.05 15.08 15.11 15.94 16.77 18.59 20.42 23.13 25.85 28.16 30.46 29.43 28.40 22.07 15.73 5.44 -4.86 -16.57 -28.27 -40.33 -52.39 -65.33 -78.27 -92.56 -106.85 -119.70 -132.56 -136.95 -141.35 -133.14 -124.92 -109.12 -93.31 -77.02 -60.73 -45.54 -30.35 -14.81 0.72 16.29 31.86 45.60 59.34 69.63
-50.83 -46.33 -41.84 -36.12 -30.41 -25.03 -19.65 -16.11 -12.56 -11.16 -9.76 -9.01 -8.26 -6.71 -5.16 -2.97 -0.79 1.42 3.62 6.16 8.71 11.75 14.80 17.40 20.00 21.37 22.74 23.41 24.08 25.08 26.09 27.96 29.83 32.81 35.80 39.90 44.01 47.79 51.56 51.55 51.55 45.42 39.29 28.74 18.19 6.13 -5.92 -18.55 -31.17 -45.20 -59.22 -75.04 -90.86 -105.27 -119.67 -124.97 -130.27 -121.95 -113.64 -97.21 -80.78 -63.96 -47.13 -31.64 -16.15 -0.43 15.29 30.96 46.64 60.35 74.07 84.04
-46.49 -42.68 -38.87 -34.21 -29.55 -25.30 -21.04 -18.47 -15.90 -15.30 -14.69 -14.67 -14.66 -13.62 -12.59 -10.19 -7.79 -4.32 -0.85 3.64 8.12 13.14 18.16 22.40 26.64 29.30 31.97 33.72 35.48 37.45 39.43 42.16 44.90 48.66 52.42 57.30 62.17 66.72 71.26 71.94 72.62 67.07 61.52 51.49 41.45 29.90 18.34 6.14 -6.05 -19.64 -33.24 -48.30 -63.37 -76.67 -89.97 -94.57 -99.17 -91.06 -82.96 -66.94 -50.92 -34.13 -17.35 -2.14 13.07 27.58 42.10 56.10 70.09 82.37 94.65 103.50
-42.15 -39.03 -35.90 -32.30 -28.70 -25.57 -22.44 -20.84 -19.24 -19.43 -19.63 -20.34 -21.05 -20.54 -20.02 -17.40 -14.79 -10.06 -5.32 1.11 7.54 14.52 21.51 27.39 33.27 37.23 41.20 44.04 46.88 49.82 52.77 56.37 59.97 64.51 69.04 74.69 80.34 85.65 90.97 92.33 93.69 88.72 83.75 74.23 64.71 53.66 42.60 30.84 19.07 5.91 -7.25 -21.56 -35.87 -48.07 -60.27 -64.17 -68.06 -60.17 -52.27 -36.66 -21.06 -4.31 12.44 27.36 42.28 55.60 68.92 81.23 93.54 104.38 115.22 122.97
