test/esri_led_0/synt_tma_3600m_led_0.esri
nrows             510
ncols             462
xllcorner      398000.00
yllcorner     7846000.00
cellsize          500.00
NODATA_value    -9999
[rows 128 to 159 of 510, columns 146 to 218 of 462]
19.46 22.79 26.12 28.50 30.88 32.30 33.71 34.37 35.03 35.43 35.83 36.71 37.58 39.65 41.73 45.56 49.39 55.27 61.15 69.11 77.06 86.79 96.51 107.16 117.80 127.72 137.63 144.50 151.36 152.93 154.51 149.92 145.33 135.73 126.14 114.26 102.38 91.38 80.39 73.08 65.78 64.43 63.08 69.34 75.60 90.03 104.45 125.48 146.52 169.65 192.78 210.89 229.00 234.82 240.64 230.25 219.86 194.51 169.16 133.76 98.36 58.49 18.63 -21.17 -60.98 -97.11 -133.24 -162.34 -191.45 -210.75 -230.05 -238.57 -247.09
20.10 23.15 26.20 28.22 30.24 31.30 32.36 32.73 33.09 33.33 33.56 34.46 35.36 37.71 40.06 44.40 48.74 55.24 61.74 70.24 78.74 88.73 98.73 109.28 119.83 129.34 138.85 145.10 151.35 152.24 153.14 147.96 142.79 132.96 123.12 111.65 100.17 90.45 80.73 75.56 70.39 71.66 72.94 81.64 90.35 106.34 122.32 143.60 164.87 186.85 208.83 224.60 240.37 242.96 245.56 231.42 217.29 188.18 159.06 120.60 82.13 40.63 -0.87 -40.50 -80.12 -114.43 -148.74 -174.97 -201.21 -217.21 -233.22 -238.49 -243.76
20.36 23.09 25.83 27.50 29.17 29.93 30.69 30.86 31.03 31.22 31.40 32.40 33.41 36.04 38.67 43.43 48.19 55.13 62.07 70.84 79.61 89.55 99.50 109.63 119.77 128.61 137.45 142.96 148.47 148.74 149.00 143.45 137.89 128.07 118.24 107.31 96.38 87.83 79.27 75.79 72.30 75.40 78.51 88.62 98.73 115.14 131.56 152.02 172.48 192.53 212.58 225.72 238.86 238.56 238.26 221.36 204.46 173.09 141.71 101.96 62.20 20.81 -20.58 -58.53 -96.49 -127.88 -159.28 -182.01 -204.73 -217.27 -229.82 -232.10 -234.38
20.61 23.03 25.46 26.78 28.11 28.57 29.03 29.00 28.98 29.10 29.23 30.34 31.46 34.37 37.29 42.47 47.65 55.03 62.41 71.45 80.48 90.37 100.26 109.98 119.70 127.87 136.04 140.82 145.60 145.24 144.87 138.93 132.99 123.17 113.36 102.98 92.59 85.21 77.82 76.02 74.21 79.15 84.08 95.59 107.11 123.95 140.79 160.43 180.08 198.21 216.33 226.84 237.35 234.16 230.97 211.30 191.62 157.99 124.36 83.32 42.27 0.99 -40.28 -76.57 -112.85 -141.34 -169.83 -189.04 -208.25 -217.34 -226.42 -225.71 -224.99
20.36 22.48 24.60 25.64 26.67 26.94 27.22 27.15 27.08 27.30 27.52 28.84 30.15 33.31 36.47 41.86 47.26 54.72 62.18 71.04 79.90 89.27 98.63 107.51 116.39 123.59 130.79 134.74 138.68 137.86 137.04 131.13 125.23 115.93 106.63 97.14 87.66 81.39 75.13 74.45 73.76 79.50 85.24 96.89 108.53 124.55 140.56 158.41 176.26 191.91 207.57 215.46 223.36 217.97 212.58 191.51 170.45 136.43 102.41 62.05 21.70 -17.78 -57.26 -90.76 -124.26 -149.34 -174.41 -190.13 -205.84 -211.86 -217.88 -214.85 -211.81
20.11 21.93 23.74 24.49 25.24 25.32 25.41 25.29 25.18 25.50 25.82 27.33 28.84 32.24 35.65 41.26 46.87 54.41 61.95 70.64 79.32 88.16 97.00 105.04 113.09 119.32 125.54 128.65 131.76 130.48 129.20 123.34 117.47 108.69 99.90 91.31 82.72 77.58 72.43 72.87 73.32 79.86 86.41 98.18 109.95 125.15 140.34 156.39 172.43 185.62 198.80 204.08 209.37 201.78 194.19 171.73 149.27 114.86 80.45 40.79 1.12 -36.55 -74.23 -104.95 -135.67 -157.33 -179.00 -191.21 -203.43 -206.39 -209.35 -203.99 -198.63
19.33 20.86 22.39 22.93 23.47 23.49 23.52 23.53 23.55 24.13 24.70 26.49 28.28 31.85 35.41 40.96 46.51 53.69 60.86 68.85 76.83 84.63 92.43 99.20 105.98 110.96 115.95 118.22 120.48 119.08 117.69 112.52 107.36 99.87 92.38 85.26 78.13 74.18 70.23 71.24 72.25 78.51 84.76 95.29 105.82 118.87 131.93 145.19 158.44 168.64 178.83 181.57 184.31 175.28 166.26 143.88 121.50 88.63 55.77 18.76 -18.25 -52.62 -87.00 -114.13 -141.27 -159.41 -177.56 -186.66 -195.76 -196.34 -196.92 -190.11 -183.30
18.54 19.79 21.04 21.37 21.70 21.67 21.63 21.77 21.91 22.75 23.59 25.65 27.72 31.45 35.17 40.66 46.14 52.96 59.78 67.05 74.33 81.09 87.86 93.36 98.87 102.61 106.36 107.78 109.20 107.68 106.17 101.70 97.24 91.05 84.85 79.20 73.54 70.79 68.03 69.61 71.18 77.15 83.12 92.40 101.68 112.60 123.52 133.98 144.45 151.66 158.86 159.06 159.25 148.79 138.33 116.03 93.72 62.41 31.09 -3.27 -37.63 -68.70 -99.76 -123.32 -146.88 -161.50 -176.11 -182.10 -188.08 -186.28 -184.49 -176.23 -167.97
17.32 18.31 19.30 19.48 19.66 19.68 19.69 20.09 20.49 21.69 22.90 25.27 27.63 31.40 35.16 40.28 45.40 51.43 57.46 63.57 69.69 75.00 80.32 84.28 88.25 90.70 93.14 93.95 94.77 93.72 92.68 89.80 86.93 83.00 79.07 75.61 72.15 70.79 69.44 71.15 72.87 77.56 82.25 89.01 95.76 103.29 110.81 117.51 124.21 127.86 131.52 129.13 126.73 115.39 104.05 82.94 61.84 33.55 5.26 -25.00 -55.25 -81.95 -108.65 -128.15 -147.64 -158.81 -169.98 -173.31 -176.64 -173.15 -169.66 -160.71 -151.77
16.10 16.83 17.56 17.59 17.63 17.69 17.76 18.41 19.06 20.64 22.21 24.88 27.55 31.35 35.14 39.91 44.67 49.91 55.15 60.09 65.04 68.91 72.78 75.21 77.63 78.78 79.92 80.13 80.34 79.76 79.19 77.90 76.61 74.95 73.28 72.02 70.75 70.80 70.85 72.70 74.55 77.96 81.38 85.61 89.85 93.97 98.10 101.03 103.96 104.07 104.18 99.20 94.21 81.99 69.77 49.86 29.96 4.69 -20.58 -46.73 -72.88 -95.21 -117.53 -132.97 -148.41 -156.13 -163.85 -164.53 -165.21 -160.02 -154.82 -145.19 -135.56
14.61 15.09 15.57 15.50 15.43 15.60 15.77 16.74 17.70 19.67 21.63 24.53 27.44 31.09 34.74 38.85 42.95 47.05 51.15 54.60 58.06 60.28 62.51 63.42 64.33 64.47 64.61 64.82 65.02 65.83 66.63 68.04 69.46 71.18 72.91 74.71 76.51 78.32 80.13 81.87 83.60 84.96 86.32 86.94 87.57 87.18 86.80 85.03 83.26 79.21 75.16 67.36 59.56 46.63 33.69 15.48 -2.72 -24.28 -45.84 -67.22 -88.61 -106.12 -123.63 -134.88 -146.14 -150.61 -155.08 -153.53 -151.97 -145.58 -139.20 -129.36 -119.51
13.11 13.35 13.58 13.40 13.23 13.51 13.79 15.07 16.34 18.69 21.04 24.18 27.32 30.83 34.33 37.79 41.24 44.20 47.15 49.11 51.08 51.66 52.24 51.63 51.02 50.16 49.30 49.50 49.71 51.89 54.07 58.18 62.30 67.42 72.53 77.40 82.26 85.84 89.42 91.03 92.65 91.95 91.25 88.27 85.29 80.39 75.50 69.03 62.56 54.35 46.13 35.52 24.91 11.26 -2.39 -18.89 -35.39 -53.25 -71.10 -87.71 -104.33 -117.03 -129.72 -136.80 -143.87 -145.09 -146.32 -142.52 -138.73 -131.15 -123.57 -113.52 -103.46
11.44 11.44 11.44 11.18 10.92 11.33 11.73 13.31 14.89 17.56 20.23 23.47 26.71 29.86 33.01 35.52 38.04 39.57 41.10 41.36 41.63 40.57 39.51 37.68 35.85 34.61 33.38 34.53 35.67 40.41 45.15 53.29 61.42 71.24 81.05 90.03 99.02 104.91 110.81 112.25 113.69 110.36 107.02 99.56 92.10 81.76 71.43 59.42 47.40 34.38 21.36 7.51 -6.34 -20.92 -35.49 -50.37 -65.25 -79.41 -93.58 -105.48 -117.38 -125.39 -133.40 -136.53 -139.67 -137.99 -136.31 -130.68 -125.05 -116.62 -108.20 -98.13 -88.07
9.77 9.53 9.29 8.95 8.61 9.15 9.68 11.56 13.43 16.43 19.42 22.76 26.10 28.89 31.68 33.26 34.85 34.94 35.04 33.61 32.18 29.48 26.78 23.73 20.67 19.07 17.47 19.55 21.63 28.93 36.23 48.39 60.55 75.06 89.57 102.67 115.77 123.99 132.21 133.47 134.74 128.76 122.78 110.85 98.91 83.13 67.36 49.80 32.25 14.41 -3.42 -20.51 -37.59 -53.10 -68.60 -81.85 -95.10 -105.58 -116.06 -123.24 -130.42 -133.75 -137.07 -136.26 -135.46 -130.88 -126.30 -118.84 -111.37 -102.10 -92.82 -82.75 -72.67
7.94 7.47 7.00 6.58 6.16 6.81 7.45 9.59 11.72 14.95 18.17 21.47 24.77 27.01 29.24 29.66 30.08 28.53 26.98 23.76 20.53 16.32 12.11 8.28 4.45 3.24 2.03 6.08 10.13 21.21 32.29 49.84 67.38 87.97 108.56 126.97 145.38 156.65 167.93 169.16 170.40 161.47 152.54 135.57 118.61 96.78 74.96 51.28 27.60 4.41 -18.78 -39.58 -60.39 -77.26 -94.13 -106.18 -118.23 -125.49 -132.75 -135.74 -138.73 -137.94 -137.14 -132.98 -128.81 -121.88 -114.95 -106.12 -97.29 -87.48 -77.66 -67.67 -57.68
6.11 5.41 4.71 4.21 3.72 4.47 5.23 7.61 10.00 13.47 16.93 20.19 23.44 25.12 26.80 26.06 25.32 22.12 18.93 13.90 8.88 3.16 -2.56 -7.16 -11.77 -12.59 -13.41 -7.40 -1.38 13.48 28.35 51.28 74.22 100.89 127.56 151.27 174.99 189.31 203.64 204.85 206.07 194.18 182.29 160.30 138.30 110.43 82.56 52.76 22.96 -5.58 -34.13 -58.66 -83.19 -101.43 -119.66 -130.52 -141.37 -145.41 -149.45 -148.25 -147.04 -142.13 -137.22 -129.69 -122.16 -112.88 -103.60 -93.41 -83.21 -72.85 -62.50 -52.59 -42.68
4.14 3.19 2.24 1.64 1.04 1.86 2.69 5.28 7.87 11.50 15.12 18.25 21.38 22.39 23.41 21.40 19.38 14.47 9.55 2.77 -4.02 -11.03 -18.04 -22.98 -27.91 -27.70 -27.49 -18.72 -9.94 9.63 29.20 58.56 87.92 121.78 155.63 185.68 215.73 233.88 252.03 253.64 255.25 240.58 225.91 198.96 172.02 138.16 104.31 68.40 32.49 -1.49 -35.48 -63.98 -92.48 -112.49 -132.51 -142.76 -153.01 -154.60 -156.18 -151.69 -147.20 -139.13 -131.06 -121.08 -111.09 -100.25 -89.41 -78.46 -67.52 -57.01 -46.51 -36.85 -27.18
2.17 0.97 -0.23 -0.94 -1.64 -0.74 0.16 2.95 5.74 9.53 13.31 16.31 19.31 19.67 20.02 16.73 13.44 6.81 0.18 -8.37 -16.92 -25.22 -33.52 -38.79 -44.06 -42.81 -41.57 -30.03 -18.50 5.78 30.05 65.84 101.62 142.66 183.71 220.09 256.48 278.45 300.41 302.43 304.44 286.99 269.53 237.63 205.73 165.89 126.05 84.04 42.02 2.60 -36.83 -69.30 -101.76 -123.56 -145.36 -155.00 -164.65 -163.78 -162.91 -155.14 -147.36 -136.13 -124.90 -112.46 -100.03 -87.62 -75.22 -63.52 -51.82 -41.18 -30.53 -21.10 -11.68
0.04 -1.43 -2.90 -3.76 -4.61 -3.69 -2.77 0.16 3.08 6.97 10.86 13.69 16.52 16.22 15.92 11.43 6.94 -1.27 -9.47 -19.54 -29.62 -38.89 -48.17 -53.40 -58.63 -55.97 -53.30 -38.65 -24.00 5.30 34.60 77.10 119.60 168.15 216.70 259.84 302.98 329.33 355.67 358.83 361.98 342.67 323.36 287.57 251.79 207.05 162.32 115.18 68.05 23.91 -20.22 -56.31 -92.39 -116.11 -139.84 -149.53 -159.23 -157.00 -154.77 -145.04 -135.32 -122.29 -109.27 -95.63 -82.00 -69.08 -56.17 -44.52 -32.86 -22.61 -12.36 -3.49 5.38
-2.09 -3.83 -5.57 -6.57 -7.57 -6.64 -5.70 -2.64 0.42 4.41 8.40 11.07 13.73 12.78 11.82 6.13 0.43 -9.34 -19.11 -30.72 -42.32 -52.57 -62.82 -68.01 -73.20 -69.12 -65.03 -47.26 -29.49 4.83 39.14 88.36 137.58 193.64 249.70 299.59 349.48 380.21 410.93 415.23 419.52 398.35 377.18 337.51 297.84 248.22 198.59 146.33 94.07 45.22 -3.62 -43.32 -83.02 -108.66 -134.31 -144.06 -153.81 -150.22 -146.63 -134.95 -123.27 -108.46 -93.64 -78.81 -63.97 -50.54 -37.11 -25.51 -13.90 -4.05 5.81 14.12 22.44
-4.37 -6.40 -8.43 -9.61 -10.79 -9.91 -9.02 -5.91 -2.80 1.22 5.24 7.72 10.20 8.69 7.18 0.53 -6.13 -17.11 -28.08 -40.79 -53.49 -64.33 -75.16 -80.04 -84.91 -79.29 -73.66 -52.89 -32.11 6.82 45.75 101.03 156.30 219.13 281.96 338.11 394.27 429.51 464.75 471.11 477.47 456.10 434.73 393.24 351.75 299.38 247.00 191.60 136.19 84.29 32.39 -9.83 -52.04 -79.31 -106.59 -117.03 -127.47 -123.88 -120.29 -108.35 -96.40 -81.48 -66.56 -52.02 -37.48 -24.76 -12.04 -1.41 9.23 18.03 26.84 34.16 41.49
-6.65 -8.97 -11.28 -12.65 -14.01 -13.18 -12.34 -9.18 -6.01 -1.97 2.07 4.37 6.66 4.60 2.54 -5.07 -12.69 -24.87 -37.05 -50.86 -64.67 -76.09 -87.51 -92.06 -96.61 -89.45 -82.29 -58.51 -34.74 8.81 52.36 113.69 175.02 244.62 314.21 376.64 439.07 478.81 518.56 527.00 535.43 513.85 492.27 448.97 405.66 350.54 295.41 236.87 178.32 123.36 68.40 23.67 -21.06 -49.96 -78.87 -90.00 -101.14 -97.54 -93.95 -81.74 -69.54 -54.51 -39.48 -25.24 -10.99 1.02 13.04 22.70 32.36 40.11 47.87 54.20 60.54
-9.04 -11.64 -14.24 -15.81 -17.39 -16.68 -15.96 -12.84 -9.72 -5.73 -1.74 0.38 2.49 0.03 -2.43 -10.67 -18.92 -31.84 -44.76 -59.19 -73.63 -85.27 -96.91 -101.01 -105.11 -96.59 -88.08 -61.89 -35.69 11.42 58.53 124.42 190.32 265.06 339.80 407.22 474.64 518.48 562.33 573.58 584.83 564.85 544.86 502.19 459.53 404.31 349.08 289.93 230.77 174.97 119.18 73.60 28.02 -1.79 -31.61 -43.82 -56.03 -53.67 -51.31 -40.45 -29.59 -16.05 -2.52 10.03 22.57 32.74 42.91 50.75 58.59 64.70 70.81 75.74 80.68
-11.42 -14.31 -17.19 -18.98 -20.78 -20.18 -19.58 -16.51 -13.43 -9.49 -5.55 -3.61 -1.67 -4.54 -7.40 -16.27 -25.15 -38.81 -52.47 -67.53 -82.58 -94.45 -106.31 -109.96 -113.60 -103.74 -93.87 -65.26 -36.64 14.02 64.69 135.15 205.62 285.50 365.38 437.80 510.21 558.16 606.10 620.17 634.24 615.84 597.45 555.42 513.39 458.07 402.76 342.99 283.22 226.59 169.96 123.53 77.10 46.38 15.65 2.37 -10.91 -9.79 -8.68 0.84 10.37 22.41 34.45 45.29 56.14 64.46 72.78 78.80 84.82 89.29 93.75 97.28 100.81
-13.74 -16.91 -20.08 -22.12 -24.16 -23.75 -23.33 -20.38 -17.43 -13.60 -9.76 -7.97 -6.18 -9.27 -12.36 -21.54 -30.73 -44.71 -58.70 -73.99 -89.28 -101.15 -113.02 -116.30 -119.59 -108.90 -98.21 -68.23 -38.26 14.34 66.93 139.89 212.84 295.65 378.46 453.98 529.51 580.49 631.48 648.40 665.31 649.64 633.97 594.53 555.08 502.02 448.96 391.01 333.07 277.88 222.70 177.28 131.85 101.33 70.80 56.63 42.46 41.79 41.13 48.41 55.68 65.28 74.88 83.17 91.45 97.25 103.06 106.79 110.52 113.05 115.58 117.53 119.47
-16.05 -19.51 -22.96 -25.25 -27.54 -27.31 -27.09 -24.26 -21.43 -17.70 -13.97 -12.33 -10.68 -14.00 -17.32 -26.81 -36.31 -50.62 -64.94 -80.46 -95.98 -107.85 -119.72 -122.65 -125.58 -114.06 -102.55 -71.21 -39.87 14.65 69.18 144.62 220.06 305.79 391.53 470.17 548.82 602.83 656.85 676.62 696.39 683.44 670.50 633.63 596.76 545.96 495.16 439.04 382.92 329.18 275.45 231.02 186.60 156.27 125.95 110.89 95.83 93.38 90.94 95.97 101.00 108.15 115.30 121.04 126.77 130.05 133.33 134.78 136.23 136.82 137.40 137.77 138.13
-18.04 -21.77 -25.50 -28.07 -30.63 -30.65 -30.67 -28.04 -25.42 -21.85 -18.28 -16.75 -15.22 -18.62 -22.03 -31.56 -41.09 -55.39 -69.69 -85.16 -100.63 -112.42 -124.21 -127.07 -129.93 -118.40 -106.88 -75.63 -44.38 9.96 64.31 139.58 214.86 300.65 386.44 465.55 544.67 599.77 654.87 676.49 698.12 687.92 677.73 644.36 610.99 564.02 517.06 464.72 412.39 362.16 311.93 270.37 228.82 200.13 171.43 156.41 141.39 137.63 133.87 136.82 139.76 144.49 149.22 152.41 155.61 156.46 157.30 156.62 155.93 154.78 153.62 152.61 151.59
-20.03 -24.04 -28.04 -30.88 -33.72 -33.98 -34.25 -31.83 -29.41 -25.99 -22.58 -21.17 -19.76 -23.25 -26.73 -36.30 -45.86 -60.16 -74.45 -89.87 -105.28 -116.99 -128.70 -131.49 -134.27 -122.74 -111.20 -80.05 -48.89 5.27 59.43 134.55 209.67 295.50 381.34 460.94 540.53 596.70 652.88 676.36 699.84 692.40 684.95 655.08 625.22 582.09 538.96 490.41 441.86 395.14 348.41 309.72 271.03 243.98 216.92 201.93 186.95 181.88 176.81 177.67 178.52 180.83 183.13 183.79 184.45 182.86 181.27 178.45 175.64 172.74 169.84 167.45 165.05
-21.48 -25.71 -29.95 -33.05 -36.16 -36.72 -37.29 -35.18 -33.07 -29.92 -26.78 -25.52 -24.27 -27.74 -31.20 -40.56 -49.92 -63.87 -77.82 -92.89 -107.97 -119.52 -131.08 -134.11 -137.14 -126.48 -115.81 -86.34 -56.87 -5.29 46.28 118.08 189.87 272.13 354.39 430.89 507.39 561.74 616.09 639.54 662.99 657.40 651.82 625.42 599.02 560.50 521.99 478.69 435.39 393.98 352.58 318.57 284.56 260.81 237.05 223.60 210.16 205.05 199.95 199.75 199.56 200.31 201.06 200.03 199.00 195.80 192.61 188.43 184.24 180.28 176.31 173.11 169.91
-22.93 -27.39 -31.85 -35.22 -38.60 -39.47 -40.34 -38.53 -36.73 -33.85 -30.97 -29.88 -28.78 -32.23 -35.68 -44.83 -53.98 -67.58 -81.19 -95.92 -110.65 -122.05 -133.45 -136.73 -140.01 -130.21 -120.42 -92.64 -64.86 -15.86 33.14 101.61 170.08 248.75 327.43 400.84 474.24 526.77 579.30 602.72 626.14 622.41 618.68 595.75 572.82 538.92 505.02 466.97 428.91 392.83 356.75 327.42 298.09 277.64 257.18 245.27 233.36 228.22 223.08 221.84 220.59 219.79 218.99 216.27 213.54 208.74 203.94 198.40 192.85 187.81 182.77 178.77 174.77
-23.78 -28.40 -33.01 -36.62 -40.23 -41.45 -42.67 -41.31 -39.95 -37.49 -35.04 -34.19 -33.34 -36.72 -40.09 -48.79 -57.49 -70.39 -83.29 -97.32 -111.35 -122.41 -133.47 -137.15 -140.83 -132.57 -124.30 -99.55 -74.79 -30.56 13.67 75.74 137.80 209.14 280.48 346.95 413.43 460.89 508.36 529.49 550.63 547.39 544.15 524.05 503.94 474.78 445.62 413.73 381.83 352.49 323.14 300.03 276.93 261.32 245.72 236.92 228.12 224.47 220.82 219.88 218.95 217.86 216.77 213.59 210.41 205.22 200.02 194.19 188.36 183.16 177.96 173.93 169.89
-24.63 -29.40 -34.18 -38.02 -41.87 -43.44 -45.01 -44.09 -43.16 -41.13 -39.10 -38.51 -37.91 -41.20 -44.50 -52.75 -61.01 -73.20 -85.39 -98.72 -112.05 -122.77 -133.49 -137.57 -141.65 -134.92 -128.19 -106.45 -84.72 -45.26 -5.80 49.86 105.52 169.53 233.54 293.07 352.61 395.02 437.43 456.27 475.12 472.37 469.63 452.35 435.07 410.64 386.21 360.49 334.76 312.14 289.53 272.65 255.76 245.01 234.25 228.56 222.88 220.71 218.55 217.93 217.31 215.93 214.55 210.92 207.29 201.69 196.10 189.98 183.87 178.51 173.16 169.08 165.01
