test/esri_led_0/synt_tma_4800m_led_0.esri
nrows             510
ncols             462
xllcorner      398000.00
yllcorner     7846000.00
cellsize          500.00
NODATA_value    -9999
[rows 448 to 479 of 510, columns 144 to 215 of 462]
5.06 6.21 7.36 10.01 12.66 17.69 22.71 30.80 38.90 50.13 61.37 74.91 88.45 102.62 116.79 129.66 142.52 152.73 162.93 169.91 176.88 180.19 183.50 182.53 181.56 176.59 171.63 164.65 157.67 151.62 145.57 142.75 139.92 140.96 142.00 145.54 149.07 151.82 154.56 152.54 150.52 141.49 132.46 117.36 102.27 84.09 65.92 47.59 29.27 12.69 -3.89 -17.59 -31.29 -41.24 -51.20 -56.76 -62.31 -63.64 -64.96 -63.83 -62.70 -62.69 -62.69 -67.91 -73.13 -85.34 -97.54 -114.12 -130.71 -145.81 -160.92 -168.80
-2.75 -2.16 -1.57 0.45 2.46 6.64 10.81 17.79 24.77 34.64 44.51 56.52 68.53 81.30 94.07 106.09 118.10 128.27 138.43 146.01 153.58 157.77 161.96 161.92 161.88 157.79 153.71 147.55 141.38 136.08 130.78 128.68 126.58 128.38 130.17 134.50 138.82 142.42 146.03 145.08 144.14 136.50 128.87 115.38 101.89 85.22 68.55 51.26 33.98 17.79 1.61 -12.31 -26.23 -37.00 -47.76 -54.85 -61.94 -65.61 -69.29 -71.10 -72.92 -75.82 -78.72 -86.01 -93.31 -106.35 -119.39 -135.74 -152.09 -166.20 -180.30 -186.40
-11.17 -10.97 -10.77 -9.14 -7.51 -3.85 -0.20 6.06 12.31 21.25 30.19 41.14 52.09 63.87 75.65 87.11 98.58 108.83 119.09 127.27 135.44 140.38 145.32 145.92 146.52 142.87 139.23 133.36 127.49 122.47 117.46 115.81 114.16 116.64 119.12 124.34 129.55 134.19 138.83 139.06 139.29 132.97 126.65 114.51 102.38 86.85 71.32 54.61 37.91 21.55 5.20 -9.60 -24.40 -36.65 -48.90 -58.13 -67.35 -73.83 -80.31 -85.30 -90.30 -96.03 -101.76 -110.70 -119.63 -132.73 -145.83 -160.97 -176.11 -188.22 -200.32 -203.80
-19.58 -19.78 -19.98 -18.73 -17.47 -14.34 -11.21 -5.68 -0.15 7.87 15.88 25.76 35.65 46.44 57.23 68.14 79.05 89.40 99.75 108.52 117.30 122.99 128.68 129.92 131.16 127.96 124.75 119.17 113.59 108.87 104.14 102.94 101.73 104.90 108.07 114.18 120.29 125.97 131.64 133.04 134.44 129.43 124.42 113.65 102.87 88.48 74.09 57.96 41.84 25.31 8.79 -6.89 -22.56 -36.30 -50.05 -61.41 -72.77 -82.06 -91.34 -99.51 -107.67 -116.24 -124.80 -135.38 -145.96 -159.12 -172.27 -186.20 -200.13 -210.24 -220.35 -221.19
-27.69 -28.03 -28.37 -27.17 -25.97 -22.94 -19.91 -14.64 -9.37 -1.79 5.79 15.11 24.43 34.68 44.92 55.52 66.11 76.48 86.85 95.91 104.97 110.99 117.02 118.43 119.85 116.60 113.34 107.60 101.85 97.06 92.26 91.31 90.36 94.21 98.06 105.19 112.31 119.15 125.99 128.53 131.07 127.09 123.10 113.14 103.18 89.28 75.37 59.20 43.04 25.82 8.60 -8.40 -25.41 -41.02 -56.63 -70.33 -84.03 -96.04 -108.04 -118.99 -129.93 -140.67 -151.40 -162.75 -174.09 -186.26 -198.43 -210.00 -221.57 -228.67 -235.77 -233.46
-35.80 -36.28 -36.77 -35.61 -34.46 -31.54 -28.61 -23.61 -18.60 -11.45 -4.31 4.45 13.21 22.92 32.62 42.89 53.16 63.55 73.95 83.29 92.64 98.99 105.35 106.94 108.54 105.24 101.94 96.02 90.11 85.24 80.38 79.68 78.99 83.52 88.05 96.19 104.33 112.33 120.34 124.02 127.71 124.74 121.77 112.63 103.49 90.07 76.65 60.44 44.24 26.33 8.41 -9.92 -28.25 -45.73 -63.21 -79.26 -95.30 -110.02 -124.74 -138.46 -152.19 -165.09 -178.00 -190.11 -202.22 -213.41 -224.59 -233.80 -243.01 -247.10 -251.19 -245.73
-43.22 -43.55 -43.88 -42.39 -40.91 -37.64 -34.37 -29.15 -23.94 -16.77 -9.61 -0.97 7.67 17.20 26.74 36.82 46.91 57.12 67.33 76.50 85.66 91.80 97.93 99.17 100.41 96.59 92.77 86.29 79.81 74.59 69.37 68.81 68.26 73.52 78.78 88.09 97.40 106.68 115.96 120.72 125.47 123.17 120.87 111.96 103.04 89.42 75.79 58.97 42.15 23.17 4.19 -15.70 -35.59 -55.04 -74.49 -92.75 -111.01 -128.01 -145.01 -160.82 -176.63 -190.86 -205.09 -216.95 -228.81 -237.76 -246.71 -252.22 -257.72 -257.73 -257.75 -248.84
-50.65 -50.83 -51.00 -49.18 -47.35 -43.74 -40.12 -34.70 -29.27 -22.09 -14.91 -6.39 2.13 11.49 20.85 30.76 40.66 50.69 60.72 69.70 78.69 84.60 90.51 91.40 92.28 87.95 83.61 76.56 69.51 63.94 58.37 57.95 57.52 63.52 69.51 79.99 90.47 101.03 111.59 117.41 123.23 121.60 119.97 111.29 102.60 88.77 74.94 57.51 40.07 20.01 -0.04 -21.48 -42.93 -64.35 -85.77 -106.24 -126.71 -145.99 -165.27 -183.17 -201.08 -216.63 -232.19 -243.79 -255.40 -262.12 -268.84 -270.64 -272.44 -268.37 -264.30 -251.95
-57.39 -57.15 -56.90 -54.42 -51.93 -47.62 -43.30 -37.33 -31.35 -23.84 -16.33 -7.64 1.05 10.45 19.85 29.59 39.33 48.96 58.59 67.01 75.42 80.69 85.95 86.08 86.21 80.96 75.72 67.76 59.79 53.63 47.46 47.12 46.77 53.62 60.48 72.37 84.26 96.30 108.33 115.21 122.08 120.84 119.59 110.65 101.71 87.20 72.70 54.33 35.96 14.75 -6.46 -29.36 -52.26 -75.39 -98.52 -120.72 -142.92 -163.75 -184.58 -203.74 -222.90 -238.97 -255.03 -265.51 -275.98 -279.45 -282.92 -280.05 -277.18 -268.50 -259.82 -244.23
-64.12 -63.46 -62.81 -59.66 -56.51 -51.50 -46.48 -39.95 -33.43 -25.58 -17.74 -8.88 -0.03 9.41 18.84 28.42 38.01 47.23 56.46 64.31 72.16 76.78 81.40 80.77 80.13 73.98 67.83 58.95 50.07 43.32 36.56 36.29 36.01 43.73 51.45 64.76 78.06 91.57 105.08 113.01 120.94 120.07 119.21 110.01 100.82 85.63 70.45 51.15 31.86 9.49 -12.88 -37.23 -61.59 -86.43 -111.28 -135.20 -159.13 -181.50 -203.88 -224.31 -244.73 -261.31 -277.88 -287.22 -296.56 -296.78 -297.00 -289.45 -281.91 -268.62 -255.33 -236.51
-70.01 -68.78 -67.56 -63.60 -59.65 -53.79 -47.94 -40.75 -33.55 -25.29 -17.02 -7.95 1.12 10.56 20.00 29.30 38.60 47.21 55.82 62.85 69.89 73.62 77.35 75.76 74.17 66.95 59.73 49.84 39.94 32.56 25.18 25.04 24.90 33.62 42.34 57.24 72.13 87.24 102.36 111.34 120.32 119.69 119.05 109.41 99.78 83.84 67.90 47.82 27.75 4.63 -18.48 -43.63 -68.79 -94.47 -120.14 -144.74 -169.34 -192.11 -214.87 -235.40 -255.94 -272.05 -288.16 -295.65 -303.14 -299.72 -296.29 -284.13 -271.97 -254.66 -237.34 -216.36
-75.89 -74.10 -72.31 -67.55 -62.78 -56.09 -49.40 -41.54 -33.68 -24.99 -16.31 -7.02 2.26 11.71 21.16 30.18 39.20 47.19 55.19 61.40 67.61 70.46 73.30 70.75 68.20 59.92 51.64 40.73 29.81 21.81 13.81 13.80 13.79 23.51 33.24 49.72 66.20 82.92 99.64 109.68 119.71 119.31 118.90 108.82 98.73 82.04 65.35 44.49 23.64 -0.22 -24.08 -50.03 -75.99 -102.50 -129.01 -154.29 -179.56 -202.71 -225.85 -246.50 -267.14 -282.79 -298.43 -304.07 -309.72 -302.65 -295.58 -278.81 -262.03 -240.69 -219.35 -196.21
-80.48 -78.12 -75.75 -70.23 -64.70 -57.26 -49.82 -41.40 -32.98 -24.01 -15.04 -5.74 3.55 12.74 21.93 30.37 38.82 45.93 53.05 58.19 63.33 65.09 66.85 63.29 59.72 50.56 41.40 29.83 18.26 10.01 1.76 2.13 2.49 13.25 24.01 41.95 59.89 78.03 96.17 107.14 118.10 117.93 117.76 107.40 97.04 79.97 62.89 41.88 20.87 -2.76 -26.39 -51.79 -77.18 -102.90 -128.62 -152.87 -177.13 -198.99 -220.86 -239.97 -259.09 -272.82 -286.55 -289.61 -292.67 -282.29 -271.91 -251.71 -231.51 -207.81 -184.11 -160.75
-85.08 -82.13 -79.19 -72.90 -66.62 -58.43 -50.24 -41.26 -32.28 -23.02 -13.76 -4.46 4.83 13.76 22.69 30.57 38.44 44.68 50.91 54.99 59.06 59.73 60.39 55.82 51.25 41.20 31.15 18.93 6.70 -1.79 -10.28 -9.55 -8.82 2.98 14.78 34.18 53.59 73.15 92.71 104.60 116.48 116.55 116.61 105.98 95.36 77.89 60.42 39.26 18.10 -5.30 -28.71 -53.54 -78.38 -103.31 -128.23 -151.46 -174.69 -195.28 -215.86 -233.45 -251.03 -262.85 -274.67 -275.15 -275.62 -261.92 -248.23 -224.61 -200.99 -174.93 -148.86 -125.29
-88.26 -84.79 -81.31 -74.41 -67.50 -58.73 -49.96 -40.62 -31.27 -21.97 -12.68 -3.69 5.29 13.57 21.86 28.81 35.76 40.83 45.90 48.63 51.37 50.72 50.07 44.49 38.91 28.36 17.81 5.55 -6.71 -14.86 -23.02 -21.60 -20.19 -7.40 5.40 25.96 46.51 67.12 87.73 100.32 112.91 113.27 113.64 103.07 92.49 75.17 57.85 37.36 16.86 -5.09 -27.03 -49.63 -72.23 -94.41 -116.59 -136.87 -157.16 -174.69 -192.23 -206.50 -220.77 -229.06 -237.36 -234.55 -231.74 -215.44 -199.15 -173.80 -148.45 -122.01 -95.57 -73.99
-91.44 -87.44 -83.44 -75.91 -68.38 -59.04 -49.69 -39.98 -30.26 -20.93 -11.59 -2.93 5.74 13.38 21.03 27.05 33.08 36.98 40.88 42.28 43.67 41.71 39.74 33.16 26.58 15.53 4.47 -7.82 -20.12 -27.94 -35.75 -33.66 -31.56 -17.77 -3.98 17.73 39.44 61.09 82.75 96.04 109.33 110.00 110.67 100.15 89.62 72.45 55.28 35.45 15.62 -4.87 -25.36 -45.72 -66.08 -85.51 -104.94 -122.28 -139.63 -154.11 -168.59 -179.55 -190.51 -195.28 -200.04 -193.95 -187.85 -168.96 -150.06 -122.98 -95.90 -69.09 -42.28 -22.69
-93.77 -89.26 -84.76 -76.67 -68.58 -58.74 -48.90 -38.94 -28.98 -19.78 -10.58 -2.46 5.65 12.40 19.14 24.02 28.90 31.46 34.02 33.93 33.83 30.45 27.07 19.54 12.01 0.73 -10.56 -22.50 -34.44 -41.61 -48.78 -45.88 -42.97 -28.24 -13.51 9.18 31.86 54.35 76.83 90.67 104.52 105.46 106.41 96.09 85.76 69.08 52.39 33.82 15.25 -2.87 -20.99 -37.88 -54.78 -70.07 -85.35 -98.43 -111.50 -121.75 -132.00 -138.52 -145.04 -145.35 -145.65 -136.03 -126.40 -105.62 -84.84 -57.33 -29.82 -4.07 21.67 37.67
-96.09 -91.08 -86.08 -77.43 -68.77 -58.44 -48.11 -37.90 -27.69 -18.63 -9.57 -2.00 5.56 11.41 17.25 20.99 24.72 25.94 27.15 25.57 23.99 19.19 14.39 5.91 -2.56 -14.07 -25.58 -37.17 -48.75 -55.28 -61.81 -58.10 -54.39 -38.72 -23.04 0.62 24.29 47.60 70.91 85.30 99.70 100.93 102.16 92.02 81.89 65.70 49.50 32.19 14.87 -0.87 -16.62 -30.05 -43.47 -54.62 -65.77 -74.57 -83.37 -89.39 -95.40 -97.49 -99.58 -95.42 -91.27 -78.11 -64.95 -42.28 -19.61 8.32 36.26 60.94 85.63 98.03
-98.14 -92.64 -87.14 -77.89 -68.63 -57.77 -46.90 -36.43 -25.96 -17.04 -8.12 -1.12 5.88 10.84 15.79 18.41 21.03 20.98 20.92 17.97 15.02 8.95 2.88 -6.39 -15.67 -27.31 -38.95 -50.19 -61.43 -67.43 -73.43 -69.11 -64.78 -48.39 -31.99 -7.56 16.87 40.82 64.77 79.54 94.32 95.70 97.09 87.13 77.17 61.57 45.97 30.12 14.26 1.12 -12.02 -21.76 -31.50 -38.31 -45.11 -49.48 -53.84 -55.52 -57.21 -54.92 -52.63 -44.30 -35.98 -19.84 -3.69 20.11 43.92 71.44 98.96 121.80 144.64 152.85
-100.19 -94.20 -88.20 -78.35 -68.49 -57.09 -45.69 -34.96 -24.23 -15.45 -6.68 -0.24 6.20 10.27 14.33 15.84 17.35 16.02 14.69 10.37 6.04 -1.29 -8.63 -18.70 -28.77 -40.55 -52.33 -63.22 -74.12 -79.59 -85.06 -80.12 -75.18 -58.06 -40.94 -15.74 9.45 34.03 58.62 73.78 88.93 90.47 92.01 82.23 72.44 57.44 42.44 28.04 13.64 3.11 -7.43 -13.48 -19.52 -21.99 -24.46 -24.38 -24.31 -21.66 -19.01 -12.34 -5.68 6.81 19.30 38.43 57.56 82.51 107.45 134.56 161.67 182.66 203.66 207.67
-102.06 -95.60 -89.14 -78.64 -68.15 -56.13 -44.11 -33.01 -21.90 -13.12 -4.34 1.73 7.80 11.21 14.62 15.29 15.96 13.67 11.39 6.07 0.75 -7.46 -15.66 -26.25 -36.85 -48.72 -60.59 -71.29 -81.99 -87.21 -92.44 -87.31 -82.18 -64.94 -47.69 -22.44 2.80 27.36 51.92 67.02 82.12 83.67 85.22 75.69 66.16 51.88 37.60 24.59 11.58 3.24 -5.10 -8.21 -11.32 -10.39 -9.45 -5.87 -2.28 3.80 9.88 19.84 29.81 45.13 60.44 81.26 102.07 127.12 152.17 177.98 203.78 222.24 240.70 240.63
-103.93 -97.00 -90.07 -78.93 -67.80 -55.17 -42.54 -31.05 -19.57 -10.79 -2.01 3.69 9.40 12.15 14.91 14.74 14.56 11.32 8.08 1.77 -4.55 -13.62 -22.69 -33.81 -44.93 -56.89 -68.85 -79.36 -89.86 -94.84 -99.82 -94.50 -89.19 -71.82 -54.44 -29.14 -3.84 20.69 45.23 60.27 75.30 76.86 78.42 69.15 59.88 46.31 32.75 21.14 9.53 3.38 -2.76 -2.94 -3.11 1.22 5.55 12.64 19.74 29.26 38.78 52.03 65.29 83.44 101.58 124.08 146.58 171.74 196.89 221.40 245.90 261.82 277.75 273.59
-105.65 -98.30 -90.96 -79.14 -67.32 -53.96 -40.59 -28.56 -16.53 -7.52 1.49 7.10 12.72 15.16 17.61 16.98 16.36 12.61 8.85 2.05 -4.76 -14.19 -23.63 -34.92 -46.21 -58.16 -70.11 -80.53 -90.95 -95.94 -100.93 -95.93 -90.93 -74.29 -57.65 -33.41 -9.17 14.27 37.70 51.96 66.22 67.57 68.93 60.03 51.13 38.41 25.68 15.27 4.85 0.20 -4.45 -2.87 -1.29 5.02 11.32 20.54 29.75 41.37 52.99 68.05 83.10 102.36 121.62 144.22 166.82 190.88 214.93 237.13 259.32 272.02 284.73 276.96
-107.37 -99.61 -91.84 -79.34 -66.84 -52.74 -38.65 -26.07 -13.49 -4.25 4.98 10.51 16.04 18.18 20.31 19.23 18.16 13.89 9.62 2.33 -4.97 -14.77 -24.56 -36.03 -47.49 -59.44 -71.38 -81.71 -92.04 -97.04 -102.04 -97.35 -92.67 -76.76 -60.86 -37.68 -14.49 7.84 30.17 43.65 57.13 58.28 59.43 50.91 42.39 30.50 18.62 9.39 0.17 -2.99 -6.14 -2.80 0.54 8.82 17.10 28.43 39.76 53.48 67.20 84.06 100.91 121.29 141.66 164.36 187.06 210.02 232.97 252.86 272.75 282.22 291.70 280.33
-109.32 -101.18 -93.05 -79.76 -66.48 -51.47 -36.46 -23.12 -9.79 -0.10 9.59 15.30 21.01 23.16 25.30 24.16 23.02 18.67 14.32 7.01 -0.30 -9.99 -19.68 -30.96 -42.24 -54.02 -65.79 -76.08 -86.36 -91.60 -96.84 -92.93 -89.02 -74.56 -60.11 -38.90 -17.69 2.60 22.89 34.83 46.78 47.25 47.72 39.33 30.95 19.70 8.46 0.09 -8.27 -10.52 -12.78 -8.55 -4.33 4.87 14.06 26.40 38.73 53.41 68.09 85.47 102.84 122.94 143.04 164.57 186.10 206.99 227.88 244.83 261.78 267.89 273.99 259.83
-111.27 -102.76 -94.25 -80.18 -66.12 -50.19 -34.26 -20.17 -6.08 4.06 14.19 20.08 25.97 28.14 30.30 29.10 27.89 23.45 19.01 11.69 4.36 -5.22 -14.80 -25.89 -36.99 -48.59 -60.20 -70.44 -80.68 -86.17 -91.65 -88.51 -85.37 -72.36 -59.36 -40.13 -20.89 -2.64 15.61 26.01 36.42 36.21 36.01 27.76 19.50 8.90 -1.70 -9.20 -16.71 -18.06 -19.42 -14.31 -9.20 0.92 11.03 24.36 37.70 53.34 68.98 86.88 104.77 124.59 144.41 164.77 185.13 203.96 222.79 236.80 250.81 253.55 256.28 239.34
-113.55 -104.75 -95.95 -81.06 -66.17 -49.21 -32.26 -17.26 -2.27 8.48 19.23 25.51 31.78 34.24 36.69 35.75 34.81 30.66 26.51 19.57 12.64 3.58 -5.48 -16.00 -26.52 -37.68 -48.84 -58.90 -68.97 -74.76 -80.56 -78.46 -76.37 -65.25 -54.13 -37.45 -20.77 -5.24 10.29 18.39 26.50 24.82 23.15 14.27 5.40 -5.17 -15.74 -22.79 -29.85 -30.53 -31.22 -25.39 -19.55 -8.75 2.05 15.99 29.93 45.90 61.88 79.52 97.15 115.86 134.58 153.03 171.48 187.76 204.03 215.04 226.05 225.95 225.84 207.24
-115.82 -106.74 -97.66 -81.94 -66.23 -48.24 -30.25 -14.35 1.54 12.91 24.27 30.93 37.59 40.34 43.08 42.40 41.73 37.87 34.00 27.46 20.92 12.38 3.85 -6.10 -16.06 -26.76 -37.47 -47.36 -57.25 -63.36 -69.47 -68.42 -67.37 -58.13 -48.90 -34.77 -20.64 -7.84 4.96 10.77 16.59 13.43 10.28 0.79 -8.71 -19.24 -29.78 -36.38 -42.99 -43.01 -43.03 -36.47 -29.91 -18.41 -6.92 7.62 22.15 38.47 54.78 72.15 89.53 107.14 124.75 141.30 157.84 171.56 185.27 193.28 201.29 198.35 195.41 175.14
-117.81 -108.68 -99.56 -83.21 -66.87 -47.97 -29.08 -12.30 4.49 16.56 28.64 35.85 43.07 46.32 49.57 49.42 49.28 46.04 42.79 37.03 31.27 23.69 16.11 7.18 -1.75 -11.50 -21.26 -30.50 -39.74 -45.84 -51.93 -51.90 -51.88 -44.87 -37.87 -26.93 -15.99 -6.71 2.56 5.16 7.76 2.12 -3.52 -14.64 -25.77 -37.06 -48.36 -54.86 -61.37 -60.54 -59.72 -51.89 -44.05 -31.30 -18.54 -3.13 12.28 28.81 45.34 62.06 78.79 94.85 110.92 125.18 139.45 150.40 161.35 166.52 171.70 166.63 161.57 140.89
-119.80 -110.63 -101.46 -84.48 -67.51 -47.71 -27.90 -10.24 7.43 20.21 33.00 40.77 48.55 52.30 56.05 56.44 56.82 54.21 51.59 46.61 41.63 34.99 28.36 20.46 12.56 3.76 -5.05 -13.64 -22.22 -28.31 -34.40 -35.39 -36.39 -31.62 -26.85 -19.09 -11.33 -5.59 0.16 -0.46 -1.07 -9.19 -17.32 -30.07 -42.82 -54.88 -66.94 -73.35 -79.75 -78.08 -76.41 -67.30 -58.20 -44.18 -30.17 -13.88 2.42 19.15 35.89 51.97 68.05 82.57 97.09 109.07 121.05 129.23 137.42 139.76 142.11 134.92 127.74 106.63
-121.11 -112.21 -103.32 -86.04 -68.77 -48.31 -27.86 -9.42 9.01 22.55 36.09 44.56 53.03 57.44 61.85 62.95 64.05 62.30 60.55 56.67 52.79 47.49 42.18 35.77 29.36 22.10 14.84 7.63 0.41 -5.01 -10.42 -12.17 -13.91 -11.70 -9.48 -5.69 -1.90 -0.63 0.64 -4.15 -8.95 -20.53 -32.12 -47.48 -62.83 -76.42 -90.01 -96.54 -103.07 -100.07 -97.07 -85.71 -74.35 -58.05 -41.74 -23.91 -6.09 11.03 28.14 43.40 58.66 71.39 84.11 93.60 103.08 108.41 113.75 113.39 113.04 104.26 95.47 75.03
-122.42 -113.80 -105.18 -87.60 -70.03 -48.92 -27.82 -8.61 10.60 24.89 39.18 48.35 57.51 62.58 67.65 69.46 71.27 70.39 69.52 66.73 63.95 59.98 56.00 51.08 46.16 40.45 34.73 28.89 23.04 18.30 13.56 11.06 8.56 8.22 7.88 7.71 7.54 4.34 1.13 -7.85 -16.82 -31.88 -46.93 -64.89 -82.84 -97.95 -113.07 -119.73 -126.39 -122.06 -117.73 -104.12 -90.50 -71.91 -53.32 -33.95 -14.59 2.90 20.39 34.83 49.28 60.20 71.13 78.12 85.12 87.60 90.07 87.02 83.97 73.59 63.21 43.44
