test/esri_led_0/synt_tma_1200m_led_0.esri
nrows             510
ncols             462
xllcorner      398000.00
yllcorner     7846000.00
cellsize          500.00
NODATA_value    -9999
[rows 330 to 362 of 510, columns 222 to 295 of 462]
-11.58 -13.53 -15.47 -17.41 -19.34 -21.15 -22.97 -24.56 -26.16 -27.46 -28.77 -29.75 -30.73 -31.41 -32.10 -32.54 -32.98 -33.27 -33.56 -33.76 -33.97 -34.16 -34.34 -34.57 -34.79 -35.08 -35.37 -35.77 -36.16 -36.70 -37.23 -37.94 -38.66 -39.60 -40.55 -41.79 -43.03 -44.64 -46.25 -48.28 -50.32 -52.83 -55.33 -58.31 -61.29 -64.72 -68.14 -71.92 -75.71 -79.75 -83.79 -87.94 -92.10 -96.22 -100.34 -104.27 -108.20 -111.76 -115.33 -118.38 -121.42 -123.79 -126.15 -127.70 -129.24 -129.81 -130.38 -129.84 -129.31 -127.55 -125.80 -122.75 -119.69 -115.30
-11.86 -13.86 -15.87 -17.85 -19.83 -21.69 -23.55 -25.20 -26.85 -28.21 -29.58 -30.63 -31.68 -32.44 -33.21 -33.74 -34.27 -34.65 -35.02 -35.31 -35.60 -35.87 -36.14 -36.44 -36.73 -37.09 -37.44 -37.89 -38.34 -38.93 -39.52 -40.29 -41.05 -42.06 -43.07 -44.38 -45.69 -47.38 -49.07 -51.19 -53.31 -55.91 -58.51 -61.59 -64.67 -68.19 -71.72 -75.61 -79.51 -83.66 -87.82 -92.10 -96.38 -100.62 -104.87 -108.92 -112.96 -116.64 -120.31 -123.45 -126.59 -129.02 -131.46 -133.04 -134.62 -135.20 -135.78 -135.23 -134.67 -132.86 -131.05 -127.91 -124.77 -120.26
-11.69 -13.74 -15.79 -17.81 -19.83 -21.73 -23.63 -25.32 -27.01 -28.42 -29.83 -30.95 -32.07 -32.90 -33.74 -34.35 -34.96 -35.42 -35.88 -36.26 -36.63 -36.97 -37.31 -37.67 -38.03 -38.43 -38.84 -39.33 -39.82 -40.43 -41.05 -41.85 -42.65 -43.70 -44.74 -46.10 -47.47 -49.21 -50.96 -53.16 -55.36 -58.04 -60.73 -63.90 -67.08 -70.71 -74.34 -78.35 -82.36 -86.64 -90.91 -95.32 -99.73 -104.10 -108.47 -112.64 -116.81 -120.59 -124.37 -127.60 -130.82 -133.32 -135.82 -137.44 -139.06 -139.65 -140.24 -139.66 -139.09 -137.23 -135.37 -132.15 -128.93 -124.32
-11.51 -13.61 -15.71 -17.77 -19.83 -21.77 -23.71 -25.43 -27.16 -28.63 -30.09 -31.27 -32.45 -33.36 -34.27 -34.96 -35.66 -36.20 -36.75 -37.20 -37.65 -38.07 -38.49 -38.90 -39.32 -39.78 -40.23 -40.76 -41.29 -41.94 -42.59 -43.42 -44.25 -45.33 -46.42 -47.83 -49.24 -51.05 -52.86 -55.13 -57.41 -60.18 -62.95 -66.22 -69.49 -73.23 -76.96 -81.09 -85.21 -89.61 -94.01 -98.54 -103.08 -107.58 -112.08 -116.37 -120.65 -124.54 -128.43 -131.75 -135.06 -137.62 -140.19 -141.85 -143.50 -144.10 -144.70 -144.10 -143.50 -141.60 -139.69 -136.39 -133.10 -128.38
-10.92 -13.05 -15.19 -17.28 -19.37 -21.33 -23.29 -25.05 -26.81 -28.31 -29.82 -31.05 -32.28 -33.25 -34.22 -34.99 -35.76 -36.37 -36.99 -37.51 -38.04 -38.52 -38.99 -39.46 -39.92 -40.41 -40.90 -41.44 -41.99 -42.65 -43.31 -44.15 -44.99 -46.09 -47.19 -48.64 -50.08 -51.94 -53.80 -56.14 -58.48 -61.34 -64.19 -67.56 -70.94 -74.78 -78.63 -82.87 -87.11 -91.64 -96.16 -100.82 -105.48 -110.10 -114.72 -119.12 -123.52 -127.50 -131.49 -134.87 -138.26 -140.88 -143.49 -145.18 -146.86 -147.46 -148.06 -147.43 -146.81 -144.86 -142.91 -139.55 -136.18 -131.39
-10.32 -12.50 -14.67 -16.79 -18.91 -20.89 -22.88 -24.67 -26.46 -28.00 -29.54 -30.82 -32.10 -33.14 -34.18 -35.01 -35.85 -36.54 -37.23 -37.83 -38.42 -38.96 -39.50 -40.01 -40.53 -41.04 -41.56 -42.12 -42.69 -43.35 -44.02 -44.88 -45.73 -46.85 -47.97 -49.44 -50.92 -52.83 -54.74 -57.15 -59.56 -62.50 -65.44 -68.91 -72.38 -76.34 -80.29 -84.66 -89.02 -93.66 -98.31 -103.09 -107.88 -112.62 -117.36 -121.87 -126.38 -130.46 -134.54 -138.00 -141.46 -144.13 -146.80 -148.51 -150.21 -150.81 -151.41 -150.77 -150.12 -148.12 -146.12 -142.70 -139.27 -134.40
-9.36 -11.56 -13.76 -15.90 -18.03 -20.04 -22.04 -23.84 -25.65 -27.22 -28.79 -30.11 -31.43 -32.51 -33.60 -34.49 -35.39 -36.13 -36.88 -37.53 -38.18 -38.76 -39.34 -39.88 -40.42 -40.94 -41.47 -42.03 -42.59 -43.25 -43.91 -44.75 -45.60 -46.72 -47.84 -49.34 -50.84 -52.80 -54.75 -57.23 -59.70 -62.73 -65.76 -69.33 -72.91 -76.98 -81.05 -85.53 -90.01 -94.78 -99.54 -104.44 -109.34 -114.18 -119.03 -123.63 -128.23 -132.38 -136.54 -140.05 -143.56 -146.26 -148.95 -150.67 -152.39 -152.98 -153.57 -152.90 -152.23 -150.19 -148.15 -144.68 -141.21 -136.29
-8.39 -10.62 -12.85 -15.01 -17.16 -19.18 -21.19 -23.02 -24.84 -26.44 -28.03 -29.39 -30.75 -31.89 -33.02 -33.97 -34.92 -35.73 -36.53 -37.23 -37.93 -38.56 -39.18 -39.74 -40.31 -40.85 -41.38 -41.94 -42.50 -43.14 -43.79 -44.63 -45.46 -46.59 -47.72 -49.24 -50.76 -52.76 -54.76 -57.31 -59.85 -62.97 -66.08 -69.76 -73.43 -77.62 -81.80 -86.40 -91.00 -95.89 -100.77 -105.78 -110.79 -115.75 -120.70 -125.39 -130.08 -134.31 -138.53 -142.09 -145.66 -148.38 -151.11 -152.84 -154.57 -155.15 -155.73 -155.03 -154.34 -152.26 -150.19 -146.67 -143.15 -138.18
-7.12 -9.37 -11.62 -13.78 -15.95 -17.97 -19.99 -21.83 -23.66 -25.28 -26.89 -28.27 -29.66 -30.83 -31.99 -32.98 -33.97 -34.81 -35.65 -36.38 -37.11 -37.74 -38.38 -38.95 -39.52 -40.04 -40.56 -41.10 -41.63 -42.25 -42.87 -43.68 -44.50 -45.63 -46.75 -48.29 -49.83 -51.88 -53.93 -56.55 -59.16 -62.37 -65.57 -69.35 -73.13 -77.43 -81.73 -86.44 -91.15 -96.14 -101.13 -106.23 -111.34 -116.37 -121.40 -126.15 -130.90 -135.17 -139.43 -143.02 -146.61 -149.35 -152.08 -153.80 -155.53 -156.09 -156.66 -155.94 -155.22 -153.12 -151.02 -147.48 -143.95 -138.96
-5.85 -8.12 -10.39 -12.56 -14.74 -16.77 -18.80 -20.64 -22.48 -24.11 -25.74 -27.15 -28.56 -29.76 -30.97 -31.99 -33.01 -33.89 -34.77 -35.52 -36.28 -36.93 -37.59 -38.16 -38.72 -39.23 -39.74 -40.25 -40.76 -41.35 -41.94 -42.74 -43.54 -44.66 -45.78 -47.35 -48.91 -51.00 -53.10 -55.78 -58.47 -61.77 -65.07 -68.95 -72.84 -77.25 -81.65 -86.48 -91.30 -96.39 -101.48 -106.68 -111.88 -116.99 -122.09 -126.91 -131.72 -136.03 -140.34 -143.95 -147.56 -150.31 -153.05 -154.77 -156.49 -157.04 -157.59 -156.85 -156.11 -153.98 -151.86 -148.30 -144.74 -139.75
-4.34 -6.62 -8.90 -11.08 -13.26 -15.30 -17.33 -19.18 -21.03 -22.67 -24.31 -25.73 -27.15 -28.37 -29.58 -30.62 -31.66 -32.54 -33.43 -34.18 -34.94 -35.58 -36.22 -36.76 -37.30 -37.77 -38.24 -38.71 -39.17 -39.73 -40.28 -41.05 -41.83 -42.95 -44.07 -45.66 -47.25 -49.40 -51.54 -54.31 -57.07 -60.46 -63.86 -67.85 -71.83 -76.34 -80.85 -85.77 -90.68 -95.86 -101.03 -106.29 -111.54 -116.69 -121.84 -126.68 -131.51 -135.83 -140.15 -143.76 -147.36 -150.09 -152.83 -154.53 -156.23 -156.76 -157.30 -156.55 -155.80 -153.67 -151.55 -148.00 -144.45 -139.49
-2.83 -5.12 -7.42 -9.60 -11.79 -13.83 -15.87 -17.72 -19.57 -21.22 -22.87 -24.30 -25.74 -26.97 -28.20 -29.25 -30.31 -31.20 -32.09 -32.85 -33.60 -34.22 -34.85 -35.36 -35.88 -36.31 -36.75 -37.17 -37.59 -38.10 -38.62 -39.37 -40.11 -41.23 -42.35 -43.97 -45.58 -47.79 -49.99 -52.83 -55.67 -59.16 -62.65 -66.74 -70.83 -75.44 -80.05 -85.06 -90.07 -95.32 -100.57 -105.89 -111.21 -116.40 -121.59 -126.45 -131.31 -135.63 -139.96 -143.56 -147.16 -149.88 -152.60 -154.29 -155.97 -156.49 -157.01 -156.25 -155.49 -153.36 -151.23 -147.70 -144.16 -139.23
-1.14 -3.45 -5.75 -7.94 -10.13 -12.17 -14.21 -16.06 -17.92 -19.57 -21.22 -22.65 -24.09 -25.32 -26.55 -27.60 -28.64 -29.51 -30.39 -31.11 -31.83 -32.41 -32.99 -33.45 -33.91 -34.28 -34.65 -35.02 -35.38 -35.85 -36.33 -37.05 -37.77 -38.90 -40.02 -41.67 -43.32 -45.59 -47.86 -50.78 -53.71 -57.29 -60.87 -65.05 -69.23 -73.93 -78.62 -83.70 -88.77 -94.07 -99.36 -104.70 -110.04 -115.23 -120.42 -125.26 -130.10 -134.40 -138.70 -142.28 -145.85 -148.54 -151.23 -152.89 -154.56 -155.06 -155.57 -154.81 -154.05 -151.95 -149.85 -146.36 -142.87 -138.01
0.54 -1.77 -4.08 -6.27 -8.47 -10.51 -12.55 -14.41 -16.27 -17.92 -19.57 -21.01 -22.45 -23.68 -24.91 -25.94 -26.97 -27.83 -28.68 -29.37 -30.06 -30.59 -31.13 -31.53 -31.93 -32.25 -32.56 -32.87 -33.18 -33.60 -34.03 -34.73 -35.43 -36.56 -37.69 -39.38 -41.06 -43.39 -45.72 -48.73 -51.74 -55.41 -59.08 -63.36 -67.64 -72.42 -77.20 -82.34 -87.48 -92.82 -98.15 -103.51 -108.87 -114.06 -119.25 -124.08 -128.90 -133.17 -137.45 -140.99 -144.53 -147.19 -149.85 -151.50 -153.14 -153.63 -154.13 -153.37 -152.62 -150.54 -148.46 -145.02 -141.57 -136.79
2.35 0.03 -2.28 -4.48 -6.68 -8.72 -10.77 -12.63 -14.49 -16.13 -17.78 -19.21 -20.64 -21.86 -23.07 -24.07 -25.07 -25.88 -26.69 -27.31 -27.94 -28.40 -28.87 -29.19 -29.51 -29.75 -29.99 -30.24 -30.48 -30.86 -31.24 -31.93 -32.61 -33.76 -34.90 -36.63 -38.36 -40.76 -43.16 -46.25 -49.34 -53.09 -56.85 -61.20 -65.55 -70.39 -75.22 -80.39 -85.56 -90.91 -96.25 -101.59 -106.92 -112.07 -117.22 -121.99 -126.76 -130.98 -135.19 -138.68 -142.18 -144.80 -147.42 -149.03 -150.65 -151.14 -151.63 -150.90 -150.17 -148.13 -146.10 -142.73 -139.37 -134.69
4.15 1.83 -0.49 -2.69 -4.89 -6.94 -8.99 -10.84 -12.70 -14.35 -16.00 -17.42 -18.84 -20.03 -21.23 -22.20 -23.17 -23.93 -24.70 -25.26 -25.83 -26.22 -26.61 -26.85 -27.10 -27.26 -27.42 -27.60 -27.78 -28.12 -28.46 -29.12 -29.79 -30.95 -32.11 -33.88 -35.66 -38.12 -40.59 -43.76 -46.93 -50.77 -54.61 -59.04 -63.47 -68.36 -73.25 -78.45 -83.65 -89.00 -94.35 -99.66 -104.97 -110.08 -115.18 -119.90 -124.62 -128.78 -132.94 -136.38 -139.82 -142.40 -144.98 -146.57 -148.16 -148.65 -149.14 -148.42 -147.71 -145.72 -143.74 -140.45 -137.17 -132.60
6.03 3.71 1.39 -0.82 -3.03 -5.08 -7.13 -8.99 -10.85 -12.49 -14.13 -15.53 -16.94 -18.10 -19.27 -20.19 -21.11 -21.80 -22.50 -22.98 -23.46 -23.76 -24.06 -24.21 -24.36 -24.44 -24.52 -24.63 -24.75 -25.05 -25.35 -26.01 -26.66 -27.84 -29.03 -30.85 -32.68 -35.21 -37.74 -40.98 -44.23 -48.13 -52.03 -56.51 -60.98 -65.89 -70.79 -75.99 -81.18 -86.49 -91.80 -97.05 -102.30 -107.32 -112.35 -116.98 -121.62 -125.70 -129.78 -133.15 -136.53 -139.06 -141.60 -143.17 -144.73 -145.23 -145.72 -145.03 -144.35 -142.43 -140.51 -137.33 -134.14 -129.72
7.90 5.58 3.26 1.05 -1.16 -3.22 -5.27 -7.13 -8.99 -10.63 -12.26 -13.65 -15.04 -16.17 -17.30 -18.18 -19.05 -19.68 -20.30 -20.70 -21.10 -21.30 -21.51 -21.57 -21.63 -21.62 -21.61 -21.66 -21.71 -21.98 -22.24 -22.89 -23.54 -24.74 -25.94 -27.82 -29.69 -32.29 -34.89 -38.21 -41.52 -45.49 -49.45 -53.97 -58.49 -63.41 -68.34 -73.53 -78.71 -83.98 -89.25 -94.43 -99.62 -104.57 -109.52 -114.07 -118.62 -122.62 -126.62 -129.93 -133.24 -135.73 -138.21 -139.76 -141.30 -141.80 -142.29 -141.64 -140.99 -139.14 -137.28 -134.20 -131.12 -126.83
9.77 7.46 5.14 2.93 0.72 -1.34 -3.40 -5.26 -7.12 -8.74 -10.37 -11.74 -13.10 -14.19 -15.28 -16.10 -16.91 -17.45 -18.00 -18.30 -18.60 -18.70 -18.80 -18.76 -18.72 -18.63 -18.54 -18.53 -18.52 -18.76 -18.99 -19.64 -20.29 -21.52 -22.75 -24.68 -26.60 -29.25 -31.90 -35.27 -38.63 -42.63 -46.62 -51.15 -55.67 -60.57 -65.47 -70.60 -75.73 -80.91 -86.10 -91.19 -96.28 -101.12 -105.95 -110.40 -114.84 -118.75 -122.66 -125.90 -129.13 -131.57 -134.01 -135.54 -137.06 -137.57 -138.07 -137.46 -136.85 -135.07 -133.29 -130.32 -127.35 -123.22
11.65 9.34 7.03 4.81 2.60 0.54 -1.52 -3.38 -5.24 -6.86 -8.48 -9.83 -11.17 -12.22 -13.27 -14.02 -14.77 -15.23 -15.69 -15.90 -16.10 -16.10 -16.10 -15.96 -15.82 -15.64 -15.47 -15.40 -15.34 -15.54 -15.74 -16.40 -17.05 -18.31 -19.57 -21.53 -23.50 -26.21 -28.91 -32.33 -35.74 -39.77 -43.80 -48.32 -52.85 -57.73 -62.60 -67.67 -72.75 -77.85 -82.96 -87.95 -92.93 -97.66 -102.39 -106.73 -111.07 -114.88 -118.70 -121.86 -125.03 -127.42 -129.81 -131.32 -132.82 -133.33 -133.85 -133.28 -132.71 -131.00 -129.30 -126.44 -123.58 -119.61
13.45 11.15 8.85 6.64 4.43 2.36 0.30 -1.56 -3.43 -5.04 -6.65 -7.96 -9.28 -10.28 -11.29 -11.97 -12.65 -13.03 -13.40 -13.51 -13.61 -13.50 -13.39 -13.16 -12.92 -12.67 -12.42 -12.31 -12.19 -12.38 -12.56 -13.22 -13.88 -15.17 -16.45 -18.45 -20.45 -23.19 -25.92 -29.35 -32.77 -36.79 -40.81 -45.29 -49.77 -54.58 -59.38 -64.35 -69.32 -74.30 -79.29 -84.14 -89.00 -93.60 -98.19 -102.41 -106.63 -110.34 -114.06 -117.15 -120.24 -122.58 -124.93 -126.42 -127.90 -128.42 -128.94 -128.42 -127.89 -126.26 -124.63 -121.89 -119.15 -115.33
15.26 12.96 10.67 8.46 6.25 4.18 2.12 0.25 -1.61 -3.21 -4.81 -6.10 -7.39 -8.35 -9.31 -9.92 -10.53 -10.82 -11.11 -11.11 -11.11 -10.90 -10.69 -10.35 -10.02 -9.70 -9.37 -9.21 -9.05 -9.21 -9.38 -10.05 -10.71 -12.02 -13.33 -15.37 -17.40 -20.17 -22.93 -26.37 -29.81 -33.82 -37.82 -42.26 -46.70 -51.43 -56.16 -61.03 -65.89 -70.75 -75.62 -80.34 -85.06 -89.53 -93.99 -98.09 -102.19 -105.80 -109.42 -112.43 -115.45 -117.75 -120.05 -121.51 -122.98 -123.51 -124.04 -123.56 -123.07 -121.52 -119.96 -117.34 -114.72 -111.06
16.89 14.61 12.34 10.13 7.92 5.85 3.78 1.92 0.05 -1.54 -3.13 -4.39 -5.66 -6.57 -7.48 -8.02 -8.57 -8.77 -8.97 -8.88 -8.79 -8.48 -8.17 -7.75 -7.33 -6.95 -6.56 -6.36 -6.16 -6.32 -6.47 -7.15 -7.82 -9.15 -10.47 -12.51 -14.56 -17.32 -20.08 -23.49 -26.89 -30.83 -34.78 -39.12 -43.46 -48.06 -52.66 -57.38 -62.10 -66.81 -71.51 -76.07 -80.64 -84.96 -89.27 -93.24 -97.21 -100.72 -104.23 -107.17 -110.11 -112.36 -114.61 -116.06 -117.51 -118.05 -118.58 -118.13 -117.68 -116.20 -114.72 -112.21 -109.69 -106.19
18.52 16.26 14.00 11.79 9.59 7.52 5.44 3.58 1.72 0.14 -1.45 -2.68 -3.92 -4.79 -5.65 -6.13 -6.61 -6.72 -6.84 -6.65 -6.46 -6.05 -5.65 -5.15 -4.65 -4.20 -3.75 -3.51 -3.27 -3.42 -3.56 -4.25 -4.93 -6.27 -7.60 -9.66 -11.71 -14.47 -17.22 -20.60 -23.97 -27.85 -31.73 -35.97 -40.22 -44.70 -49.17 -53.74 -58.31 -62.86 -67.40 -71.81 -76.21 -80.38 -84.55 -88.39 -92.23 -95.63 -99.04 -101.90 -104.77 -106.97 -109.18 -110.61 -112.03 -112.58 -113.12 -112.71 -112.29 -110.88 -109.47 -107.07 -104.67 -101.33
19.86 17.62 15.38 13.18 10.98 8.91 6.83 4.97 3.10 1.53 -0.04 -1.25 -2.47 -3.29 -4.11 -4.53 -4.94 -4.99 -5.03 -4.76 -4.49 -4.00 -3.52 -2.95 -2.38 -1.88 -1.39 -1.13 -0.87 -1.00 -1.14 -1.82 -2.50 -3.84 -5.17 -7.20 -9.23 -11.93 -14.63 -17.93 -21.22 -24.97 -28.73 -32.83 -36.92 -41.22 -45.52 -49.90 -54.28 -58.64 -62.99 -67.22 -71.44 -75.45 -79.46 -83.16 -86.86 -90.16 -93.46 -96.24 -99.03 -101.18 -103.33 -104.73 -106.14 -106.68 -107.22 -106.83 -106.44 -105.09 -103.74 -101.44 -99.14 -95.95
21.20 18.98 16.76 14.57 12.38 10.30 8.22 6.36 4.49 2.93 1.37 0.18 -1.01 -1.79 -2.57 -2.93 -3.28 -3.25 -3.22 -2.86 -2.51 -1.95 -1.38 -0.75 -0.11 0.43 0.97 1.26 1.54 1.41 1.28 0.60 -0.08 -1.41 -2.73 -4.74 -6.74 -9.40 -12.05 -15.25 -18.46 -22.10 -25.74 -29.68 -33.62 -37.74 -41.87 -46.06 -50.25 -54.42 -58.58 -62.62 -66.67 -70.52 -74.36 -77.93 -81.49 -84.68 -87.87 -90.58 -93.29 -95.39 -97.49 -98.86 -100.24 -100.78 -101.32 -100.96 -100.59 -99.30 -98.01 -95.81 -93.62 -90.57
22.14 19.94 17.74 15.55 13.36 11.29 9.21 7.34 5.48 3.92 2.37 1.19 0.02 -0.72 -1.46 -1.77 -2.08 -1.99 -1.90 -1.48 -1.07 -0.45 0.17 0.85 1.52 2.10 2.67 2.97 3.27 3.15 3.02 2.36 1.69 0.40 -0.89 -2.83 -4.77 -7.32 -9.87 -12.94 -16.00 -19.46 -22.93 -26.66 -30.40 -34.30 -38.20 -42.17 -46.14 -50.09 -54.03 -57.88 -61.73 -65.40 -69.08 -72.50 -75.92 -79.00 -82.07 -84.69 -87.31 -89.35 -91.38 -92.72 -94.05 -94.58 -95.10 -94.74 -94.39 -93.14 -91.90 -89.79 -87.69 -84.79
23.07 20.89 18.71 16.53 14.35 12.27 10.19 8.33 6.46 4.91 3.36 2.21 1.06 0.36 -0.35 -0.61 -0.87 -0.73 -0.58 -0.11 0.37 1.04 1.72 2.44 3.16 3.76 4.36 4.68 4.99 4.88 4.77 4.12 3.47 2.21 0.95 -0.92 -2.80 -5.25 -7.70 -10.62 -13.55 -16.83 -20.12 -23.65 -27.18 -30.86 -34.54 -38.28 -42.03 -45.76 -49.49 -53.14 -56.79 -60.29 -63.79 -67.07 -70.35 -73.31 -76.27 -78.80 -81.33 -83.30 -85.28 -86.57 -87.87 -88.37 -88.88 -88.53 -88.19 -86.99 -85.79 -83.77 -81.76 -79.00
23.48 21.31 19.15 16.98 14.80 12.72 10.64 8.78 6.91 5.37 3.83 2.69 1.56 0.87 0.19 -0.04 -0.26 -0.08 0.10 0.61 1.12 1.82 2.52 3.26 4.01 4.62 5.23 5.55 5.87 5.77 5.68 5.06 4.44 3.25 2.06 0.29 -1.48 -3.78 -6.08 -8.81 -11.54 -14.60 -17.66 -20.94 -24.23 -27.65 -31.07 -34.56 -38.04 -41.54 -45.03 -48.46 -51.90 -55.22 -58.54 -61.66 -64.78 -67.61 -70.44 -72.87 -75.29 -77.18 -79.08 -80.31 -81.54 -82.00 -82.47 -82.12 -81.76 -80.59 -79.42 -77.49 -75.55 -72.93
23.88 21.74 19.59 17.42 15.26 13.18 11.10 9.23 7.36 5.83 4.29 3.17 2.05 1.39 0.74 0.54 0.34 0.56 0.78 1.32 1.87 2.60 3.33 4.09 4.85 5.47 6.10 6.43 6.75 6.67 6.58 6.00 5.41 4.28 3.16 1.49 -0.17 -2.31 -4.46 -7.00 -9.54 -12.37 -15.20 -18.24 -21.27 -24.43 -27.59 -30.83 -34.06 -37.31 -40.57 -43.79 -47.02 -50.15 -53.28 -56.25 -59.22 -61.92 -64.62 -66.94 -69.26 -71.06 -72.87 -74.04 -75.21 -75.64 -76.06 -75.70 -75.34 -74.20 -73.06 -71.20 -69.34 -66.85
23.67 21.54 19.40 17.24 15.07 12.99 10.91 9.05 7.19 5.65 4.12 3.01 1.90 1.26 0.62 0.44 0.26 0.49 0.72 1.27 1.82 2.55 3.29 4.04 4.80 5.42 6.03 6.36 6.69 6.62 6.56 6.02 5.48 4.45 3.41 1.89 0.37 -1.59 -3.54 -5.85 -8.15 -10.72 -13.29 -16.04 -18.79 -21.66 -24.54 -27.50 -30.45 -33.45 -36.45 -39.44 -42.44 -45.37 -48.31 -51.10 -53.89 -56.44 -58.99 -61.17 -63.36 -65.05 -66.75 -67.82 -68.90 -69.26 -69.62 -69.23 -68.84 -67.71 -66.58 -64.79 -63.00 -60.64
23.46 21.34 19.22 17.05 14.89 12.81 10.73 8.87 7.01 5.48 3.95 2.86 1.76 1.13 0.50 0.33 0.17 0.41 0.66 1.22 1.78 2.51 3.24 4.00 4.75 5.36 5.97 6.30 6.63 6.58 6.53 6.04 5.55 4.61 3.67 2.29 0.91 -0.86 -2.62 -4.69 -6.76 -9.07 -11.37 -13.84 -16.31 -18.90 -21.49 -24.17 -26.84 -29.59 -32.33 -35.10 -37.86 -40.60 -43.33 -45.95 -48.56 -50.96 -53.36 -55.41 -57.46 -59.04 -60.62 -61.61 -62.59 -62.89 -63.18 -62.76 -62.33 -61.22 -60.11 -58.38 -56.66 -54.42
22.57 20.45 18.33 16.17 14.01 11.93 9.85 7.99 6.14 4.62 3.10 2.01 0.91 0.29 -0.34 -0.50 -0.66 -0.43 -0.19 0.35 0.89 1.61 2.32 3.04 3.77 4.36 4.95 5.27 5.59 5.57 5.54 5.11 4.69 3.85 3.02 1.80 0.59 -0.96 -2.51 -4.32 -6.14 -8.16 -10.17 -12.34 -14.51 -16.80 -19.09 -21.48 -23.87 -26.34 -28.81 -31.34 -33.86 -36.37 -38.88 -41.29 -43.71 -45.92 -48.13 -50.02 -51.90 -53.33 -54.76 -55.61 -56.47 -56.67 -56.87 -56.39 -55.92 -54.80 -53.69 -52.02 -50.36 -48.24
