test/esri_led_0/synt_tma_2400m_led_0.esri
nrows             510
ncols             462
xllcorner      398000.00
yllcorner     7846000.00
cellsize          500.00
NODATA_value    -9999
[rows 448 to 479 of 510, columns 370 to 443 of 462]
-76.26 -70.38 -64.50 -60.83 -57.15 -56.06 -54.96 -56.10 -57.24 -59.62 -62.00 -64.24 -66.49 -67.28 -68.08 -66.57 -65.06 -61.05 -57.03 -50.84 -44.64 -36.90 -29.15 -20.64 -12.13 -3.72 4.68 12.13 19.57 25.37 31.16 35.01 38.87 40.94 43.00 43.79 44.57 44.67 44.77 44.69 44.60 44.64 44.68 44.97 45.25 45.77 46.28 46.93 47.58 48.21 48.84 49.27 49.70 49.80 49.89 49.63 49.37 48.88 48.38 47.93 47.48 47.38 47.28 47.85 48.42 49.92 51.43 54.11 56.79 60.83 64.87 70.35 75.82 82.62
-72.03 -67.18 -62.33 -59.54 -56.75 -56.34 -55.94 -57.57 -59.21 -61.93 -64.65 -67.12 -69.58 -70.52 -71.45 -70.03 -68.61 -64.67 -60.73 -54.64 -48.54 -40.96 -33.38 -25.10 -16.83 -8.69 -0.56 6.63 13.81 19.42 25.02 28.79 32.56 34.65 36.75 37.66 38.58 38.90 39.23 39.45 39.67 40.09 40.50 41.20 41.90 42.86 43.82 44.92 46.01 47.03 48.05 48.78 49.51 49.77 50.03 49.79 49.55 48.98 48.42 47.85 47.28 47.10 46.91 47.46 48.02 49.60 51.18 54.00 56.82 61.02 65.23 70.86 76.48 83.39
-67.00 -63.39 -59.79 -58.00 -56.21 -56.49 -56.77 -58.78 -60.78 -63.62 -66.46 -68.92 -71.37 -72.25 -73.14 -71.71 -70.28 -66.41 -62.55 -56.64 -50.74 -43.45 -36.17 -28.27 -20.37 -12.63 -4.89 1.96 8.80 14.20 19.59 23.30 27.01 29.21 31.40 32.53 33.67 34.30 34.92 35.50 36.07 36.86 37.65 38.74 39.83 41.17 42.52 43.99 45.45 46.80 48.16 49.14 50.12 50.53 50.93 50.74 50.55 49.95 49.35 48.71 48.07 47.83 47.58 48.11 48.63 50.22 51.81 54.65 57.49 61.70 65.91 71.49 77.07 83.85
-61.97 -59.61 -57.24 -56.46 -55.68 -56.64 -57.61 -59.98 -62.35 -65.31 -68.27 -70.71 -73.15 -73.99 -74.83 -73.39 -71.95 -68.16 -64.37 -58.65 -52.93 -45.94 -38.96 -31.43 -23.91 -16.57 -9.22 -2.71 3.80 8.98 14.16 17.81 21.47 23.76 26.05 27.40 28.76 29.69 30.62 31.55 32.47 33.64 34.80 36.28 37.75 39.49 41.22 43.06 44.89 46.57 48.26 49.49 50.73 51.28 51.84 51.69 51.54 50.91 50.28 49.57 48.86 48.56 48.25 48.75 49.25 50.84 52.43 55.30 58.16 62.37 66.58 72.12 77.65 84.32
-57.92 -56.57 -55.23 -55.17 -55.12 -56.47 -57.82 -60.25 -62.68 -65.48 -68.28 -70.48 -72.67 -73.33 -73.99 -72.53 -71.08 -67.46 -63.85 -58.49 -53.12 -46.62 -40.11 -33.12 -26.14 -19.29 -12.45 -6.33 -0.21 4.77 9.75 13.42 17.08 19.57 22.05 23.73 25.40 26.72 28.03 29.35 30.67 32.20 33.74 35.55 37.36 39.39 41.42 43.52 45.62 47.52 49.43 50.82 52.22 52.88 53.53 53.42 53.30 52.64 51.99 51.24 50.48 50.12 49.75 50.19 50.63 52.16 53.68 56.44 59.20 63.25 67.31 72.62 77.92 84.32
-53.87 -53.54 -53.21 -53.89 -54.56 -56.30 -58.04 -60.53 -63.02 -65.65 -68.28 -70.24 -72.19 -72.67 -73.16 -71.68 -70.21 -66.77 -63.33 -58.32 -53.31 -47.29 -41.26 -34.81 -28.36 -22.02 -15.68 -9.95 -4.21 0.57 5.35 9.02 12.69 15.37 18.05 20.05 22.05 23.75 25.45 27.16 28.87 30.77 32.67 34.82 36.96 39.29 41.63 43.99 46.35 48.47 50.60 52.16 53.72 54.47 55.22 55.14 55.05 54.38 53.71 52.91 52.10 51.68 51.26 51.64 52.02 53.47 54.92 57.58 60.24 64.13 68.03 73.12 78.20 84.31
-51.92 -52.11 -52.29 -53.20 -54.10 -55.77 -57.43 -59.59 -61.74 -63.90 -66.06 -67.57 -69.08 -69.30 -69.53 -68.08 -66.64 -63.53 -60.42 -55.96 -51.50 -46.16 -40.81 -35.05 -29.29 -23.55 -17.81 -12.49 -7.17 -2.57 2.03 5.78 9.53 12.50 15.46 17.87 20.29 22.43 24.58 26.70 28.82 31.06 33.30 35.70 38.11 40.63 43.14 45.63 48.12 50.33 52.54 54.16 55.78 56.56 57.34 57.27 57.20 56.51 55.83 55.01 54.18 53.71 53.23 53.53 53.82 55.14 56.45 58.90 61.35 64.95 68.56 73.28 78.01 83.71
-49.97 -50.67 -51.37 -52.51 -53.65 -55.23 -56.82 -58.64 -60.47 -62.15 -63.84 -64.90 -65.97 -65.93 -65.90 -64.49 -63.07 -60.29 -57.50 -53.60 -49.70 -45.03 -40.36 -35.29 -30.22 -25.08 -19.94 -15.04 -10.14 -5.71 -1.29 2.54 6.36 9.62 12.87 15.70 18.52 21.11 23.71 26.24 28.77 31.35 33.93 36.59 39.25 41.96 44.66 47.28 49.90 52.19 54.49 56.16 57.83 58.65 59.46 59.40 59.34 58.65 57.96 57.10 56.25 55.73 55.21 55.42 55.63 56.81 57.98 60.22 62.46 65.77 69.09 73.45 77.81 83.12
-50.21 -50.89 -51.56 -52.43 -53.29 -54.37 -55.45 -56.61 -57.76 -58.73 -59.70 -60.18 -60.65 -60.32 -59.99 -58.66 -57.33 -55.00 -52.66 -49.47 -46.28 -42.44 -38.60 -34.34 -30.07 -25.61 -21.14 -16.69 -12.23 -7.98 -3.72 0.22 4.16 7.75 11.34 14.62 17.90 20.96 24.01 26.92 29.84 32.68 35.53 38.35 41.17 43.93 46.69 49.30 51.91 54.16 56.41 58.05 59.69 60.49 61.29 61.25 61.20 60.54 59.89 59.06 58.23 57.70 57.18 57.31 57.45 58.45 59.46 61.43 63.39 66.33 69.27 73.18 77.09 81.92
-50.45 -51.10 -51.75 -52.34 -52.93 -53.51 -54.09 -54.57 -55.05 -55.31 -55.57 -55.45 -55.34 -54.71 -54.08 -52.84 -51.59 -49.71 -47.82 -45.34 -42.86 -39.85 -36.83 -33.38 -29.93 -26.13 -22.34 -18.34 -14.33 -10.24 -6.16 -2.10 1.95 5.88 9.81 13.54 17.28 20.80 24.31 27.61 30.90 34.02 37.14 40.11 43.08 45.90 48.73 51.32 53.92 56.13 58.34 59.94 61.54 62.33 63.12 63.09 63.06 62.44 61.81 61.01 60.21 59.68 59.14 59.20 59.26 60.10 60.94 62.63 64.32 66.88 69.45 72.90 76.36 80.73
-52.02 -52.27 -52.52 -52.52 -52.52 -52.35 -52.18 -51.83 -51.47 -50.92 -50.36 -49.61 -48.86 -47.93 -46.99 -45.85 -44.71 -43.32 -41.92 -40.20 -38.48 -36.35 -34.22 -31.62 -29.02 -25.95 -22.87 -19.35 -15.82 -11.92 -8.03 -3.88 0.28 4.52 8.77 12.93 17.09 21.01 24.92 28.51 32.10 35.38 38.65 41.64 44.63 47.38 50.12 52.58 55.05 57.12 59.19 60.70 62.21 62.99 63.78 63.81 63.85 63.35 62.84 62.17 61.50 61.04 60.59 60.63 60.67 61.37 62.06 63.47 64.88 67.03 69.18 72.14 75.11 78.98
-53.59 -53.44 -53.29 -52.70 -52.11 -51.19 -50.28 -49.09 -47.90 -46.53 -45.16 -43.77 -42.39 -41.14 -39.90 -38.86 -37.83 -36.93 -36.02 -35.06 -34.10 -32.85 -31.60 -29.86 -28.12 -25.76 -23.40 -20.35 -17.31 -13.60 -9.90 -5.65 -1.40 3.17 7.73 12.31 16.90 21.21 25.53 29.42 33.30 36.73 40.15 43.17 46.19 48.85 51.52 53.84 56.17 58.11 60.04 61.46 62.88 63.65 64.43 64.53 64.64 64.26 63.88 63.33 62.79 62.41 62.04 62.06 62.09 62.64 63.19 64.31 65.43 67.17 68.91 71.38 73.86 77.24
-55.23 -54.54 -53.86 -52.62 -51.39 -49.73 -48.07 -46.09 -44.10 -41.98 -39.86 -37.89 -35.92 -34.39 -32.86 -31.90 -30.94 -30.47 -29.99 -29.72 -29.44 -29.01 -28.58 -27.67 -26.75 -25.10 -23.45 -20.91 -18.37 -14.89 -11.42 -7.13 -2.85 1.95 6.75 11.65 16.55 21.14 25.74 29.77 33.81 37.23 40.65 43.54 46.42 48.87 51.31 53.40 55.48 57.22 58.95 60.28 61.60 62.40 63.21 63.48 63.76 63.63 63.50 63.22 62.94 62.76 62.59 62.69 62.79 63.25 63.71 64.57 65.44 66.78 68.12 70.10 72.09 74.98
-56.87 -55.65 -54.43 -52.54 -50.66 -48.26 -45.86 -43.09 -40.31 -37.44 -34.57 -32.01 -29.46 -27.64 -25.82 -24.94 -24.06 -24.01 -23.96 -24.37 -24.78 -25.17 -25.56 -25.47 -25.38 -24.45 -23.51 -21.47 -19.43 -16.18 -12.94 -8.62 -4.30 0.73 5.77 10.98 16.20 21.07 25.94 30.13 34.31 37.73 41.15 43.90 46.65 48.88 51.11 52.95 54.79 56.33 57.87 59.09 60.31 61.15 62.00 62.44 62.87 63.00 63.12 63.11 63.09 63.12 63.14 63.31 63.48 63.85 64.23 64.84 65.44 66.39 67.33 68.83 70.32 72.73
-57.42 -55.75 -54.08 -51.72 -49.37 -46.44 -43.51 -40.16 -36.81 -33.37 -29.94 -26.93 -23.92 -21.84 -19.76 -18.89 -18.01 -18.25 -18.48 -19.40 -20.33 -21.37 -22.42 -23.04 -23.66 -23.37 -23.09 -21.54 -19.99 -17.02 -14.04 -9.75 -5.47 -0.30 4.86 10.25 15.65 20.63 25.61 29.77 33.93 37.17 40.41 42.86 45.31 47.18 49.06 50.58 52.09 53.39 54.70 55.84 56.97 57.92 58.86 59.56 60.27 60.77 61.27 61.65 62.02 62.35 62.68 63.00 63.32 63.66 64.00 64.39 64.79 65.36 65.93 66.97 68.01 69.95
-57.96 -55.85 -53.74 -50.91 -48.07 -44.61 -41.16 -37.23 -33.31 -29.31 -25.31 -21.84 -18.37 -16.03 -13.70 -12.83 -11.97 -12.49 -13.00 -14.44 -15.87 -17.58 -19.28 -20.61 -21.94 -22.30 -22.67 -21.61 -20.56 -17.85 -15.14 -10.89 -6.63 -1.34 3.95 9.52 15.09 20.19 25.28 29.42 33.55 36.61 39.67 41.82 43.97 45.49 47.01 48.20 49.39 50.46 51.53 52.58 53.64 54.68 55.72 56.69 57.67 58.55 59.43 60.19 60.96 61.59 62.22 62.69 63.16 63.47 63.77 63.95 64.13 64.33 64.54 65.11 65.69 67.17
-56.66 -54.34 -52.03 -49.04 -46.05 -42.40 -38.75 -34.57 -30.38 -26.07 -21.77 -17.99 -14.21 -11.65 -9.09 -8.14 -7.19 -7.80 -8.41 -10.12 -11.82 -13.95 -16.08 -17.93 -19.77 -20.65 -21.53 -20.90 -20.27 -17.81 -15.35 -11.17 -6.99 -1.65 3.69 9.32 14.94 19.99 25.04 28.98 32.91 35.61 38.32 40.01 41.70 42.76 43.82 44.62 45.42 46.24 47.06 48.05 49.04 50.23 51.41 52.71 54.01 55.33 56.64 57.83 59.03 59.99 60.94 61.57 62.20 62.48 62.75 62.73 62.70 62.57 62.44 62.59 62.75 63.82
-55.35 -52.83 -50.32 -47.17 -44.02 -40.18 -36.34 -31.90 -27.46 -22.84 -18.22 -14.14 -10.05 -7.27 -4.48 -3.45 -2.41 -3.12 -3.82 -5.80 -7.77 -10.33 -12.89 -15.24 -17.60 -19.00 -20.40 -20.19 -19.98 -17.77 -15.56 -11.45 -7.34 -1.96 3.43 9.11 14.79 19.79 24.80 28.54 32.27 34.62 36.96 38.20 39.44 40.03 40.63 41.04 41.44 42.02 42.59 43.52 44.45 45.78 47.10 48.73 50.36 52.11 53.85 55.48 57.10 58.39 59.67 60.46 61.24 61.49 61.74 61.51 61.28 60.81 60.34 60.08 59.82 60.46
-51.86 -49.48 -47.09 -44.16 -41.24 -37.59 -33.94 -29.58 -25.23 -20.56 -15.89 -11.66 -7.43 -4.45 -1.46 -0.24 0.97 0.39 -0.20 -2.18 -4.16 -6.86 -9.55 -12.17 -14.78 -16.49 -18.20 -18.26 -18.31 -16.27 -14.22 -10.15 -6.08 -0.68 4.73 10.38 16.03 20.88 25.72 29.11 32.50 34.34 36.19 36.85 37.52 37.57 37.62 37.62 37.61 37.94 38.28 39.16 40.05 41.52 42.99 44.92 46.85 48.96 51.08 53.04 55.00 56.50 57.99 58.84 59.68 59.82 59.96 59.49 59.03 58.23 57.43 56.81 56.19 56.48
-48.38 -46.12 -43.87 -41.16 -38.45 -35.00 -31.54 -27.27 -22.99 -18.28 -13.57 -9.19 -4.82 -1.63 1.55 2.96 4.36 3.89 3.42 1.43 -0.55 -3.39 -6.22 -9.10 -11.97 -13.98 -16.00 -16.32 -16.65 -14.76 -12.88 -8.85 -4.82 0.60 6.02 11.65 17.27 21.96 26.64 29.68 32.73 34.07 35.42 35.51 35.60 35.11 34.62 34.20 33.78 33.87 33.96 34.81 35.65 37.27 38.89 41.11 43.34 45.82 48.30 50.60 52.89 54.61 56.32 57.21 58.11 58.14 58.17 57.47 56.77 55.65 54.53 53.55 52.56 52.51
-42.79 -41.02 -39.24 -37.14 -35.03 -32.14 -29.24 -25.38 -21.52 -17.01 -12.51 -8.13 -3.75 -0.40 2.96 4.65 6.33 6.18 6.02 4.31 2.59 -0.08 -2.76 -5.58 -8.41 -10.46 -12.51 -12.88 -13.25 -11.37 -9.48 -5.40 -1.32 4.14 9.61 15.18 20.75 25.20 29.65 32.25 34.86 35.61 36.36 35.81 35.26 34.21 33.16 32.35 31.53 31.43 31.32 32.14 32.96 34.69 36.42 38.82 41.23 43.89 46.54 48.94 51.34 53.02 54.71 55.45 56.19 55.96 55.73 54.71 53.70 52.26 50.82 49.55 48.27 47.97
-37.20 -35.91 -34.62 -33.12 -31.61 -29.28 -26.95 -23.50 -20.04 -15.75 -11.45 -7.07 -2.69 0.84 4.36 6.33 8.30 8.47 8.63 7.18 5.73 3.22 0.71 -2.07 -4.85 -6.94 -9.02 -9.44 -9.86 -7.97 -6.09 -1.96 2.17 7.68 13.19 18.71 24.23 28.44 32.66 34.82 36.99 37.14 37.29 36.11 34.92 33.31 31.71 30.50 29.29 28.98 28.68 29.48 30.28 32.11 33.95 36.53 39.12 41.95 44.78 47.28 49.78 51.44 53.11 53.69 54.26 53.77 53.28 51.95 50.62 48.86 47.11 45.55 43.98 43.43
-29.95 -29.47 -29.00 -28.43 -27.86 -26.40 -24.95 -22.18 -19.42 -15.54 -11.66 -7.42 -3.18 0.49 4.15 6.47 8.79 9.43 10.08 9.14 8.20 6.13 4.06 1.62 -0.83 -2.66 -4.50 -4.71 -4.93 -2.85 -0.77 3.53 7.84 13.46 19.08 24.57 30.05 34.01 37.97 39.66 41.35 40.88 40.41 38.59 36.77 34.66 32.55 31.03 29.52 29.10 28.69 29.50 30.31 32.20 34.09 36.68 39.27 42.01 44.75 47.02 49.30 50.62 51.95 52.10 52.25 51.30 50.36 48.63 46.90 44.84 42.79 41.03 39.27 38.58
-22.70 -23.04 -23.37 -23.74 -24.10 -23.52 -22.95 -20.87 -18.79 -15.34 -11.88 -7.77 -3.66 0.13 3.93 6.61 9.28 10.40 11.53 11.09 10.66 9.03 7.40 5.30 3.19 1.61 0.02 0.01 0.00 2.27 4.54 9.02 13.51 19.24 24.98 30.42 35.87 39.58 43.29 44.50 45.71 44.62 43.53 41.08 38.63 36.01 33.39 31.57 29.75 29.22 28.69 29.52 30.35 32.29 34.23 36.83 39.42 42.07 44.71 46.76 48.82 49.80 50.78 50.51 50.23 48.84 47.44 45.31 43.18 40.82 38.46 36.51 34.56 33.73
-14.61 -16.02 -17.42 -18.96 -20.50 -21.02 -21.54 -20.34 -19.15 -16.27 -13.40 -9.54 -5.68 -1.80 2.08 5.12 8.16 9.85 11.53 11.75 11.97 10.99 10.00 8.46 6.93 5.83 4.73 5.14 5.55 8.19 10.83 15.61 20.40 26.32 32.24 37.70 43.15 46.64 50.12 50.89 51.66 50.00 48.35 45.37 42.39 39.40 36.42 34.46 32.50 32.00 31.51 32.42 33.34 35.28 37.23 39.65 42.07 44.34 46.60 48.11 49.61 49.94 50.26 49.32 48.37 46.37 44.38 41.80 39.21 36.61 34.00 31.97 29.93 29.09
-6.53 -9.00 -11.47 -14.18 -16.89 -18.51 -20.13 -19.81 -19.50 -17.21 -14.92 -11.31 -7.69 -3.74 0.22 3.63 7.03 9.29 11.54 12.42 13.29 12.94 12.60 11.63 10.66 10.04 9.43 10.26 11.10 14.11 17.12 22.20 27.29 33.40 39.50 44.97 50.43 53.69 56.95 57.28 57.60 55.38 53.16 49.65 46.14 42.80 39.46 37.35 35.25 34.79 34.33 35.33 36.33 38.28 40.23 42.48 44.72 46.61 48.49 49.45 50.40 50.07 49.74 48.12 46.50 43.91 41.31 38.28 35.25 32.39 29.54 27.42 25.30 24.44
1.25 -2.41 -6.07 -10.06 -14.05 -16.85 -19.66 -20.31 -20.96 -19.34 -17.72 -14.44 -11.17 -7.21 -3.25 0.46 4.17 6.96 9.75 11.30 12.85 13.22 13.58 13.30 13.02 13.04 13.06 14.46 15.87 19.36 22.86 28.32 33.79 40.13 46.48 51.99 57.50 60.60 63.69 63.68 63.66 61.04 58.42 54.59 50.77 47.31 43.86 41.87 39.87 39.65 39.43 40.64 41.84 43.78 45.72 47.65 49.57 50.83 52.09 52.21 52.32 51.10 49.87 47.41 44.96 41.71 38.46 35.02 31.59 28.59 25.59 23.52 21.46 20.68
9.03 4.17 -0.68 -5.94 -11.21 -15.20 -19.19 -20.80 -22.42 -21.47 -20.52 -17.58 -14.65 -10.69 -6.73 -2.72 1.30 4.63 7.97 10.19 12.41 13.49 14.57 14.98 15.38 16.04 16.69 18.66 20.63 24.62 28.60 34.44 40.29 46.87 53.45 59.01 64.57 67.50 70.44 70.08 69.73 66.70 63.68 59.54 55.39 51.83 48.26 46.38 44.49 44.52 44.54 45.95 47.36 49.29 51.22 52.82 54.42 55.05 55.68 54.97 54.25 52.12 49.99 46.70 43.42 39.51 35.60 31.76 27.93 24.78 21.64 19.63 17.61 16.92
15.27 9.23 3.19 -3.29 -9.78 -14.89 -20.00 -22.55 -25.09 -24.81 -24.53 -21.98 -19.43 -15.56 -11.70 -7.50 -3.31 0.43 4.17 6.95 9.73 11.47 13.20 14.29 15.38 16.72 18.05 20.64 23.23 27.74 32.25 38.48 44.71 51.52 58.33 63.95 69.58 72.43 75.27 74.74 74.21 71.03 67.85 63.70 59.55 56.21 52.87 51.43 49.99 50.52 51.05 52.83 54.61 56.57 58.52 59.71 60.89 60.70 60.51 58.76 57.00 53.81 50.63 46.46 42.28 37.78 33.27 29.17 25.06 21.94 18.83 17.02 15.21 14.71
21.51 14.29 7.07 -0.64 -8.35 -14.58 -20.82 -24.29 -27.76 -28.15 -28.54 -26.37 -24.21 -20.43 -16.66 -12.29 -7.91 -3.77 0.37 3.71 7.06 9.44 11.82 13.61 15.39 17.39 19.40 22.62 25.83 30.86 35.89 42.51 49.14 56.18 63.22 68.90 74.59 77.35 80.11 79.40 78.69 75.35 72.02 67.86 63.71 60.60 57.48 56.48 55.48 56.52 57.57 59.72 61.87 63.85 65.83 66.59 67.35 66.35 65.35 62.55 59.75 55.51 51.27 46.21 41.15 36.05 30.94 26.57 22.19 19.10 16.01 14.41 12.80 12.49
25.13 16.84 8.56 -0.18 -8.92 -16.07 -23.23 -27.45 -31.67 -32.62 -33.58 -31.77 -29.97 -26.35 -22.74 -18.33 -13.92 -9.58 -5.23 -1.54 2.15 5.01 7.87 10.22 12.56 15.18 17.80 21.59 25.38 30.88 36.39 43.34 50.29 57.51 64.72 70.46 76.20 78.94 81.69 80.98 80.28 77.07 73.87 70.06 66.25 63.74 61.23 61.02 60.82 62.68 64.54 67.27 69.99 72.08 74.17 74.48 74.79 72.85 70.92 66.96 62.99 57.64 52.28 46.37 40.47 34.90 29.33 24.88 20.42 17.56 14.69 13.46 12.22 12.21
28.74 19.40 10.05 0.28 -9.49 -17.56 -25.64 -30.61 -35.59 -37.10 -38.62 -37.17 -35.73 -32.27 -28.82 -24.37 -19.93 -15.39 -10.84 -6.80 -2.75 0.58 3.91 6.83 9.74 12.97 16.19 20.56 24.93 30.91 36.89 44.17 51.45 58.84 66.23 72.02 77.81 80.54 83.27 82.57 81.87 78.79 75.71 72.25 68.79 66.88 64.98 65.57 66.16 68.84 71.51 74.82 78.12 80.32 82.52 82.37 82.22 79.36 76.50 71.37 66.24 59.77 53.29 46.54 39.79 33.75 27.72 23.19 18.65 16.01 13.38 12.51 11.64 11.92
