test/esri_led_0/synt_tma+240m_led_0.esri
nrows             510
ncols             462
xllcorner      398000.00
yllcorner     7846000.00
cellsize          500.00
NODATA_value    -9999
[rows 99 to 131 of 510, columns 300 to 374 of 462]
18.85 18.54 18.24 17.43 16.61 15.38 14.15 12.62 11.08 9.35 7.63 5.84 4.06 2.35 0.64 -0.86 -2.36 -3.50 -4.65 -5.30 -5.96 -6.00 -6.05 -5.38 -4.71 -3.26 -1.81 0.42 2.66 5.63 8.61 12.19 15.78 19.80 23.81 28.04 32.27 36.48 40.69 44.67 48.66 52.25 55.84 58.93 62.03 64.60 67.17 69.26 71.34 73.03 74.72 76.11 77.49 78.67 79.84 80.85 81.86 82.72 83.58 84.28 84.98 85.52 86.05 86.41 86.77 86.96 87.14 87.14 87.15 86.97 86.80 86.41 86.03 85.40 84.77
18.75 18.39 18.02 17.15 16.28 15.00 13.71 12.12 10.53 8.76 6.99 5.16 3.33 1.58 -0.16 -1.69 -3.21 -4.37 -5.54 -6.20 -6.87 -6.92 -6.96 -6.29 -5.61 -4.14 -2.68 -0.42 1.85 4.86 7.87 11.51 15.14 19.22 23.29 27.59 31.89 36.18 40.47 44.54 48.62 52.30 55.99 59.18 62.38 65.05 67.72 69.90 72.08 73.84 75.61 77.06 78.52 79.73 80.95 81.98 83.01 83.87 84.73 85.41 86.08 86.57 87.06 87.36 87.65 87.76 87.86 87.78 87.71 87.44 87.17 86.70 86.23 85.53 84.82
18.66 18.23 17.80 16.88 15.95 14.61 13.27 11.63 9.99 8.16 6.34 4.47 2.60 0.82 -0.96 -2.51 -4.06 -5.25 -6.43 -7.11 -7.78 -7.83 -7.88 -7.19 -6.51 -5.03 -3.54 -1.25 1.04 4.09 7.14 10.82 14.50 18.64 22.77 27.14 31.51 35.88 40.25 44.41 48.58 52.36 56.14 59.44 62.73 65.50 68.27 70.54 72.81 74.66 76.51 78.02 79.54 80.80 82.06 83.11 84.17 85.02 85.88 86.53 87.18 87.63 88.07 88.30 88.53 88.56 88.59 88.42 88.26 87.91 87.55 86.99 86.44 85.65 84.87
18.68 18.17 17.67 16.67 15.67 14.26 12.86 11.16 9.46 7.59 5.72 3.81 1.90 0.09 -1.73 -3.30 -4.88 -6.08 -7.28 -7.96 -8.65 -8.71 -8.76 -8.08 -7.40 -5.92 -4.44 -2.14 0.15 3.21 6.27 9.97 13.67 17.84 22.00 26.42 30.83 35.26 39.70 43.94 48.18 52.05 55.92 59.32 62.71 65.58 68.46 70.83 73.20 75.14 77.08 78.67 80.26 81.57 82.89 83.97 85.05 85.91 86.76 87.40 88.03 88.43 88.83 89.00 89.17 89.13 89.08 88.83 88.57 88.13 87.68 87.03 86.38 85.50 84.63
18.70 18.12 17.53 16.46 15.39 13.92 12.45 10.69 8.93 7.02 5.10 3.15 1.20 -0.65 -2.49 -4.09 -5.69 -6.91 -8.12 -8.82 -9.52 -9.58 -9.64 -8.97 -8.29 -6.81 -5.33 -3.03 -0.73 2.34 5.40 9.12 12.84 17.04 21.23 25.69 30.15 34.64 39.14 43.46 47.77 51.74 55.70 59.20 62.70 65.67 68.65 71.12 73.59 75.62 77.65 79.32 80.98 82.35 83.71 84.82 85.93 86.79 87.65 88.26 88.88 89.24 89.59 89.70 89.81 89.69 89.57 89.23 88.89 88.35 87.81 87.07 86.32 85.36 84.39
18.89 18.21 17.52 16.37 15.21 13.66 12.12 10.30 8.48 6.51 4.55 2.56 0.57 -1.30 -3.17 -4.79 -6.40 -7.63 -8.86 -9.57 -10.28 -10.35 -10.41 -9.75 -9.08 -7.61 -6.15 -3.86 -1.58 1.48 4.53 8.24 11.95 16.16 20.36 24.84 29.32 33.86 38.40 42.78 47.16 51.21 55.26 58.85 62.44 65.52 68.60 71.18 73.75 75.87 78.00 79.73 81.47 82.89 84.31 85.44 86.58 87.44 88.31 88.90 89.49 89.81 90.12 90.17 90.22 90.02 89.81 89.38 88.95 88.31 87.67 86.83 85.98 84.91 83.85
19.08 18.30 17.52 16.27 15.03 13.41 11.79 9.91 8.03 6.01 3.99 1.97 -0.06 -1.95 -3.85 -5.48 -7.12 -8.36 -9.60 -10.31 -11.03 -11.11 -11.19 -10.53 -9.87 -8.42 -6.96 -4.70 -2.43 0.61 3.65 7.36 11.07 15.27 19.48 23.98 28.49 33.07 37.65 42.10 46.55 50.68 54.81 58.50 62.19 65.38 68.56 71.24 73.91 76.13 78.34 80.15 81.97 83.44 84.91 86.07 87.23 88.10 88.97 89.54 90.11 90.38 90.65 90.64 90.62 90.34 90.06 89.54 89.02 88.28 87.54 86.59 85.64 84.47 83.30
19.48 18.59 17.69 16.35 15.01 13.31 11.61 9.66 7.72 5.65 3.58 1.52 -0.53 -2.45 -4.37 -6.01 -7.66 -8.90 -10.14 -10.86 -11.58 -11.67 -11.75 -11.11 -10.46 -9.03 -7.59 -5.35 -3.11 -0.10 2.91 6.59 10.27 14.47 18.66 23.17 27.67 32.28 36.89 41.39 45.89 50.09 54.30 58.08 61.86 65.14 68.42 71.19 73.97 76.26 78.56 80.44 82.32 83.84 85.35 86.53 87.71 88.57 89.44 89.98 90.52 90.74 90.96 90.88 90.80 90.43 90.07 89.45 88.83 87.98 87.13 86.07 85.00 83.72 82.44
19.89 18.88 17.87 16.43 14.99 13.21 11.42 9.41 7.40 5.29 3.17 1.08 -1.01 -2.95 -4.89 -6.54 -8.20 -9.45 -10.69 -11.41 -12.14 -12.22 -12.31 -11.68 -11.05 -9.63 -8.22 -6.00 -3.79 -0.81 2.17 5.83 9.48 13.66 17.84 22.35 26.86 31.49 36.13 40.68 45.23 49.51 53.79 57.66 61.53 64.90 68.28 71.15 74.02 76.40 78.78 80.73 82.68 84.24 85.79 86.99 88.20 89.05 89.91 90.42 90.93 91.10 91.28 91.13 90.98 90.53 90.08 89.36 88.64 87.69 86.73 85.55 84.37 82.97 81.57
20.55 19.42 18.28 16.74 15.19 13.32 11.45 9.37 7.30 5.13 2.97 0.85 -1.28 -3.23 -5.18 -6.83 -8.49 -9.73 -10.97 -11.68 -12.39 -12.48 -12.57 -11.94 -11.32 -9.92 -8.53 -6.35 -4.16 -1.22 1.72 5.33 8.94 13.09 17.24 21.73 26.23 30.87 35.52 40.10 44.69 49.03 53.36 57.31 61.25 64.71 68.18 71.12 74.07 76.53 78.98 80.98 82.98 84.57 86.16 87.36 88.56 89.40 90.23 90.70 91.17 91.29 91.40 91.17 90.94 90.40 89.85 89.03 88.20 87.13 86.05 84.74 83.43 81.91 80.38
21.21 19.96 18.70 17.04 15.39 13.43 11.48 9.33 7.19 4.98 2.76 0.61 -1.54 -3.50 -5.46 -7.12 -8.77 -10.01 -11.24 -11.95 -12.65 -12.74 -12.82 -12.20 -11.59 -10.21 -8.84 -6.69 -4.54 -1.64 1.26 4.83 8.41 12.52 16.63 21.12 25.60 30.25 34.91 39.53 44.15 48.54 52.94 56.96 60.98 64.52 68.07 71.10 74.13 76.66 79.18 81.23 83.29 84.90 86.52 87.72 88.93 89.75 90.56 90.99 91.42 91.47 91.52 91.21 90.90 90.27 89.63 88.70 87.76 86.56 85.37 83.93 82.50 80.84 79.19
22.17 20.78 19.40 17.63 15.87 13.82 11.78 9.56 7.35 5.09 2.84 0.66 -1.51 -3.48 -5.44 -7.09 -8.73 -9.95 -11.16 -11.84 -12.53 -12.60 -12.67 -12.05 -11.43 -10.08 -8.72 -6.60 -4.48 -1.63 1.22 4.75 8.27 12.33 16.40 20.85 25.30 29.94 34.59 39.22 43.86 48.29 52.73 56.80 60.88 64.49 68.10 71.19 74.28 76.86 79.43 81.52 83.60 85.22 86.85 88.04 89.23 90.00 90.78 91.14 91.51 91.49 91.46 91.06 90.66 89.92 89.17 88.12 87.07 85.74 84.41 82.84 81.27 79.48 77.68
23.13 21.61 20.09 18.22 16.34 14.21 12.07 9.79 7.51 5.21 2.91 0.71 -1.48 -3.45 -5.42 -7.06 -8.69 -9.88 -11.08 -11.74 -12.41 -12.46 -12.52 -11.90 -11.28 -9.94 -8.60 -6.51 -4.43 -1.62 1.19 4.66 8.12 12.14 16.16 20.58 25.00 29.63 34.27 38.92 43.57 48.04 52.51 56.64 60.78 64.45 68.12 71.28 74.43 77.06 79.69 81.80 83.91 85.54 87.17 88.35 89.52 90.26 90.99 91.30 91.61 91.50 91.40 90.91 90.42 89.57 88.72 87.54 86.37 84.91 83.45 81.75 80.04 78.11 76.18
24.41 22.76 21.11 19.12 17.14 14.92 12.69 10.35 8.01 5.66 3.32 1.11 -1.10 -3.07 -5.03 -6.64 -8.25 -9.41 -10.57 -11.20 -11.82 -11.85 -11.88 -11.25 -10.62 -9.28 -7.95 -5.90 -3.84 -1.09 1.67 5.08 8.48 12.44 16.40 20.77 25.13 29.74 34.34 38.98 43.62 48.11 52.59 56.75 60.92 64.63 68.34 71.53 74.72 77.37 80.03 82.14 84.26 85.88 87.49 88.62 89.76 90.43 91.10 91.33 91.56 91.36 91.16 90.56 89.96 88.99 88.02 86.72 85.42 83.82 82.23 80.38 78.53 76.46 74.39
25.69 23.91 22.13 20.03 17.94 15.63 13.31 10.91 8.50 6.12 3.74 1.51 -0.72 -2.68 -4.64 -6.22 -7.81 -8.93 -10.06 -10.65 -11.24 -11.24 -11.24 -10.60 -9.95 -8.63 -7.30 -5.28 -3.26 -0.55 2.15 5.50 8.84 12.74 16.63 20.95 25.27 29.84 34.41 39.04 43.67 48.17 52.67 56.87 61.06 64.81 68.56 71.79 75.01 77.69 80.36 82.49 84.62 86.21 87.81 88.90 89.99 90.60 91.21 91.36 91.51 91.21 90.92 90.21 89.50 88.42 87.33 85.90 84.47 82.73 81.00 79.01 77.02 74.81 72.61
27.30 25.39 23.49 21.29 19.09 16.69 14.30 11.83 9.37 6.95 4.54 2.30 0.06 -1.88 -3.82 -5.37 -6.92 -8.00 -9.07 -9.62 -10.16 -10.11 -10.07 -9.40 -8.73 -7.41 -6.08 -4.09 -2.10 0.56 3.21 6.48 9.76 13.58 17.39 21.64 25.88 30.39 34.91 39.50 44.10 48.58 53.07 57.26 61.45 65.21 68.97 72.20 75.44 78.11 80.78 82.88 84.99 86.54 88.09 89.12 90.14 90.67 91.19 91.24 91.29 90.88 90.48 89.65 88.82 87.60 86.39 84.82 83.26 81.39 79.52 77.39 75.26 72.92 70.58
28.91 26.88 24.85 22.54 20.24 17.76 15.29 12.76 10.23 7.78 5.34 3.09 0.85 -1.08 -3.00 -4.52 -6.03 -7.06 -8.09 -8.58 -9.07 -8.98 -8.90 -8.20 -7.51 -6.19 -4.86 -2.90 -0.93 1.67 4.27 7.47 10.67 14.41 18.15 22.32 26.50 30.95 35.41 39.97 44.53 48.99 53.46 57.65 61.85 65.61 69.38 72.62 75.86 78.53 81.19 83.27 85.36 86.86 88.37 89.33 90.29 90.74 91.18 91.12 91.07 90.55 90.04 89.09 88.14 86.79 85.45 83.75 82.05 80.04 78.04 75.77 73.51 71.03 68.56
30.84 28.70 26.56 24.16 21.76 19.21 16.67 14.09 11.51 9.04 6.56 4.32 2.07 0.17 -1.73 -3.19 -4.66 -5.63 -6.60 -7.03 -7.46 -7.32 -7.18 -6.45 -5.73 -4.40 -3.07 -1.13 0.81 3.35 5.89 9.01 12.14 15.78 19.42 23.50 27.58 31.95 36.32 40.81 45.30 49.72 54.14 58.29 62.45 66.19 69.93 73.14 76.36 78.99 81.62 83.65 85.68 87.12 88.56 89.44 90.31 90.64 90.98 90.81 90.64 90.00 89.36 88.28 87.20 85.73 84.25 82.42 80.59 78.46 76.32 73.93 71.54 68.95 66.36
32.77 30.52 28.27 25.78 23.29 20.67 18.04 15.42 12.79 10.29 7.79 5.54 3.30 1.43 -0.45 -1.87 -3.29 -4.21 -5.12 -5.49 -5.85 -5.66 -5.47 -4.70 -3.94 -2.61 -1.27 0.64 2.55 5.04 7.52 10.56 13.60 17.15 20.70 24.68 28.66 32.95 37.23 41.65 46.08 50.44 54.81 58.93 63.05 66.77 70.48 73.67 76.85 79.45 82.05 84.03 86.01 87.38 88.75 89.54 90.32 90.55 90.79 90.50 90.22 89.45 88.69 87.48 86.27 84.66 83.06 81.10 79.13 76.87 74.60 72.09 69.57 66.87 64.17
35.01 32.67 30.33 27.76 25.20 22.52 19.83 17.17 14.50 11.98 9.46 7.23 4.99 3.14 1.30 -0.07 -1.44 -2.29 -3.14 -3.44 -3.74 -3.49 -3.24 -2.44 -1.64 -0.29 1.05 2.93 4.82 7.24 9.65 12.60 15.54 18.98 22.42 26.28 30.14 34.31 38.48 42.80 47.12 51.40 55.68 59.73 63.77 67.42 71.07 74.20 77.33 79.86 82.39 84.29 86.20 87.48 88.76 89.44 90.12 90.24 90.35 89.94 89.53 88.64 87.75 86.41 85.08 83.34 81.61 79.53 77.45 75.07 72.69 70.07 67.46 64.67 61.88
37.24 34.82 32.39 29.75 27.11 24.36 21.62 18.92 16.21 13.67 11.14 8.91 6.68 4.86 3.05 1.73 0.41 -0.38 -1.16 -1.39 -1.63 -1.32 -1.01 -0.17 0.67 2.02 3.37 5.22 7.08 9.43 11.79 14.64 17.49 20.81 24.14 27.88 31.62 35.67 39.73 43.94 48.16 52.35 56.55 60.52 64.50 68.08 71.67 74.73 77.80 80.27 82.73 84.56 86.39 87.58 88.77 89.35 89.92 89.92 89.92 89.38 88.85 87.83 86.81 85.34 83.88 82.02 80.16 77.96 75.76 73.27 70.78 68.06 65.35 62.47 59.59
39.76 37.27 34.78 32.09 29.39 26.61 23.83 21.09 18.36 15.81 13.27 11.05 8.83 7.05 5.27 4.00 2.72 2.00 1.28 1.10 0.93 1.30 1.66 2.53 3.40 4.76 6.11 7.93 9.75 12.03 14.31 17.06 19.80 22.99 26.18 29.78 33.38 37.29 41.20 45.27 49.35 53.42 57.49 61.35 65.21 68.70 72.18 75.16 78.13 80.50 82.87 84.60 86.33 87.42 88.50 88.96 89.42 89.30 89.18 88.52 87.86 86.72 85.58 84.00 82.42 80.45 78.48 76.19 73.89 71.31 68.74 65.95 63.17 60.24 57.32
42.28 39.73 37.17 34.43 31.68 28.85 26.03 23.27 20.50 17.95 15.40 13.19 10.98 9.23 7.48 6.26 5.04 4.38 3.71 3.60 3.50 3.91 4.33 5.23 6.14 7.50 8.85 10.64 12.42 14.63 16.84 19.47 22.11 25.17 28.23 31.68 35.14 38.90 42.66 46.60 50.55 54.49 58.43 62.18 65.93 69.31 72.70 75.58 78.46 80.73 83.01 84.65 86.28 87.26 88.23 88.58 88.93 88.68 88.44 87.66 86.88 85.61 84.35 82.65 80.95 78.88 76.81 74.41 72.01 69.35 66.69 63.84 60.99 58.01 55.04
45.05 42.46 39.87 37.09 34.32 31.47 28.62 25.85 23.08 20.52 17.97 15.78 13.58 11.86 10.14 8.96 7.78 7.16 6.55 6.49 6.43 6.88 7.34 8.27 9.19 10.54 11.88 13.62 15.36 17.48 19.61 22.12 24.64 27.55 30.46 33.75 37.03 40.62 44.22 47.98 51.75 55.53 59.31 62.92 66.52 69.77 73.02 75.77 78.52 80.68 82.84 84.36 85.88 86.74 87.61 87.84 88.07 87.71 87.35 86.46 85.57 84.20 82.83 81.04 79.25 77.09 74.94 72.48 70.01 67.31 64.60 61.72 58.84 55.86 52.87
47.82 45.19 42.57 39.76 36.96 34.09 31.22 28.44 25.65 23.09 20.54 18.36 16.18 14.49 12.79 11.65 10.51 9.95 9.38 9.37 9.36 9.86 10.35 11.30 12.24 13.58 14.91 16.61 18.30 20.34 22.38 24.77 27.16 29.93 32.69 35.81 38.93 42.35 45.77 49.37 52.96 56.58 60.20 63.65 67.11 70.22 73.33 75.96 78.59 80.63 82.68 84.08 85.48 86.23 86.98 87.09 87.21 86.74 86.27 85.26 84.26 82.79 81.32 79.43 77.55 75.31 73.07 70.54 68.02 65.26 62.51 59.60 56.69 53.70 50.71
50.78 48.15 45.53 42.72 39.91 37.04 34.17 31.39 28.61 26.06 23.51 21.35 19.18 17.51 15.83 14.72 13.61 13.07 12.53 12.55 12.56 13.08 13.59 14.53 15.47 16.78 18.09 19.72 21.35 23.29 25.23 27.49 29.76 32.36 34.96 37.89 40.83 44.05 47.27 50.67 54.07 57.50 60.92 64.19 67.47 70.41 73.36 75.84 78.31 80.22 82.13 83.40 84.68 85.31 85.95 85.96 85.97 85.40 84.83 83.74 82.64 81.09 79.54 77.60 75.65 73.37 71.09 68.53 65.98 63.21 60.45 57.56 54.67 51.71 48.76
53.74 51.11 48.48 45.67 42.86 39.99 37.13 34.34 31.56 29.02 26.48 24.33 22.18 20.53 18.87 17.79 16.70 16.19 15.68 15.72 15.77 16.30 16.82 17.76 18.70 19.98 21.26 22.83 24.40 26.25 28.09 30.22 32.35 34.78 37.22 39.98 42.73 45.75 48.78 51.98 55.18 58.41 61.64 64.73 67.82 70.60 73.38 75.71 78.04 79.81 81.58 82.73 83.88 84.40 84.92 84.82 84.72 84.05 83.39 82.21 81.03 79.40 77.77 75.76 73.76 71.43 69.10 66.52 63.94 61.17 58.40 55.52 52.64 49.73 46.81
56.84 54.24 51.63 48.85 46.06 43.21 40.37 37.60 34.84 32.31 29.79 27.65 25.51 23.86 22.22 21.14 20.06 19.56 19.06 19.10 19.14 19.65 20.17 21.08 21.99 23.22 24.45 25.94 27.43 29.16 30.89 32.88 34.87 37.14 39.40 41.96 44.52 47.33 50.14 53.12 56.11 59.12 62.13 65.02 67.90 70.49 73.08 75.24 77.39 79.01 80.64 81.66 82.68 83.09 83.50 83.31 83.12 82.38 81.64 80.40 79.16 77.49 75.82 73.78 71.75 69.42 67.08 64.51 61.95 59.22 56.48 53.66 50.84 48.01 45.17
59.94 57.36 54.78 52.02 49.26 46.43 43.60 40.86 38.11 35.60 33.09 30.96 28.84 27.20 25.57 24.50 23.43 22.93 22.43 22.47 22.51 23.01 23.52 24.40 25.28 26.46 27.63 29.05 30.46 32.08 33.70 35.55 37.39 39.49 41.58 43.94 46.30 48.91 51.51 54.27 57.03 59.83 62.63 65.30 67.98 70.38 72.78 74.76 76.75 78.22 79.69 80.59 81.49 81.79 82.09 81.80 81.52 80.70 79.89 78.59 77.29 75.58 73.86 71.80 69.74 67.40 65.06 62.51 59.96 57.26 54.57 51.80 49.04 46.28 43.53
63.10 60.57 58.04 55.32 52.61 49.82 47.03 44.32 41.61 39.12 36.63 34.51 32.40 30.76 29.13 28.05 26.97 26.45 25.93 25.94 25.94 26.40 26.87 27.69 28.52 29.62 30.72 32.04 33.35 34.85 36.35 38.05 39.75 41.67 43.59 45.75 47.91 50.30 52.68 55.21 57.74 60.31 62.87 65.33 67.78 69.98 72.17 73.98 75.78 77.10 78.42 79.19 79.96 80.16 80.36 80.01 79.66 78.79 77.92 76.59 75.27 73.55 71.83 69.78 67.73 65.42 63.12 60.62 58.12 55.50 52.88 50.21 47.54 44.90 42.26
66.25 63.78 61.30 58.63 55.96 53.21 50.46 47.78 45.10 42.63 40.17 38.06 35.96 34.32 32.69 31.60 30.51 29.97 29.43 29.40 29.38 29.80 30.22 30.98 31.75 32.78 33.81 35.03 36.25 37.63 39.01 40.56 42.11 43.85 45.60 47.56 49.52 51.69 53.85 56.15 58.45 60.79 63.12 65.35 67.58 69.57 71.56 73.19 74.81 75.98 77.14 77.79 78.43 78.54 78.64 78.21 77.79 76.87 75.95 74.60 73.25 71.52 69.79 67.76 65.72 63.44 61.17 58.72 56.28 53.73 51.18 48.61 46.04 43.52 40.99
69.38 66.97 64.56 61.95 59.34 56.65 53.96 51.32 48.69 46.25 43.81 41.72 39.63 37.99 36.35 35.23 34.11 33.53 32.95 32.87 32.79 33.13 33.48 34.17 34.85 35.79 36.72 37.83 38.94 40.19 41.44 42.85 44.25 45.82 47.39 49.16 50.93 52.87 54.82 56.89 58.96 61.06 63.16 65.16 67.16 68.94 70.72 72.17 73.61 74.62 75.63 76.16 76.69 76.71 76.73 76.26 75.78 74.84 73.90 72.55 71.20 69.49 67.79 65.80 63.81 61.60 59.39 57.03 54.67 52.23 49.79 47.35 44.90 42.52 40.13
72.50 70.16 67.81 65.27 62.73 60.10 57.46 54.87 52.27 49.87 47.46 45.38 43.30 41.65 40.01 38.86 37.72 37.10 36.47 36.33 36.19 36.47 36.75 37.35 37.95 38.79 39.63 40.63 41.63 42.75 43.88 45.13 46.39 47.79 49.19 50.76 52.33 54.06 55.79 57.63 59.46 61.33 63.19 64.97 66.75 68.32 69.89 71.15 72.40 73.27 74.13 74.54 74.95 74.89 74.83 74.30 73.77 72.81 71.84 70.49 69.14 67.47 65.79 63.84 61.90 59.75 57.61 55.34 53.06 50.73 48.40 46.08 43.76 41.52 39.27
