test/esri_led_0/synt_tma_0m_led_0.esri
nrows             510
ncols             462
xllcorner      398000.00
yllcorner     7846000.00
cellsize          500.00
NODATA_value    -9999
[rows 132 to 164 of 510, columns 75 to 149 of 462]
-37.96 -35.20 -32.55 -29.91 -27.42 -24.92 -22.60 -20.28 -18.14 -16.01 -14.08 -12.15 -10.45 -8.74 -7.29 -5.83 -4.65 -3.47 -2.59 -1.71 -1.16 -0.61 -0.40 -0.19 -0.32 -0.45 -0.90 -1.35 -2.08 -2.82 -3.77 -4.72 -5.82 -6.91 -8.07 -9.23 -10.36 -11.50 -12.56 -13.61 -14.54 -15.46 -16.24 -17.01 -17.61 -18.21 -18.63 -19.05 -19.28 -19.51 -19.52 -19.53 -19.29 -19.05 -18.54 -18.02 -17.19 -16.36 -15.20 -14.05 -12.58 -11.11 -9.38 -7.65 -5.75 -3.84 -1.87 0.11 2.05 3.99 5.83 7.66 9.36 11.05 12.63
-37.56 -34.82 -32.18 -29.55 -27.06 -24.56 -22.22 -19.88 -17.71 -15.54 -13.56 -11.58 -9.81 -8.04 -6.51 -4.98 -3.72 -2.46 -1.50 -0.54 0.10 0.73 1.01 1.29 1.22 1.15 0.74 0.34 -0.36 -1.06 -2.00 -2.94 -4.03 -5.13 -6.30 -7.47 -8.63 -9.80 -10.89 -11.99 -12.97 -13.95 -14.78 -15.61 -16.28 -16.95 -17.45 -17.95 -18.25 -18.55 -18.64 -18.72 -18.56 -18.40 -17.94 -17.49 -16.72 -15.95 -14.85 -13.74 -12.32 -10.89 -9.21 -7.52 -5.66 -3.80 -1.87 0.06 1.94 3.83 5.60 7.37 9.00 10.63 12.14
-36.63 -33.95 -31.37 -28.78 -26.31 -23.84 -21.51 -19.18 -17.01 -14.83 -12.83 -10.82 -9.01 -7.21 -5.62 -4.04 -2.71 -1.38 -0.35 0.68 1.37 2.07 2.42 2.76 2.75 2.73 2.37 2.01 1.35 0.68 -0.23 -1.15 -2.24 -3.32 -4.50 -5.67 -6.86 -8.04 -9.17 -10.30 -11.32 -12.34 -13.23 -14.12 -14.85 -15.59 -16.16 -16.73 -17.10 -17.48 -17.64 -17.81 -17.72 -17.62 -17.24 -16.86 -16.16 -15.45 -14.41 -13.36 -12.00 -10.63 -9.00 -7.37 -5.57 -3.77 -1.92 -0.06 1.75 3.56 5.25 6.95 8.50 10.06 11.50
-35.71 -33.09 -30.55 -28.01 -25.57 -23.13 -20.81 -18.49 -16.30 -14.12 -12.09 -10.06 -8.21 -6.37 -4.73 -3.09 -1.70 -0.31 0.79 1.89 2.65 3.42 3.83 4.24 4.28 4.32 4.01 3.69 3.06 2.43 1.53 0.64 -0.44 -1.52 -2.70 -3.88 -5.08 -6.28 -7.44 -8.60 -9.67 -10.74 -11.68 -12.63 -13.43 -14.23 -14.87 -15.51 -15.96 -16.41 -16.65 -16.89 -16.87 -16.85 -16.54 -16.23 -15.59 -14.95 -13.96 -12.98 -11.67 -10.37 -8.80 -7.23 -5.49 -3.75 -1.96 -0.17 1.56 3.30 4.91 6.53 8.01 9.49 10.87
-34.21 -31.70 -29.24 -26.78 -24.40 -22.02 -19.75 -17.47 -15.31 -13.15 -11.13 -9.10 -7.24 -5.37 -3.70 -2.03 -0.60 0.83 1.98 3.13 3.96 4.78 5.24 5.71 5.80 5.89 5.62 5.35 4.76 4.16 3.30 2.43 1.37 0.31 -0.87 -2.05 -3.26 -4.47 -5.66 -6.84 -7.95 -9.06 -10.05 -11.05 -11.91 -12.77 -13.48 -14.19 -14.71 -15.24 -15.55 -15.87 -15.92 -15.98 -15.74 -15.51 -14.94 -14.37 -13.46 -12.54 -11.31 -10.07 -8.58 -7.08 -5.42 -3.77 -2.06 -0.36 1.29 2.93 4.46 5.99 7.39 8.79 10.10
-32.71 -30.30 -27.92 -25.55 -23.24 -20.92 -18.69 -16.46 -14.32 -12.19 -10.17 -8.14 -6.26 -4.38 -2.68 -0.98 0.50 1.98 3.18 4.38 5.26 6.14 6.66 7.18 7.32 7.46 7.24 7.01 6.46 5.90 5.06 4.22 3.18 2.13 0.96 -0.22 -1.44 -2.67 -3.87 -5.08 -6.23 -7.37 -8.42 -9.47 -10.39 -11.31 -12.09 -12.87 -13.47 -14.07 -14.46 -14.85 -14.98 -15.11 -14.95 -14.78 -14.29 -13.79 -12.95 -12.11 -10.94 -9.78 -8.36 -6.94 -5.36 -3.78 -2.16 -0.54 1.01 2.57 4.01 5.45 6.77 8.09 9.33
-30.54 -28.29 -26.05 -23.81 -21.60 -19.40 -17.25 -15.10 -13.02 -10.94 -8.95 -6.96 -5.09 -3.23 -1.52 0.19 1.70 3.20 4.44 5.67 6.60 7.52 8.08 8.65 8.84 9.03 8.85 8.67 8.15 7.63 6.83 6.02 5.00 3.97 2.81 1.65 0.42 -0.81 -2.04 -3.27 -4.45 -5.63 -6.73 -7.82 -8.80 -9.79 -10.63 -11.47 -12.15 -12.82 -13.28 -13.75 -13.96 -14.17 -14.08 -13.99 -13.57 -13.15 -12.39 -11.63 -10.55 -9.47 -8.13 -6.80 -5.32 -3.83 -2.32 -0.80 0.66 2.11 3.45 4.79 6.02 7.26 8.43
-28.37 -26.28 -24.18 -22.07 -19.97 -17.87 -15.80 -13.73 -11.71 -9.69 -7.73 -5.78 -3.92 -2.07 -0.35 1.37 2.89 4.42 5.69 6.97 7.93 8.90 9.51 10.12 10.36 10.60 10.46 10.33 9.85 9.37 8.60 7.82 6.82 5.82 4.66 3.51 2.28 1.04 -0.21 -1.46 -2.67 -3.89 -5.03 -6.17 -7.22 -8.26 -9.17 -10.08 -10.83 -11.57 -12.11 -12.65 -12.94 -13.22 -13.21 -13.20 -12.86 -12.52 -11.83 -11.15 -10.15 -9.15 -7.91 -6.67 -5.28 -3.89 -2.47 -1.05 0.30 1.65 2.90 4.14 5.28 6.42 7.52
-25.47 -23.60 -21.68 -19.76 -17.82 -15.87 -13.93 -11.98 -10.05 -8.13 -6.24 -4.35 -2.54 -0.72 0.98 2.68 4.20 5.73 7.03 8.32 9.31 10.31 10.96 11.61 11.89 12.17 12.08 11.99 11.55 11.11 10.38 9.64 8.66 7.68 6.54 5.40 4.16 2.92 1.66 0.39 -0.86 -2.11 -3.30 -4.49 -5.59 -6.69 -7.67 -8.65 -9.47 -10.28 -10.90 -11.51 -11.88 -12.24 -12.31 -12.37 -12.11 -11.85 -11.25 -10.66 -9.75 -8.84 -7.70 -6.55 -5.27 -3.99 -2.68 -1.38 -0.14 1.10 2.24 3.38 4.42 5.47 6.49
-22.57 -20.92 -19.19 -17.46 -15.67 -13.88 -12.05 -10.23 -8.40 -6.57 -4.75 -2.93 -1.15 0.62 2.31 3.99 5.52 7.05 8.36 9.67 10.70 11.72 12.41 13.10 13.43 13.75 13.70 13.65 13.26 12.86 12.15 11.45 10.50 9.54 8.41 7.28 6.05 4.81 3.52 2.23 0.95 -0.33 -1.57 -2.81 -3.97 -5.13 -6.17 -7.22 -8.11 -9.00 -9.68 -10.37 -10.81 -11.25 -11.40 -11.55 -11.37 -11.19 -10.68 -10.16 -9.35 -8.53 -7.49 -6.44 -5.27 -4.09 -2.90 -1.70 -0.57 0.56 1.58 2.61 3.57 4.52 5.46
-18.90 -17.53 -16.04 -14.55 -12.96 -11.38 -9.72 -8.07 -6.37 -4.67 -2.95 -1.23 0.47 2.17 3.81 5.45 6.96 8.47 9.78 11.09 12.13 13.18 13.90 14.61 14.97 15.33 15.33 15.32 14.96 14.60 13.93 13.26 12.33 11.40 10.28 9.17 7.92 6.68 5.38 4.07 2.75 1.43 0.15 -1.14 -2.36 -3.58 -4.69 -5.80 -6.76 -7.72 -8.48 -9.24 -9.76 -10.27 -10.50 -10.72 -10.63 -10.53 -10.10 -9.68 -8.96 -8.25 -7.31 -6.37 -5.31 -4.24 -3.17 -2.10 -1.09 -0.08 0.84 1.75 2.60 3.45 4.31
-15.23 -14.15 -12.90 -11.64 -10.26 -8.88 -7.39 -5.90 -4.34 -2.77 -1.15 0.46 2.09 3.72 5.32 6.91 8.40 9.89 11.20 12.51 13.57 14.63 15.38 16.12 16.52 16.92 16.95 16.98 16.66 16.34 15.70 15.06 14.16 13.26 12.15 11.05 9.80 8.56 7.23 5.91 4.55 3.20 1.87 0.53 -0.75 -2.02 -3.20 -4.37 -5.40 -6.44 -7.27 -8.11 -8.70 -9.29 -9.60 -9.90 -9.88 -9.87 -9.53 -9.20 -8.58 -7.96 -7.12 -6.29 -5.34 -4.40 -3.44 -2.49 -1.60 -0.71 0.09 0.89 1.64 2.39 3.15
-10.84 -10.08 -9.12 -8.16 -7.02 -5.88 -4.60 -3.33 -1.93 -0.54 0.95 2.43 3.95 5.48 7.00 8.52 9.97 11.42 12.71 14.00 15.06 16.12 16.88 17.65 18.07 18.49 18.56 18.62 18.33 18.05 17.44 16.83 15.95 15.07 13.97 12.87 11.62 10.37 9.02 7.67 6.28 4.90 3.51 2.13 0.79 -0.54 -1.78 -3.02 -4.12 -5.22 -6.12 -7.03 -7.70 -8.36 -8.74 -9.12 -9.18 -9.25 -9.00 -8.76 -8.24 -7.71 -6.99 -6.26 -5.44 -4.61 -3.78 -2.95 -2.19 -1.42 -0.74 -0.06 0.58 1.22 1.89
-6.44 -6.02 -5.34 -4.67 -3.78 -2.89 -1.82 -0.75 0.48 1.70 3.04 4.39 5.81 7.24 8.69 10.14 11.54 12.94 14.21 15.49 16.55 17.61 18.39 19.17 19.62 20.07 20.17 20.26 20.01 19.76 19.18 18.60 17.74 16.87 15.78 14.70 13.44 12.18 10.81 9.44 8.02 6.59 5.16 3.73 2.33 0.94 -0.36 -1.67 -2.83 -4.00 -4.98 -5.95 -6.69 -7.43 -7.88 -8.34 -8.48 -8.63 -8.48 -8.32 -7.89 -7.47 -6.85 -6.24 -5.53 -4.82 -4.11 -3.41 -2.77 -2.13 -1.57 -1.01 -0.49 0.04 0.62
-1.48 -1.41 -1.05 -0.69 -0.08 0.53 1.36 2.19 3.21 4.23 5.41 6.59 7.88 9.18 10.53 11.88 13.22 14.55 15.79 17.02 18.07 19.11 19.89 20.68 21.14 21.61 21.73 21.85 21.62 21.39 20.83 20.27 19.42 18.57 17.49 16.40 15.13 13.86 12.47 11.07 9.61 8.15 6.67 5.19 3.74 2.29 0.93 -0.43 -1.66 -2.89 -3.93 -4.98 -5.78 -6.58 -7.11 -7.64 -7.86 -8.08 -8.01 -7.94 -7.61 -7.29 -6.78 -6.27 -5.68 -5.09 -4.51 -3.93 -3.42 -2.91 -2.48 -2.04 -1.63 -1.22 -0.75
3.49 3.21 3.25 3.29 3.62 3.95 4.54 5.13 5.94 6.76 7.77 8.78 9.95 11.11 12.37 13.62 14.89 16.16 17.36 18.55 19.58 20.61 21.40 22.18 22.66 23.14 23.29 23.43 23.22 23.02 22.48 21.94 21.11 20.27 19.19 18.10 16.82 15.54 14.12 12.70 11.20 9.70 8.18 6.65 5.15 3.64 2.22 0.80 -0.50 -1.79 -2.89 -4.00 -4.87 -5.74 -6.34 -6.93 -7.24 -7.54 -7.55 -7.56 -7.33 -7.10 -6.70 -6.30 -5.83 -5.36 -4.90 -4.45 -4.07 -3.69 -3.38 -3.07 -2.77 -2.48 -2.11
8.75 8.12 7.84 7.56 7.60 7.63 7.96 8.29 8.89 9.48 10.31 11.14 12.15 13.16 14.30 15.44 16.63 17.81 18.95 20.09 21.09 22.08 22.86 23.63 24.11 24.60 24.75 24.90 24.71 24.52 23.99 23.46 22.63 21.80 20.71 19.62 18.32 17.02 15.58 14.13 12.60 11.06 9.49 7.92 6.37 4.82 3.34 1.86 0.52 -0.83 -1.99 -3.16 -4.09 -5.02 -5.68 -6.33 -6.71 -7.08 -7.17 -7.26 -7.12 -6.98 -6.69 -6.39 -6.04 -5.68 -5.35 -5.02 -4.77 -4.52 -4.34 -4.16 -3.98 -3.80 -3.54
14.02 13.04 12.43 11.83 11.57 11.32 11.39 11.46 11.84 12.21 12.85 13.49 14.35 15.21 16.24 17.26 18.36 19.46 20.54 21.63 22.59 23.56 24.32 25.08 25.56 26.05 26.21 26.38 26.20 26.02 25.50 24.98 24.16 23.33 22.23 21.13 19.82 18.51 17.04 15.57 13.99 12.42 10.80 9.19 7.59 5.99 4.46 2.93 1.53 0.13 -1.09 -2.31 -3.30 -4.29 -5.01 -5.73 -6.18 -6.62 -6.79 -6.96 -6.92 -6.87 -6.68 -6.48 -6.24 -6.00 -5.80 -5.60 -5.47 -5.35 -5.30 -5.24 -5.18 -5.12 -4.98
19.18 17.89 16.99 16.08 15.55 15.02 14.84 14.66 14.81 14.95 15.40 15.85 16.56 17.27 18.16 19.06 20.07 21.07 22.09 23.10 24.03 24.95 25.68 26.42 26.89 27.37 27.53 27.69 27.51 27.33 26.81 26.30 25.46 24.63 23.52 22.41 21.08 19.75 18.25 16.75 15.15 13.54 11.89 10.24 8.60 6.95 5.38 3.81 2.37 0.92 -0.34 -1.61 -2.65 -3.69 -4.46 -5.24 -5.74 -6.25 -6.49 -6.74 -6.77 -6.81 -6.72 -6.62 -6.50 -6.37 -6.28 -6.20 -6.20 -6.21 -6.28 -6.35 -6.41 -6.47 -6.45
24.35 22.75 21.54 20.34 19.53 18.72 18.28 17.85 17.78 17.70 17.96 18.22 18.77 19.32 20.09 20.86 21.77 22.68 23.63 24.58 25.46 26.34 27.05 27.76 28.22 28.69 28.84 29.00 28.82 28.64 28.13 27.61 26.77 25.93 24.81 23.69 22.34 20.99 19.46 17.94 16.30 14.66 12.97 11.28 9.60 7.92 6.31 4.69 3.20 1.71 0.40 -0.91 -1.99 -3.08 -3.91 -4.74 -5.31 -5.88 -6.19 -6.51 -6.63 -6.76 -6.76 -6.77 -6.75 -6.73 -6.77 -6.80 -6.93 -7.06 -7.26 -7.45 -7.64 -7.83 -7.92
28.93 27.09 25.64 24.20 23.15 22.10 21.45 20.79 20.52 20.25 20.33 20.42 20.82 21.22 21.88 22.53 23.35 24.16 25.04 25.92 26.75 27.58 28.26 28.93 29.37 29.82 29.96 30.10 29.92 29.73 29.20 28.67 27.82 26.97 25.84 24.70 23.33 21.96 20.41 18.86 17.20 15.54 13.82 12.10 10.39 8.68 7.04 5.40 3.88 2.36 1.01 -0.33 -1.46 -2.58 -3.46 -4.34 -4.96 -5.58 -5.96 -6.34 -6.54 -6.74 -6.84 -6.94 -7.02 -7.11 -7.26 -7.41 -7.66 -7.91 -8.23 -8.55 -8.86 -9.16 -9.37
33.51 31.43 29.74 28.05 26.77 25.48 24.61 23.73 23.26 22.79 22.70 22.62 22.87 23.13 23.66 24.20 24.92 25.64 26.45 27.26 28.04 28.82 29.46 30.11 30.53 30.95 31.08 31.21 31.01 30.81 30.27 29.74 28.87 28.01 26.86 25.71 24.32 22.93 21.36 19.79 18.10 16.41 14.67 12.92 11.19 9.45 7.77 6.10 4.55 3.00 1.62 0.24 -0.92 -2.09 -3.01 -3.93 -4.60 -5.28 -5.73 -6.17 -6.45 -6.73 -6.92 -7.11 -7.29 -7.48 -7.75 -8.01 -8.38 -8.75 -9.20 -9.64 -10.07 -10.50 -10.83
37.00 34.78 32.93 31.09 29.64 28.19 27.15 26.12 25.50 24.88 24.66 24.44 24.58 24.72 25.15 25.59 26.24 26.88 27.63 28.37 29.11 29.84 30.45 31.06 31.45 31.84 31.96 32.07 31.85 31.63 31.08 30.53 29.65 28.77 27.60 26.43 25.03 23.62 22.04 20.45 18.75 17.05 15.29 13.53 11.78 10.03 8.34 6.65 5.09 3.52 2.12 0.72 -0.47 -1.66 -2.62 -3.58 -4.30 -5.02 -5.53 -6.04 -6.38 -6.73 -7.01 -7.28 -7.56 -7.85 -8.22 -8.59 -9.07 -9.56 -10.12 -10.68 -11.23 -11.78 -12.23
40.48 38.13 36.12 34.12 32.51 30.90 29.70 28.50 27.73 26.96 26.61 26.26 26.28 26.31 26.65 26.99 27.56 28.12 28.81 29.49 30.17 30.86 31.43 32.01 32.37 32.74 32.83 32.92 32.69 32.46 31.89 31.32 30.42 29.53 28.34 27.16 25.74 24.32 22.72 21.12 19.40 17.68 15.91 14.14 12.38 10.61 8.91 7.21 5.62 4.04 2.62 1.19 -0.02 -1.24 -2.24 -3.23 -4.00 -4.76 -5.33 -5.90 -6.32 -6.74 -7.10 -7.45 -7.83 -8.21 -8.69 -9.17 -9.76 -10.36 -11.04 -11.72 -12.39 -13.06 -13.63
42.45 40.07 38.02 35.97 34.29 32.60 31.33 30.06 29.21 28.36 27.93 27.50 27.46 27.42 27.70 27.98 28.50 29.01 29.65 30.30 30.94 31.59 32.13 32.68 33.02 33.36 33.43 33.49 33.24 32.99 32.40 31.81 30.91 30.00 28.80 27.61 26.18 24.75 23.14 21.54 19.82 18.10 16.33 14.57 12.80 11.04 9.34 7.64 6.05 4.46 3.04 1.61 0.37 -0.87 -1.89 -2.91 -3.71 -4.52 -5.14 -5.76 -6.25 -6.74 -7.17 -7.61 -8.07 -8.54 -9.12 -9.69 -10.40 -11.10 -11.89 -12.68 -13.46 -14.25 -14.93
44.42 42.02 39.92 37.81 36.06 34.31 32.96 31.61 30.68 29.75 29.25 28.75 28.64 28.53 28.75 28.98 29.44 29.91 30.50 31.10 31.71 32.32 32.83 33.35 33.66 33.98 34.02 34.07 33.80 33.52 32.92 32.31 31.39 30.47 29.26 28.05 26.61 25.18 23.57 21.96 20.24 18.52 16.76 14.99 13.23 11.47 9.77 8.07 6.48 4.89 3.46 2.02 0.76 -0.49 -1.54 -2.59 -3.43 -4.28 -4.95 -5.62 -6.18 -6.73 -7.24 -7.76 -8.32 -8.87 -9.55 -10.22 -11.03 -11.83 -12.73 -13.63 -14.54 -15.44 -16.24
44.60 42.30 40.26 38.22 36.50 34.79 33.45 32.12 31.19 30.27 29.77 29.26 29.15 29.03 29.25 29.46 29.91 30.36 30.94 31.52 32.11 32.70 33.19 33.68 33.98 34.28 34.30 34.33 34.04 33.75 33.13 32.51 31.58 30.64 29.43 28.22 26.79 25.35 23.75 22.15 20.45 18.74 17.00 15.25 13.51 11.77 10.09 8.41 6.83 5.25 3.82 2.39 1.13 -0.13 -1.20 -2.27 -3.15 -4.03 -4.75 -5.47 -6.09 -6.70 -7.29 -7.88 -8.52 -9.16 -9.92 -10.68 -11.58 -12.49 -13.49 -14.49 -15.50 -16.52 -17.43
44.77 42.58 40.60 38.62 36.94 35.26 33.94 32.62 31.71 30.79 30.29 29.78 29.66 29.54 29.74 29.94 30.38 30.81 31.37 31.94 32.51 33.08 33.55 34.02 34.30 34.57 34.58 34.59 34.28 33.97 33.34 32.71 31.76 30.82 29.61 28.39 26.96 25.52 23.93 22.34 20.65 18.97 17.24 15.51 13.79 12.07 10.40 8.74 7.18 5.61 4.18 2.75 1.49 0.22 -0.87 -1.96 -2.87 -3.79 -4.56 -5.32 -6.00 -6.68 -7.34 -7.99 -8.72 -9.44 -10.29 -11.14 -12.14 -13.14 -14.25 -15.35 -16.47 -17.59 -18.62
43.09 41.11 39.31 37.50 35.95 34.41 33.20 31.99 31.17 30.34 29.91 29.48 29.41 29.35 29.59 29.83 30.29 30.75 31.33 31.90 32.47 33.05 33.52 33.98 34.25 34.51 34.51 34.50 34.18 33.87 33.23 32.59 31.64 30.70 29.49 28.28 26.86 25.44 23.88 22.31 20.65 18.99 17.30 15.60 13.92 12.24 10.61 8.98 7.45 5.91 4.50 3.08 1.82 0.56 -0.54 -1.64 -2.59 -3.53 -4.34 -5.16 -5.89 -6.63 -7.35 -8.08 -8.88 -9.68 -10.61 -11.54 -12.63 -13.72 -14.92 -16.12 -17.34 -18.56 -19.69
41.41 39.65 38.01 36.37 34.96 33.55 32.46 31.36 30.63 29.90 29.54 29.18 29.17 29.16 29.44 29.72 30.21 30.69 31.28 31.87 32.44 33.02 33.48 33.94 34.20 34.45 34.43 34.42 34.09 33.76 33.11 32.47 31.52 30.58 29.37 28.17 26.77 25.37 23.82 22.28 20.65 19.02 17.36 15.70 14.06 12.41 10.82 9.22 7.71 6.20 4.81 3.41 2.16 0.90 -0.22 -1.33 -2.30 -3.28 -4.13 -4.99 -5.78 -6.57 -7.37 -8.16 -9.04 -9.91 -10.93 -11.95 -13.12 -14.30 -15.59 -16.88 -18.21 -19.53 -20.76
38.00 36.53 35.14 33.76 32.58 31.40 30.50 29.60 29.03 28.46 28.24 28.02 28.13 28.23 28.60 28.97 29.52 30.07 30.70 31.32 31.92 32.53 33.00 33.47 33.73 33.99 33.97 33.95 33.62 33.30 32.65 32.01 31.07 30.14 28.96 27.77 26.40 25.03 23.52 22.02 20.43 18.85 17.25 15.64 14.04 12.45 10.90 9.36 7.89 6.42 5.06 3.69 2.45 1.20 0.08 -1.03 -2.03 -3.02 -3.92 -4.82 -5.66 -6.51 -7.37 -8.23 -9.17 -10.12 -11.21 -12.30 -13.56 -14.81 -16.19 -17.57 -18.98 -20.40 -21.73
34.58 33.41 32.28 31.16 30.20 29.24 28.54 27.83 27.43 27.03 26.95 26.87 27.09 27.30 27.76 28.22 28.83 29.44 30.11 30.78 31.41 32.03 32.52 33.00 33.26 33.52 33.50 33.49 33.16 32.83 32.19 31.55 30.63 29.70 28.54 27.38 26.03 24.69 23.22 21.75 20.22 18.68 17.13 15.57 14.03 12.49 10.99 9.49 8.07 6.64 5.31 3.97 2.74 1.51 0.38 -0.74 -1.75 -2.77 -3.71 -4.64 -5.54 -6.44 -7.36 -8.29 -9.30 -10.32 -11.49 -12.66 -13.99 -15.33 -16.79 -18.26 -19.76 -21.27 -22.70
29.69 28.86 28.06 27.26 26.59 25.91 25.47 25.02 24.84 24.66 24.78 24.89 25.26 25.64 26.22 26.80 27.51 28.22 28.95 29.69 30.36 31.03 31.54 32.05 32.33 32.61 32.60 32.60 32.28 31.97 31.35 30.73 29.83 28.93 27.80 26.67 25.37 24.07 22.66 21.24 19.77 18.30 16.81 15.31 13.84 12.37 10.93 9.50 8.13 6.76 5.47 4.17 2.96 1.76 0.64 -0.48 -1.51 -2.54 -3.51 -4.48 -5.43 -6.37 -7.36 -8.34 -9.43 -10.51 -11.75 -12.99 -14.39 -15.80 -17.34 -18.88 -20.47 -22.06 -23.58
